6.016531 1.696157 -0.066291 1.668609 1.907868 1.412070 2.440413 2.233798 -0.092308 -0.728486 -0.343413 0.022329 
5.956531 1.636157 -0.126291 1.608609 1.847868 1.352070 2.380413 2.173798 -0.152308 -0.788486 -0.403413 -0.037671 
4.782388 1.432533 0.724427 1.861508 1.178412 1.326886 2.801047 1.889340 -0.359191 -0.697689 -0.170643 0.011246 
4.722388 1.372533 0.664427 1.801508 1.118412 1.266886 2.741047 1.829340 -0.419191 -0.757689 -0.230643 -0.048754 
4.755823 1.294258 0.513143 1.840631 1.019007 0.604327 2.295676 2.337655 0.464804 -0.575656 -0.306284 -0.036258 
4.695823 1.234258 0.453143 1.780631 0.959007 0.544327 2.235676 2.277655 0.404804 -0.635656 -0.366284 -0.096258 
4.806190 2.207689 0.833543 1.274598 0.826677 0.633819 1.719514 1.705349 0.217110 -0.618809 -0.232776 -0.026945 
4.746190 2.147689 0.773543 1.214598 0.766677 0.573819 1.659514 1.645349 0.157110 -0.678809 -0.292776 -0.086945 
4.359828 2.164055 0.732220 1.053243 1.553795 1.892477 2.260382 1.563685 -0.013947 -0.635901 -0.289042 -0.020299 
4.299828 2.104055 0.672220 0.993243 1.493795 1.832477 2.200382 1.503685 -0.073947 -0.695901 -0.349042 -0.080299 
5.022819 2.078205 0.205761 0.911523 1.526660 1.539622 1.959796 1.689587 0.166901 -0.656799 -0.367650 -0.041915 
4.962819 2.018205 0.145761 0.851523 1.466660 1.479622 1.899796 1.629587 0.106901 -0.716799 -0.427650 -0.101915 
4.061586 2.595378 1.752511 1.838851 1.678754 1.581783 1.982562 1.713598 0.404067 -0.382065 -0.128346 0.003914 
4.001586 2.535378 1.692511 1.778851 1.618754 1.521783 1.922562 1.653598 0.344067 -0.442065 -0.188346 -0.056086 
3.652408 2.238985 1.026582 0.811530 1.264448 1.749294 1.875507 1.174464 0.097738 -0.439479 -0.257060 -0.045208 
3.592408 2.178985 0.966582 0.751530 1.204448 1.689294 1.815507 1.114464 0.037738 -0.499479 -0.317060 -0.105208 
5.474337 2.272945 0.705046 1.096743 0.477762 -0.000406 1.109174 1.719955 0.863157 -0.034014 -0.204584 -0.082871 
5.414337 2.212945 0.645046 1.036743 0.417762 -0.060406 1.049174 1.659955 0.803157 -0.094014 -0.264584 -0.142871 
4.046444 2.614452 1.267193 0.860402 0.844695 0.855427 1.102310 1.160341 0.595779 -0.069254 -0.212149 -0.086030 
3.986444 2.554452 1.207193 0.800402 0.784695 0.795427 1.042310 1.100341 0.535779 -0.129254 -0.272149 -0.146030 
3.406476 2.498173 1.780370 1.488696 1.398163 1.354267 1.300236 0.918804 0.250223 -0.161383 -0.124253 -0.026246 
3.346476 2.438173 1.720370 1.428696 1.338163 1.294267 1.240236 0.858804 0.190223 -0.221383 -0.184253 -0.086246 
4.145950 2.686589 1.431547 1.061390 0.923963 0.764084 0.769398 0.637396 0.211986 -0.053974 -0.034850 -0.022552 
4.085950 2.626589 1.371547 1.001390 0.863963 0.704084 0.709398 0.577396 0.151986 -0.113974 -0.094850 -0.082552 
2.255880 1.771856 0.688127 -0.385611 0.114578 0.571539 0.545968 0.385465 -0.506395 0.068796 -0.116981 0.031978 
2.195880 1.711856 0.628127 -0.445611 0.054578 0.511539 0.485968 0.325465 -0.566395 0.008796 -0.176981 -0.028022 
1.468710 0.608652 0.025332 -0.368763 -0.613606 0.229708 -0.023446 0.280786 0.332633 -0.187899 -0.110734 -0.001560 
1.408710 0.548652 -0.034668 -0.428763 -0.673606 0.169708 -0.083446 0.220786 0.272633 -0.247899 -0.170734 -0.061560 
4.392219 3.130636 2.003082 0.949828 -0.016359 -0.282314 0.056949 0.049973 -0.218626 -0.237913 -0.026187 -0.022733 
4.332219 3.070636 1.943082 0.889828 -0.076359 -0.342314 -0.003051 -0.010027 -0.278626 -0.297913 -0.086187 -0.082733 
5.555542 3.297991 1.523886 0.653497 -0.522650 -1.255433 -0.134561 0.207231 -0.517118 -0.669457 -0.179217 -0.034259 
5.495542 3.237991 1.463886 0.593497 -0.582650 -1.315433 -0.194561 0.147231 -0.577118 -0.729457 -0.239217 -0.094259 
