4.143692 2.486943 1.296169 -0.059742 0.773532 1.048912 1.638394 1.776575 1.310485 0.532206 0.275370 0.038187 
4.083692 2.426943 1.236169 -0.119742 0.713532 0.988912 1.578394 1.716575 1.250485 0.472206 0.215370 -0.021813 
4.797033 2.661127 0.718599 -0.345590 -0.171828 0.005404 0.954498 1.405510 1.225606 0.500350 0.244572 0.006391 
4.737033 2.601127 0.658599 -0.405590 -0.231828 -0.054596 0.894498 1.345510 1.165606 0.440350 0.184572 -0.053609 
4.289679 2.308919 1.624619 -0.003844 -0.065313 -0.142160 0.205338 0.419809 0.824035 0.594882 0.264572 0.060163 
4.229679 2.248919 1.564619 -0.063844 -0.125313 -0.202160 0.145338 0.359809 0.764035 0.534882 0.204572 0.000163 
4.484585 2.087768 0.432723 -0.744167 -0.450912 -0.388889 0.296414 0.640714 0.287149 -0.077755 0.077323 -0.010841 
4.424585 2.027768 0.372723 -0.804167 -0.510912 -0.448889 0.236414 0.580714 0.227149 -0.137755 0.017323 -0.070841 
5.249124 2.172348 -0.040790 -1.173503 -0.437373 0.307161 1.649685 2.463911 1.207410 -0.020903 0.014093 -0.051797 
5.189124 2.112348 -0.100790 -1.233503 -0.497373 0.247161 1.589685 2.403911 1.147410 -0.080903 -0.045907 -0.111797 
5.087840 1.904543 0.431271 -0.130551 -1.100836 -0.294823 2.058550 1.696677 0.655711 0.055260 0.132447 -0.041684 
5.027840 1.844543 0.371271 -0.190551 -1.160836 -0.354823 1.998550 1.636677 0.595711 -0.004740 0.072447 -0.101684 
4.120275 2.315091 1.696737 -1.540192 1.361926 0.546414 1.647663 1.677678 1.077012 0.086642 0.211691 0.042709 
4.060275 2.255091 1.636737 -1.600192 1.301926 0.486414 1.587663 1.617678 1.017012 0.026642 0.151691 -0.017291 
4.445977 2.502799 0.540450 -0.460524 0.053438 0.812922 1.650241 1.287087 0.378167 -0.138420 -0.112006 -0.058136 
4.385977 2.442799 0.480450 -0.520524 -0.006562 0.752922 1.590241 1.227087 0.318167 -0.198420 -0.172006 -0.118136 
3.333256 2.283723 1.786450 1.334626 1.595866 1.270266 1.180209 1.099404 0.694731 0.299988 0.129546 0.039775 
3.273256 2.223723 1.726450 1.274626 1.535866 1.210266 1.120209 1.039404 0.634731 0.239988 0.069546 -0.020225 
3.466932 1.645288 2.205707 -0.246954 1.965825 0.641882 0.714732 0.488971 1.066128 0.128320 -0.002835 0.050150 
3.406932 1.585288 2.145707 -0.306954 1.905825 0.581882 0.654732 0.428971 1.006128 0.068320 -0.062835 -0.009850 
2.788224 2.093560 1.797124 1.117884 0.849177 0.636301 0.580101 0.365860 0.313191 0.185456 0.038408 0.015774 
2.728224 2.033560 1.737124 1.057884 0.789177 0.576301 0.520101 0.305860 0.253191 0.125456 -0.021592 -0.044226 
3.440493 2.122192 1.360121 0.712867 0.581758 -0.161675 -0.169523 -0.049671 0.125608 0.018353 -0.002404 0.003721 
3.380493 2.062192 1.300121 0.652867 0.521758 -0.221675 -0.229523 -0.109671 0.065608 -0.041647 -0.062404 -0.056279 
4.818948 1.720896 0.467612 0.939052 0.931437 -1.283357 -1.381151 -0.228115 0.598068 0.226309 -0.061152 -0.045301 
4.758948 1.660896 0.407612 0.879052 0.871437 -1.343357 -1.441151 -0.288115 0.538068 0.166309 -0.121152 -0.105301 
4.528254 2.401954 1.128278 -0.115277 -0.429000 -1.200286 -0.711216 -0.069378 0.213944 0.041676 0.013537 0.005219 
4.468254 2.341954 1.068278 -0.175277 -0.489000 -1.260286 -0.771216 -0.129378 0.153944 -0.018324 -0.046463 -0.054781 
4.014581 0.400058 1.403949 0.602688 -0.634720 -0.664160 2.774179 0.328023 -0.691164 0.047079 -0.088813 -0.085485 
3.954581 0.340058 1.343949 0.542688 -0.694720 -0.724160 2.714179 0.268023 -0.751164 -0.012921 -0.148813 -0.145485 
4.776948 1.278937 0.620249 -0.834994 -1.917642 -0.561688 1.770285 -0.486344 -0.746116 -0.097169 -0.230282 -0.111312 
4.716948 1.218937 0.560249 -0.894994 -1.977642 -0.621688 1.710285 -0.546344 -0.806116 -0.157169 -0.290282 -0.171312 
