4.547289 2.523892 0.934281 0.141002 0.299021 0.350480 1.256989 1.543234 1.207660 0.688406 0.306264 0.030274 
4.487289 2.463892 0.874281 0.081002 0.239021 0.290480 1.196989 1.483234 1.147660 0.628406 0.246264 -0.029726 
5.126096 2.641644 0.414069 -0.575193 -0.259948 -0.385722 0.857699 1.277320 1.303620 0.458652 0.214661 0.008325 
5.066096 2.581644 0.354069 -0.635193 -0.319948 -0.445722 0.797699 1.217320 1.243620 0.398652 0.154661 -0.051675 
4.547460 2.586409 1.381644 0.517600 0.776023 -0.104041 0.372490 0.702316 1.407965 0.939388 0.302416 0.054464 
4.487460 2.526409 1.321644 0.457600 0.716023 -0.164041 0.312490 0.642316 1.347965 0.879388 0.242416 -0.005536 
4.279545 2.207945 1.629690 -0.034674 -0.007345 -0.295276 0.037920 0.565042 0.752335 0.585297 0.309355 0.065239 
4.219545 2.147945 1.569690 -0.094674 -0.067345 -0.355276 -0.022080 0.505042 0.692335 0.525297 0.249355 0.005239 
3.520777 2.361845 1.875572 1.391445 1.485285 1.263786 1.238914 1.125611 0.716895 0.334082 0.156005 0.043456 
3.460777 2.301845 1.815572 1.331445 1.425285 1.203786 1.178914 1.065611 0.656895 0.274082 0.096005 -0.016544 
4.115952 2.274826 1.499792 0.679863 0.873205 0.269661 0.644747 0.971846 0.637402 0.390888 0.158861 0.021127 
4.055952 2.214826 1.439792 0.619863 0.813205 0.209661 0.584747 0.911846 0.577402 0.330888 0.098861 -0.038873 
2.107329 1.406683 1.581799 1.287585 1.008134 0.593434 0.791416 0.149104 0.188830 0.291311 0.017060 0.026398 
2.047329 1.346683 1.521799 1.227585 0.948134 0.533434 0.731416 0.089104 0.128830 0.231311 -0.042940 -0.033602 
4.029290 2.391257 1.712158 1.014106 1.334864 0.475440 0.363602 0.286017 -0.028154 -0.358672 -0.210178 -0.033397 
3.969290 2.331257 1.652158 0.954106 1.274864 0.415440 0.303602 0.226017 -0.088154 -0.418672 -0.270178 -0.093397 
5.292334 2.336463 0.121447 -1.248948 -0.372513 0.335730 1.586921 2.512434 1.389202 0.081847 0.069608 -0.048818 
5.232334 2.276463 0.061447 -1.308948 -0.432513 0.275730 1.526921 2.452434 1.329202 0.021847 0.009608 -0.108818 
5.168387 1.880833 0.247780 -0.151931 -1.133082 -0.232682 2.206895 1.807061 0.621207 -0.011390 0.069977 -0.052708 
5.108387 1.820833 0.187780 -0.211931 -1.193082 -0.292682 2.146895 1.747061 0.561207 -0.071390 0.009977 -0.112708 
4.712054 2.402077 0.261721 -0.751846 0.104156 0.650397 1.490641 1.471455 0.615005 -0.114159 -0.027951 -0.048857 
4.652054 2.342077 0.201721 -0.811846 0.044156 0.590397 1.430641 1.411455 0.555005 -0.174159 -0.087951 -0.108857 
5.517438 1.520490 -0.772074 -0.414377 0.234470 -0.459310 1.170362 1.865978 0.755840 -0.486793 -0.239322 -0.044319 
5.457438 1.460490 -0.832074 -0.474377 0.174470 -0.519310 1.110362 1.805978 0.695840 -0.546793 -0.299322 -0.104319 
4.705097 2.285412 0.459808 -0.657879 -0.351346 -0.322881 0.404767 0.708882 0.358336 0.004588 0.102258 -0.009985 
4.645097 2.225412 0.399808 -0.717879 -0.411346 -0.382881 0.344767 0.648882 0.298336 -0.055412 0.042258 -0.069985 
5.574741 1.325877 -0.009825 -0.714078 -0.119405 -2.897740 0.007458 0.121049 0.436674 -0.174078 -0.246163 0.058957 
5.514741 1.265877 -0.069825 -0.774078 -0.179405 -2.957740 -0.052542 0.061049 0.376674 -0.234078 -0.306163 -0.001043 
4.350776 0.605221 0.990791 -0.036061 -0.469676 -0.330112 3.205747 0.401138 -0.569877 0.035852 -0.160199 -0.085690 
4.290776 0.545221 0.930791 -0.096061 -0.529676 -0.390112 3.145747 0.341138 -0.629877 -0.024148 -0.220199 -0.145690 
4.873426 1.243369 0.644601 -0.644300 -1.882940 -0.569158 1.857263 -0.415252 -0.793141 -0.123028 -0.228656 -0.123029 
4.813426 1.183369 0.584601 -0.704300 -1.942940 -0.629158 1.797263 -0.475252 -0.853141 -0.183028 -0.288656 -0.183029 
