3.494656 3.081161 2.677847 2.259539 1.931585 1.650029 1.337869 0.976408 0.633845 0.386375 0.230738 0.078529 
3.434656 3.021161 2.617847 2.199539 1.871585 1.590029 1.277869 0.916408 0.573845 0.326375 0.170738 0.018529 
3.103996 2.635813 2.386512 2.070668 1.755703 1.456682 1.184761 0.927178 0.686255 0.478468 0.268461 0.071487 
3.043996 2.575813 2.326512 2.010668 1.695703 1.396682 1.124761 0.867178 0.626255 0.418468 0.208461 0.011487 
3.432563 2.663003 2.195568 1.745678 1.640468 1.458064 1.212603 0.752176 0.329888 0.167353 0.145167 0.032317 
3.372563 2.603003 2.135568 1.685678 1.580468 1.398064 1.152603 0.692176 0.269888 0.107353 0.085167 -0.027683 
3.731241 2.605987 1.898134 1.303865 1.169404 1.006516 0.770734 0.639910 0.444094 0.335302 0.257257 0.035318 
3.671241 2.545987 1.838134 1.243865 1.109404 0.946516 0.710734 0.579910 0.384094 0.275302 0.197257 -0.024682 
4.505984 2.824634 1.852398 1.317945 1.775532 1.807663 1.533010 0.652514 -0.085484 -0.106358 0.190831 0.073884 
4.445984 2.764634 1.792398 1.257945 1.715532 1.747663 1.473010 0.592514 -0.145484 -0.166358 0.130831 0.013884 
4.592935 2.977005 1.844640 0.861243 1.270288 1.167157 1.043051 0.558508 -0.121354 -0.078489 0.185277 0.062821 
4.532935 2.917005 1.784640 0.801243 1.210288 1.107157 0.983051 0.498508 -0.181354 -0.138489 0.125277 0.002821 
3.963337 2.667493 1.855877 1.656329 1.540610 0.900980 0.363587 0.141395 0.070728 0.223814 0.112120 0.014989 
3.903337 2.607493 1.795877 1.596329 1.480610 0.840980 0.303587 0.081395 0.010728 0.163814 0.052120 -0.045011 
4.248900 3.267895 2.161369 1.143657 1.086638 0.054415 0.029420 -0.007331 0.017964 0.061316 -0.089286 -0.028818 
4.188900 3.207895 2.101369 1.083657 1.026638 -0.005585 -0.030580 -0.067331 -0.042036 0.001316 -0.149286 -0.088818 
4.710275 3.574410 2.083403 0.564006 -0.124246 -0.091104 0.363027 0.661287 0.632264 0.491778 0.199780 0.034845 
4.650275 3.514410 2.023403 0.504006 -0.184246 -0.151104 0.303027 0.601287 0.572264 0.431778 0.139780 -0.025155 
4.146965 3.237263 2.089536 1.093954 0.583457 0.284322 0.330402 0.359201 0.368048 0.305488 0.132165 0.023539 
4.086965 3.177263 2.029536 1.033954 0.523457 0.224322 0.270402 0.299201 0.308048 0.245488 0.072165 -0.036461 
4.686753 3.698290 2.484926 0.914095 0.026472 -0.368063 -0.101491 0.181369 0.373786 0.391722 0.174263 0.047951 
4.626753 3.638290 2.424926 0.854095 -0.033528 -0.428063 -0.161491 0.121369 0.313786 0.331722 0.114263 -0.012049 
4.516117 3.216917 1.682347 0.494885 -0.030537 -0.092525 0.191966 0.201571 0.096157 -0.008170 -0.026221 -0.031740 
4.456117 3.156917 1.622347 0.434885 -0.090537 -0.152525 0.131966 0.141571 0.036157 -0.068170 -0.086221 -0.091740 
6.248077 1.688973 0.072730 0.781006 -0.615451 -1.069538 0.963305 1.882386 0.169151 -0.405686 -0.059955 0.018175 
6.188077 1.628973 0.012730 0.721006 -0.675451 -1.129538 0.903305 1.822386 0.109151 -0.465686 -0.119955 -0.041825 
4.994136 3.690681 1.561528 -0.377872 -1.061476 -0.436786 0.478207 0.971132 0.491260 0.020401 -0.024612 -0.066856 
4.934136 3.630681 1.501528 -0.437872 -1.121476 -0.496786 0.418207 0.911132 0.431260 -0.039599 -0.084612 -0.126856 
5.614856 3.018117 1.526931 0.951449 0.169984 -0.227867 0.743487 0.396682 -0.319385 -0.026873 0.037141 -0.001642 
5.554856 2.958117 1.466931 0.891449 0.109984 -0.287867 0.683487 0.336682 -0.379385 -0.086873 -0.022859 -0.061642 
5.641023 3.387543 1.457074 0.121188 -0.999689 -0.840845 0.154769 0.170429 -0.318748 -0.283397 -0.070294 -0.031919 
5.581023 3.327543 1.397074 0.061188 -1.059689 -0.900845 0.094769 0.110429 -0.378748 -0.343397 -0.130294 -0.091919 
