2.592713 2.142957 2.234541 1.724086 1.389654 1.572608 1.413380 0.723633 0.786862 0.162751 0.251553 0.070996 
2.532713 2.082957 2.174541 1.664086 1.329654 1.512608 1.353380 0.663633 0.726862 0.102751 0.191553 0.010996 
3.680329 3.090377 2.227243 1.797434 1.942327 2.300747 1.832438 0.824287 0.065770 -0.041296 0.139359 0.057038 
3.620329 3.030377 2.167243 1.737434 1.882327 2.240747 1.772438 0.764287 0.005770 -0.101296 0.079359 -0.002962 
3.327847 2.853509 2.395336 1.867341 1.449838 1.183866 0.999424 0.863865 0.678416 0.467637 0.287588 0.079860 
3.267847 2.793509 2.335336 1.807341 1.389838 1.123866 0.939424 0.803865 0.618416 0.407637 0.227588 0.019860 
2.972755 2.555645 2.303846 1.210084 0.904100 0.890048 0.900207 0.865268 0.908540 0.519749 0.235231 0.047744 
2.912755 2.495645 2.243846 1.150084 0.844100 0.830048 0.840207 0.805268 0.848540 0.459749 0.175231 -0.012256 
4.284703 3.318895 2.839981 2.109143 0.516434 -0.023463 1.189812 1.260757 0.288932 0.121967 0.336153 0.090505 
4.224703 3.258895 2.779981 2.049143 0.456434 -0.083463 1.129812 1.200757 0.228932 0.061967 0.276153 0.030505 
3.907794 3.207811 2.247339 1.191883 0.795259 0.367429 0.465683 0.506269 0.398115 0.361179 0.356988 0.086119 
3.847794 3.147811 2.187339 1.131883 0.735259 0.307429 0.405683 0.446269 0.338115 0.301179 0.296988 0.026119 
3.863671 3.210122 2.486582 1.467128 0.829618 0.362739 0.141381 0.113595 0.136000 0.309770 0.399804 0.098515 
3.803671 3.150122 2.426582 1.407128 0.769618 0.302739 0.081381 0.053595 0.076000 0.249770 0.339804 0.038515 
3.688566 2.910148 2.076919 1.104291 0.924086 0.415927 0.288051 0.130202 -0.085778 0.052435 0.158934 0.017482 
3.628566 2.850148 2.016919 1.044291 0.864086 0.355927 0.228051 0.070202 -0.145778 -0.007565 0.098934 -0.042518 
3.468122 2.888897 2.387427 1.955695 1.556051 0.894981 0.464552 -0.026006 -0.271040 -0.162750 0.015714 -0.027303 
3.408122 2.828897 2.327427 1.895695 1.496051 0.834981 0.404552 -0.086006 -0.331040 -0.222750 -0.044286 -0.087303 
3.698214 2.984621 2.273440 1.669338 1.249785 0.503641 0.223470 -0.275025 -0.485734 -0.261822 0.073044 -0.013017 
3.638214 2.924621 2.213440 1.609338 1.189785 0.443641 0.163470 -0.335025 -0.545734 -0.321822 0.013044 -0.073017 
4.563149 2.902129 2.385047 1.223017 1.942817 -0.519392 0.913620 -0.374455 -0.215925 0.282380 -0.143001 0.030451 
4.503149 2.842129 2.325047 1.163017 1.882817 -0.579392 0.853620 -0.434455 -0.275925 0.222380 -0.203001 -0.029549 
4.050543 3.301291 2.528300 1.384160 2.020997 -0.147980 0.441169 -0.311187 -0.791633 -0.189796 -0.007906 0.004762 
3.990543 3.241291 2.468300 1.324160 1.960997 -0.207980 0.381169 -0.371187 -0.851633 -0.249796 -0.067906 -0.055238 
4.202934 3.643416 2.739796 1.487164 0.411593 -0.365949 -0.430256 -0.211401 0.194950 0.495795 0.515969 0.163632 
4.142934 3.583416 2.679796 1.427164 0.351593 -0.425949 -0.490256 -0.271401 0.134950 0.435795 0.455969 0.103632 
3.765262 3.091485 2.471849 1.330069 0.732912 -0.078310 -0.264967 -0.341224 -0.276078 0.081120 0.256796 0.042828 
3.705262 3.031485 2.411849 1.270069 0.672912 -0.138310 -0.324967 -0.401224 -0.336078 0.021120 0.196796 -0.017172 
4.006668 3.226213 1.786043 0.159846 -0.242363 0.150276 0.810974 0.868269 0.728209 0.362084 0.062817 -0.021972 
3.946668 3.166213 1.726043 0.099846 -0.302363 0.090276 0.750974 0.808269 0.668209 0.302084 0.002817 -0.081972 
3.499775 2.130444 0.611439 -0.777434 -0.962907 -0.672078 -0.127222 0.151192 -0.041604 -0.008976 0.037653 0.031423 
3.439775 2.070444 0.551439 -0.837434 -1.022907 -0.732078 -0.187222 0.091192 -0.101604 -0.068976 -0.022347 -0.028577 
