3.626069 3.419281 3.102260 2.886541 2.673011 2.088468 1.640372 1.090102 0.655179 0.367626 0.033418 0.055514 
3.566069 3.359281 3.042260 2.826541 2.613011 2.028468 1.580372 1.030102 0.595179 0.307626 -0.026582 -0.004486 
3.536505 3.272036 2.998428 2.678700 2.318793 1.903425 1.400876 0.900743 0.412589 0.241158 0.064514 0.039228 
3.476505 3.212036 2.938428 2.618700 2.258793 1.843425 1.340876 0.840743 0.352589 0.181158 0.004514 -0.020772 
3.203833 2.870240 2.625240 2.318517 1.981332 1.586154 1.144210 0.807804 0.423305 0.209324 0.047361 0.030040 
3.143833 2.810240 2.565240 2.258517 1.921332 1.526154 1.084210 0.747804 0.363305 0.149324 -0.012639 -0.029960 
2.935497 2.493695 2.202342 1.957663 1.688235 1.383865 1.062423 0.757946 0.439772 0.218744 0.097899 0.028602 
2.875497 2.433695 2.142342 1.897663 1.628235 1.323865 1.002423 0.697946 0.379772 0.158744 0.037899 -0.031398 
3.965516 3.804071 3.468161 2.877507 2.068428 1.317588 0.582308 0.075151 -0.248400 -0.236871 -0.043715 -0.043020 
3.905516 3.744071 3.408161 2.817507 2.008428 1.257588 0.522308 0.015151 -0.308400 -0.296871 -0.103715 -0.103020 
4.037135 3.833855 3.404080 2.673263 1.807788 0.898123 0.191441 -0.270975 -0.439265 -0.290987 -0.065362 -0.045738 
3.977135 3.773855 3.344080 2.613263 1.747788 0.838123 0.131441 -0.330975 -0.499265 -0.350987 -0.125362 -0.105738 
3.356301 3.001443 2.688195 2.217701 1.634399 1.027871 0.501595 0.115877 -0.095578 -0.136383 -0.069468 -0.032848 
3.296301 2.941443 2.628195 2.157701 1.574399 0.967871 0.441595 0.055877 -0.155578 -0.196383 -0.129468 -0.092848 
3.428910 3.039618 2.505976 1.909558 1.260407 0.651564 0.146965 -0.189199 -0.285467 -0.199970 0.008253 -0.031370 
3.368910 2.979618 2.445976 1.849558 1.200407 0.591564 0.086965 -0.249199 -0.345467 -0.259970 -0.051747 -0.091370 
4.345482 4.207189 3.726007 2.955657 1.876266 0.840384 -0.031231 -0.517183 -0.653335 -0.466686 -0.156346 -0.076230 
4.285482 4.147189 3.666007 2.895657 1.816266 0.780384 -0.091231 -0.577183 -0.713335 -0.526686 -0.216346 -0.136230 
4.439797 4.321872 3.737234 2.761867 1.532210 0.398702 -0.419745 -0.776434 -0.769737 -0.461847 -0.201201 -0.068649 
4.379797 4.261872 3.677234 2.701867 1.472210 0.338702 -0.479745 -0.836434 -0.829737 -0.521847 -0.261201 -0.128649 
4.251095 3.746103 3.103206 2.255786 1.195235 0.257930 -0.461170 -0.956223 -0.839558 -0.457404 -0.099291 -0.052875 
4.191095 3.686103 3.043206 2.195786 1.135235 0.197930 -0.521170 -1.016223 -0.899558 -0.517404 -0.159291 -0.112875 
4.647835 4.124699 3.087995 1.605103 0.868519 0.192899 -0.105521 -0.891904 -0.992759 -0.700386 -0.157879 -0.041273 
4.587835 4.064699 3.027995 1.545103 0.808519 0.132899 -0.165521 -0.951904 -1.052759 -0.760386 -0.217879 -0.101273 
3.966918 3.704494 3.081986 2.217385 1.319120 0.525176 -0.176987 -0.474926 -0.555637 -0.350738 -0.048788 -0.037671 
3.906918 3.644494 3.021986 2.157385 1.259120 0.465176 -0.236987 -0.534926 -0.615637 -0.410738 -0.108788 -0.097671 
3.665370 3.184669 2.528064 1.776791 1.003026 0.229601 -0.341433 -0.576656 -0.527787 -0.293200 -0.005935 -0.029829 
3.605370 3.124669 2.468064 1.716791 0.943026 0.169601 -0.401433 -0.636656 -0.587787 -0.353200 -0.065935 -0.089829 
4.054045 3.503519 2.609271 1.673145 0.743314 -0.047486 -0.613241 -0.877587 -0.748207 -0.386811 -0.055198 -0.023948 
3.994045 3.443519 2.549271 1.613145 0.683314 -0.107486 -0.673241 -0.937587 -0.808207 -0.446811 -0.115198 -0.083948 
4.439928 3.880443 2.745342 1.388399 0.297730 -0.544980 -0.840817 -0.907644 -0.636983 -0.310175 -0.151177 -0.026251 
4.379928 3.820443 2.685342 1.328399 0.237730 -0.604980 -0.900817 -0.967644 -0.696983 -0.370175 -0.211177 -0.086251 
