3.459459 3.021870 2.528205 2.190521 1.939994 1.534924 1.119853 0.741463 0.491372 0.308554 0.165145 0.054358 
3.399459 2.961870 2.468205 2.130521 1.879994 1.474924 1.059853 0.681463 0.431372 0.248554 0.105145 -0.005642 
4.604457 3.556288 2.112877 1.254237 1.999784 1.971809 1.868577 0.935475 -0.120167 -0.212569 -0.008655 0.029986 
4.544457 3.496288 2.052877 1.194237 1.939784 1.911809 1.808577 0.875475 -0.180167 -0.272569 -0.068655 -0.030014 
3.313048 2.887229 2.571601 1.890018 1.546897 0.953373 0.867730 0.555109 0.479735 0.392869 0.081918 0.027029 
3.253048 2.827229 2.511601 1.830018 1.486897 0.893373 0.807730 0.495109 0.419735 0.332869 0.021918 -0.032971 
3.093418 2.605980 2.219148 1.809595 1.426516 1.056922 0.698465 0.378106 0.106768 -0.013514 -0.036769 -0.040031 
3.033418 2.545980 2.159148 1.749595 1.366516 0.996922 0.638465 0.318106 0.046768 -0.073514 -0.096769 -0.100031 
3.527322 3.168699 2.735696 2.179813 1.658874 0.595516 0.040688 -0.463823 -0.466233 -0.236213 -0.066675 -0.049419 
3.467322 3.108699 2.675696 2.119813 1.598874 0.535516 -0.019312 -0.523823 -0.526233 -0.296213 -0.126675 -0.109419 
3.031111 2.598304 1.684832 1.146521 1.018607 0.428907 0.101965 -0.280113 -0.184831 0.123072 0.107933 -0.002069 
2.971111 2.538304 1.624832 1.086521 0.958607 0.368907 0.041965 -0.340113 -0.244831 0.063072 0.047933 -0.062069 
3.840637 3.148716 2.602060 1.971132 1.712235 0.340307 -0.666811 -1.050728 -0.794398 -0.356622 -0.156609 -0.084351 
3.780637 3.088716 2.542060 1.911132 1.652235 0.280307 -0.726811 -1.110728 -0.854398 -0.416622 -0.216609 -0.144351 
4.083044 3.322261 2.529022 1.828350 1.317782 0.008928 -0.905107 -1.297453 -0.943782 -0.492731 -0.150825 -0.073420 
4.023044 3.262261 2.469022 1.768350 1.257782 -0.051072 -0.965107 -1.357453 -1.003782 -0.552731 -0.210825 -0.133420 
0.184785 -0.074722 -0.952363 1.241770 -0.093398 -1.073915 -0.006575 0.865511 0.845930 -0.000898 -0.004801 0.002226 
0.124785 -0.134722 -1.012363 1.181770 -0.153398 -1.133915 -0.066575 0.805511 0.785930 -0.060898 -0.064801 -0.057774 
0.669472 0.518711 -0.449454 1.105120 0.021594 -0.776640 0.222380 1.272469 0.157407 -0.109835 0.122699 -0.040160 
0.609472 0.458711 -0.509454 1.045120 -0.038406 -0.836640 0.162380 1.212469 0.097407 -0.169835 0.062699 -0.100160 
1.181251 0.464068 -0.034518 -0.258006 -0.653286 -0.575316 0.205949 0.314424 -0.042248 0.401700 -0.018919 0.025877 
1.121251 0.404068 -0.094518 -0.318006 -0.713286 -0.635316 0.145949 0.254424 -0.102248 0.341700 -0.078919 -0.034123 
3.784647 1.802784 -0.445027 0.053087 0.593951 -0.684063 -0.896494 -0.169587 -0.270437 0.299644 -0.091891 -0.052274 
3.724647 1.742784 -0.505027 -0.006913 0.533951 -0.744063 -0.956494 -0.229587 -0.330437 0.239644 -0.151891 -0.112274 
3.453625 2.605978 1.903826 1.184111 0.608025 -0.222497 -0.742165 -0.885860 -0.698113 -0.423063 -0.126235 -0.065594 
3.393625 2.545978 1.843826 1.124111 0.548025 -0.282497 -0.802165 -0.945860 -0.758113 -0.483063 -0.186235 -0.125594 
4.484266 2.648696 2.165542 0.419892 1.142112 -0.707548 -0.889473 -0.824627 -0.894566 -0.644850 -0.174815 -0.042180 
4.424266 2.588696 2.105542 0.359892 1.082112 -0.767548 -0.949473 -0.884627 -0.954566 -0.704850 -0.234815 -0.102180 
4.599254 3.609295 2.340938 0.665159 -0.136726 -0.755843 -0.543639 -1.051931 -0.794124 -0.569495 -0.131643 -0.027012 
4.539254 3.549295 2.280938 0.605159 -0.196726 -0.815843 -0.603639 -1.111931 -0.854124 -0.629495 -0.191643 -0.087012 
4.552579 3.210205 2.126775 1.104335 0.668258 -0.478458 -1.102451 -1.681821 -1.202786 -0.495930 -0.125836 -0.031960 
4.492579 3.150205 2.066775 1.044335 0.608258 -0.538458 -1.162451 -1.741821 -1.262786 -0.555930 -0.185836 -0.091960 
