3.269431 2.820344 2.380213 1.936850 1.747634 1.447314 1.265788 0.943892 0.707352 0.383365 0.245856 0.069567 
3.209431 2.760344 2.320213 1.876850 1.687634 1.387314 1.205788 0.883892 0.647352 0.323365 0.185856 0.009567 
3.600064 3.008125 2.354755 1.855231 1.439283 1.208061 0.939703 0.689014 0.448372 0.219802 0.134194 0.046717 
3.540064 2.948125 2.294755 1.795231 1.379283 1.148061 0.879703 0.629014 0.388372 0.159802 0.074194 -0.013283 
3.897208 3.330478 2.704616 2.025076 1.405907 0.852957 0.549862 0.397989 0.280541 0.198780 0.153264 0.054179 
3.837208 3.270478 2.644616 1.965076 1.345907 0.792957 0.489862 0.337989 0.220541 0.138780 0.093264 -0.005821 
3.808068 3.194204 2.661963 2.189373 1.711760 1.173940 0.488120 0.021093 -0.045330 -0.012528 0.033069 0.013021 
3.748068 3.134204 2.601963 2.129373 1.651760 1.113940 0.428120 -0.038907 -0.105330 -0.072528 -0.026931 -0.046979 
3.658354 3.290084 2.917574 2.433109 1.891097 1.359452 0.858419 0.450532 0.195992 0.086813 0.091106 0.028125 
3.598354 3.230084 2.857574 2.373109 1.831097 1.299452 0.798419 0.390532 0.135992 0.026813 0.031106 -0.031875 
4.217053 3.912370 3.459844 2.878628 2.186758 1.418076 0.697661 0.215883 0.004031 -0.026860 0.091672 0.015690 
4.157053 3.852370 3.399844 2.818628 2.126758 1.358076 0.637661 0.155883 -0.055969 -0.086860 0.031672 -0.044310 
4.344860 3.677917 2.757811 1.996877 1.642911 1.381464 0.969523 0.421158 -0.127380 -0.354264 -0.053781 -0.017320 
4.284860 3.617917 2.697811 1.936877 1.582911 1.321464 0.909523 0.361158 -0.187380 -0.414264 -0.113781 -0.077320 
4.453587 3.627798 2.825256 2.423388 2.142017 1.644828 0.645329 -0.311557 -0.596674 -0.421110 -0.049353 -0.023132 
4.393587 3.567798 2.765256 2.363388 2.082017 1.584828 0.585329 -0.371557 -0.656674 -0.481110 -0.109353 -0.083132 
4.776646 2.363614 3.018442 3.599282 2.298280 1.854713 0.179654 -1.522741 -0.225672 0.313681 -0.096903 -0.101196 
4.716646 2.303614 2.958442 3.539282 2.238280 1.794713 0.119654 -1.582741 -0.285672 0.253681 -0.156903 -0.161196 
4.738428 2.971342 2.791357 2.805572 2.493681 2.003423 0.281325 -1.153106 -0.591418 0.067737 -0.025250 -0.046976 
4.678428 2.911342 2.731357 2.745572 2.433681 1.943423 0.221325 -1.213106 -0.651418 0.007737 -0.085250 -0.106976 
4.859649 2.978098 2.415563 3.075842 3.210678 1.739201 -0.352567 -1.038904 -0.280225 -0.005169 -0.041386 -0.074012 
4.799649 2.918098 2.355563 3.015842 3.150678 1.679201 -0.412567 -1.098904 -0.340225 -0.065169 -0.101386 -0.134012 
4.628885 2.853005 2.547746 3.287128 2.900907 1.030255 -0.867537 -0.989861 0.049945 0.092157 -0.244938 -0.125484 
4.568885 2.793005 2.487746 3.227128 2.840907 0.970255 -0.927537 -1.049861 -0.010055 0.032157 -0.304938 -0.185484 
4.380505 3.143087 2.321327 2.507610 2.647129 1.684801 0.118869 -0.695674 -0.496085 -0.194221 -0.026169 -0.032511 
4.320505 3.083087 2.261327 2.447610 2.587129 1.624801 0.058869 -0.755674 -0.556085 -0.254221 -0.086169 -0.092511 
4.151944 3.027523 2.568235 2.774035 2.489789 1.224425 -0.220511 -0.738376 -0.284098 0.023494 -0.123676 -0.058653 
4.091944 2.967523 2.508235 2.714035 2.429789 1.164425 -0.280511 -0.798376 -0.344098 -0.036506 -0.183676 -0.118653 
3.732851 2.866820 2.418393 2.345654 2.074577 1.285652 0.146999 -0.478967 -0.296818 -0.092039 -0.103298 -0.033236 
3.672851 2.806820 2.358393 2.285654 2.014577 1.225652 0.086999 -0.538967 -0.356818 -0.152039 -0.163298 -0.093236 
3.962544 3.259328 2.608717 2.125514 1.633668 0.886002 0.091904 -0.351236 -0.383304 -0.254637 -0.107806 -0.022141 
3.902544 3.199328 2.548717 2.065514 1.573668 0.826002 0.031904 -0.411236 -0.443304 -0.314637 -0.167806 -0.082141 
