4.398382 2.197523 3.321187 3.859219 2.753661 2.622065 1.038112 -0.834285 -0.059346 0.817813 0.089290 -0.065665 
4.338382 2.137523 3.261187 3.799219 2.693661 2.562065 0.978112 -0.894285 -0.119346 0.757813 0.029290 -0.125665 
3.888066 2.457343 2.834558 3.333579 2.709369 2.160099 0.948509 -0.377855 -0.060787 0.518779 0.056983 -0.022496 
3.828066 2.397343 2.774558 3.273579 2.649369 2.100099 0.888509 -0.437855 -0.120787 0.458779 -0.003017 -0.082496 
4.372108 1.584915 2.479995 3.082522 2.553974 3.371491 1.725870 -0.972734 -0.391975 0.727222 0.075084 -0.043881 
4.312108 1.524915 2.419995 3.022522 2.493974 3.311491 1.665870 -1.032734 -0.451975 0.667222 0.015084 -0.103881 
3.589148 2.149152 2.574557 2.751232 2.030701 2.330388 1.385489 -0.676224 -0.434511 0.505495 0.007943 -0.034341 
3.529148 2.089152 2.514557 2.691232 1.970701 2.270388 1.325489 -0.736224 -0.494511 0.445495 -0.052057 -0.094341 
3.324676 2.532960 2.636061 2.549941 1.973554 1.694902 0.982513 0.028513 0.041994 0.256724 -0.036129 -0.005829 
3.264676 2.472960 2.576061 2.489941 1.913554 1.634902 0.922513 -0.031487 -0.018006 0.196724 -0.096129 -0.065829 
3.446110 2.273364 2.036025 2.328095 2.556001 2.292235 0.861940 -0.386830 -0.174057 0.240169 0.003938 -0.011956 
3.386110 2.213364 1.976025 2.268095 2.496001 2.232235 0.801940 -0.446830 -0.234057 0.180169 -0.056062 -0.071956 
4.205641 1.855559 2.054265 2.112615 1.943115 3.302929 2.259752 -0.376886 -0.507562 0.134106 -0.125597 -0.007327 
4.145641 1.795559 1.994265 2.052615 1.883115 3.242929 2.199752 -0.436886 -0.567562 0.074106 -0.185597 -0.067327 
3.681775 2.165263 1.679315 1.714864 1.882520 2.456929 1.815191 0.244846 -0.241757 -0.133842 -0.253893 -0.013710 
3.621775 2.105263 1.619315 1.654864 1.822520 2.396929 1.755191 0.184846 -0.301757 -0.193842 -0.313893 -0.073710 
4.606819 0.986100 2.004176 1.819227 0.758285 1.134986 1.610361 2.305056 0.605231 -0.180063 -0.284810 -0.052208 
4.546819 0.926100 1.944176 1.759227 0.698285 1.074986 1.550361 2.245056 0.545231 -0.240063 -0.344810 -0.112208 
4.893293 1.649976 2.405569 1.463764 0.333628 1.441802 2.239215 1.778029 0.049870 -0.446291 -0.273538 -0.084687 
4.833293 1.589976 2.345569 1.403764 0.273628 1.381802 2.179215 1.718029 -0.010130 -0.506291 -0.333538 -0.144687 
4.758831 1.751637 1.992228 1.416284 1.106225 2.944230 2.824634 0.770900 -0.065800 -0.197576 -0.426002 -0.074703 
4.698831 1.691637 1.932228 1.356284 1.046225 2.884230 2.764634 0.710900 -0.125800 -0.257576 -0.486002 -0.134703 
4.176332 2.179757 1.597705 1.475362 1.142334 1.872646 2.273776 1.169207 -0.019077 -0.317942 -0.368670 -0.058030 
4.116332 2.119757 1.537705 1.415362 1.082334 1.812646 2.213776 1.109207 -0.079077 -0.377942 -0.428670 -0.118030 
4.591185 2.212636 1.285255 1.051782 1.074591 1.250111 1.283157 1.231453 0.709867 0.069120 -0.396034 -0.125486 
4.531185 2.152636 1.225255 0.991782 1.014591 1.190111 1.223157 1.171453 0.649867 0.009120 -0.456034 -0.185486 
4.245037 2.264053 1.547513 1.381586 0.817634 0.522784 0.769674 0.910799 0.405190 -0.116179 -0.347997 -0.097387 
4.185037 2.204053 1.487513 1.321586 0.757634 0.462784 0.709674 0.850799 0.345190 -0.176179 -0.407997 -0.157387 
4.787166 2.362818 1.396277 0.969098 0.028970 0.111200 0.705079 0.560319 0.023037 -0.082809 -0.495629 -0.182613 
4.727166 2.302818 1.336277 0.909098 -0.031030 0.051200 0.645079 0.500319 -0.036963 -0.142809 -0.555629 -0.242613 
4.403483 2.576210 1.801368 0.802188 -0.523887 -0.507718 0.186064 0.285834 -0.179765 -0.207478 -0.435206 -0.147044 
4.343483 2.516210 1.741368 0.742188 -0.583887 -0.567718 0.126064 0.225834 -0.239765 -0.267478 -0.495206 -0.207044 
