3.690379 1.526013 1.877256 2.568067 1.284444 -0.513381 3.831320 1.927653 0.607557 -0.179749 0.140495 0.100642 
3.630379 1.466013 1.817256 2.508067 1.224444 -0.573381 3.771320 1.867653 0.547557 -0.239749 0.080495 0.040642 
4.099971 1.443426 1.178315 1.570240 1.218032 -0.262038 2.056066 2.659858 0.731767 -0.375289 0.030292 0.089087 
4.039971 1.383426 1.118315 1.510240 1.158032 -0.322038 1.996066 2.599858 0.671767 -0.435289 -0.029708 0.029087 
4.149177 1.584827 0.498206 0.311436 1.890569 -0.888189 3.651230 1.857631 0.292054 0.081815 -0.005269 0.138625 
4.089177 1.524827 0.438206 0.251436 1.830569 -0.948189 3.591230 1.797631 0.232054 0.021815 -0.065269 0.078625 
4.437670 1.706198 0.974310 0.264651 2.031569 -0.571549 1.920304 1.235505 -0.055965 -0.077722 -0.134531 0.053635 
4.377670 1.646198 0.914310 0.204651 1.971569 -0.631549 1.860304 1.175505 -0.115965 -0.137722 -0.194531 -0.006365 
4.639096 -0.089471 0.236116 1.524078 1.695503 -1.817193 0.652983 2.270735 0.475518 -0.414695 -0.391659 -0.016074 
4.579096 -0.149471 0.176116 1.464078 1.635503 -1.877193 0.592983 2.210735 0.415518 -0.474695 -0.451659 -0.076074 
5.060931 0.886003 0.113273 -0.480327 1.789364 -2.110570 1.167149 1.639599 0.536512 -0.431472 -0.470330 0.034362 
5.000931 0.826003 0.053273 -0.540327 1.729364 -2.170570 1.107149 1.579599 0.476512 -0.491472 -0.530330 -0.025638 
4.949475 0.816972 -0.165352 0.441245 0.429163 -1.512850 -0.090914 1.529685 0.352622 -0.438919 -0.052001 0.019234 
4.889475 0.756972 -0.225352 0.381245 0.369163 -1.572850 -0.150914 1.469685 0.292622 -0.498919 -0.112001 -0.040766 
4.877457 2.362808 0.712696 -0.550834 -0.136889 -1.135983 -0.058257 1.085655 0.074150 -0.910127 -0.009056 0.018234 
4.817457 2.302808 0.652696 -0.610834 -0.196889 -1.195983 -0.118257 1.025655 0.014150 -0.970127 -0.069056 -0.041766 
4.831173 0.734832 0.487116 -0.071154 1.310429 -0.730351 0.461017 2.627247 0.213276 -0.711565 -0.327138 -0.063127 
4.771173 0.674832 0.427116 -0.131154 1.250429 -0.790351 0.401017 2.567247 0.153276 -0.771565 -0.387138 -0.123127 
5.427868 1.778456 1.287133 -1.401667 1.164161 -1.182115 0.069498 2.348616 -0.426715 -0.848566 -0.327630 -0.083920 
5.367868 1.718456 1.227133 -1.461667 1.104161 -1.242115 0.009498 2.288616 -0.486715 -0.908566 -0.387630 -0.143920 
4.267310 2.010000 0.805711 0.396506 0.787081 0.177738 0.859081 1.502340 0.268376 -0.409953 -0.191462 -0.059837 
4.207310 1.950000 0.745711 0.336506 0.727081 0.117738 0.799081 1.442340 0.208376 -0.469953 -0.251462 -0.119837 
4.765728 1.330182 -0.190352 -0.780449 0.265028 -0.249030 1.030893 1.877231 -0.115043 -0.956713 -0.264120 -0.054955 
4.705728 1.270182 -0.250352 -0.840449 0.205028 -0.309030 0.970893 1.817231 -0.175043 -1.016713 -0.324120 -0.114955 
3.386262 0.162399 1.450865 -2.033698 1.860148 1.907497 0.240222 0.037650 -0.044676 -0.141409 0.071988 0.066423 
3.326262 0.102399 1.390865 -2.093698 1.800148 1.847497 0.180222 -0.022350 -0.104676 -0.201409 0.011988 0.006423 
4.709259 1.714170 0.196364 -1.677472 1.152235 0.988369 0.118322 0.796193 -0.129105 -1.016989 -0.251511 -0.078849 
4.649259 1.654170 0.136364 -1.737472 1.092235 0.928369 0.058322 0.736193 -0.189105 -1.076989 -0.311511 -0.138849 
4.452405 2.832341 1.512030 -0.236445 0.321933 0.164873 0.498670 0.423039 -0.547216 -0.790501 -0.173251 -0.042307 
4.392405 2.772341 1.452030 -0.296445 0.261933 0.104873 0.438670 0.363039 -0.607216 -0.850501 -0.233251 -0.102307 
4.544172 2.926317 1.933382 -0.747266 0.962856 -1.246052 -0.094154 -0.057435 -0.709057 -0.865338 -0.226664 -0.008956 
4.484172 2.866317 1.873382 -0.807266 0.902856 -1.306052 -0.154154 -0.117435 -0.769057 -0.925338 -0.286664 -0.068956 
