4.477339 2.956592 2.435195 1.480383 1.001088 1.389268 1.899542 1.350912 0.593053 0.261875 -0.052275 0.001181 
4.417339 2.896592 2.375195 1.420383 0.941088 1.329268 1.839542 1.290912 0.533053 0.201875 -0.112275 -0.058819 
3.606097 2.966748 2.587206 2.165874 1.655083 1.410524 1.210250 0.799714 0.442422 0.225157 0.062311 0.040757 
3.546097 2.906748 2.527206 2.105874 1.595083 1.350524 1.150250 0.739714 0.382422 0.165157 0.002311 -0.019243 
3.951805 2.766898 1.646773 1.589031 2.110926 2.543491 2.029505 0.720500 -0.277401 -0.249875 0.263152 0.102052 
3.891805 2.706898 1.586773 1.529031 2.050926 2.483491 1.969505 0.660500 -0.337401 -0.309875 0.203152 0.042052 
4.331018 2.061025 0.957970 0.710351 0.901886 1.870403 2.096093 0.762924 -0.230117 -0.430880 -0.501054 -0.065289 
4.271018 2.001025 0.897970 0.650351 0.841886 1.810403 2.036093 0.702924 -0.290117 -0.490880 -0.561054 -0.125289 
4.119996 2.436040 1.833770 2.515687 2.179496 0.681999 0.506845 1.367680 1.047275 -0.031134 0.008841 0.044532 
4.059996 2.376040 1.773770 2.455687 2.119496 0.621999 0.446845 1.307680 0.987275 -0.091134 -0.051159 -0.015468 
3.736476 2.453368 2.526652 2.093690 1.324400 0.512362 0.038274 0.283487 0.511050 0.122943 0.256444 0.077052 
3.676476 2.393368 2.466652 2.033690 1.264400 0.452362 -0.021726 0.223487 0.451050 0.062943 0.196444 0.017052 
3.961601 2.861777 2.413735 1.517728 0.929789 0.820756 0.887925 0.822092 0.478928 0.222646 0.010249 0.013817 
3.901601 2.801777 2.353735 1.457728 0.869789 0.760756 0.827925 0.762092 0.418928 0.162646 -0.049751 -0.046183 
4.332636 2.764123 1.832160 1.204945 0.669670 0.797369 0.913769 0.468345 0.173597 -0.033936 -0.144146 -0.023878 
4.272636 2.704123 1.772160 1.144945 0.609670 0.737369 0.853769 0.408345 0.113597 -0.093936 -0.204146 -0.083878 
5.060868 3.187844 2.423478 0.768774 -0.239797 0.182338 0.417318 0.584608 0.313249 -0.116260 -0.198394 -0.071771 
5.000868 3.127844 2.363478 0.708774 -0.299797 0.122338 0.357318 0.524608 0.253249 -0.176260 -0.258394 -0.131771 
4.861217 3.361658 2.107343 0.708292 -0.319930 -0.309404 -0.036570 0.204854 0.144579 -0.163919 -0.109968 -0.016567 
4.801217 3.301658 2.047343 0.648292 -0.379930 -0.369404 -0.096570 0.144854 0.084579 -0.223919 -0.169968 -0.076567 
5.515053 1.815916 1.454652 0.503087 -0.133355 0.776191 0.145673 -0.293012 -0.101489 -0.250534 -0.341592 -0.093050 
5.455053 1.755916 1.394652 0.443087 -0.193355 0.716191 0.085673 -0.353012 -0.161489 -0.310534 -0.401592 -0.153050 
3.942891 2.297054 1.744449 0.561140 -0.099402 -0.375011 -0.447909 -0.403239 -0.385766 -0.300124 -0.178691 -0.031950 
3.882891 2.237054 1.684449 0.501140 -0.159402 -0.435011 -0.507909 -0.463239 -0.445766 -0.360124 -0.238691 -0.091950 
2.196517 -0.970510 3.377110 -1.233243 0.958767 -0.214372 -1.220514 -0.141143 0.006736 -0.383668 -0.411960 -0.101436 
2.136517 -1.030510 3.317110 -1.293243 0.898767 -0.274372 -1.280514 -0.201143 -0.053264 -0.443668 -0.471960 -0.161436 
2.929918 -1.454825 2.526732 -0.000556 0.095975 -0.726964 -1.543823 -0.001019 -0.181415 -0.898314 -0.359670 -0.066835 
2.869918 -1.514825 2.466732 -0.060556 0.035975 -0.786964 -1.603823 -0.061019 -0.241415 -0.958314 -0.419670 -0.126835 
1.740928 -0.122559 0.094574 -0.436990 0.179766 -0.853497 -0.414386 -0.010453 -0.132377 -0.049229 -0.007965 -0.000445 
1.680928 -0.182559 0.034574 -0.496990 0.119766 -0.913497 -0.474386 -0.070453 -0.192377 -0.109229 -0.067965 -0.060445 
1.740403 -0.433084 -0.214844 0.490529 0.072020 -1.199230 -0.425851 -0.868240 -1.040853 -0.137830 -0.170497 -0.018155 
1.680403 -0.493084 -0.274844 0.430529 0.012020 -1.259230 -0.485851 -0.928240 -1.100853 -0.197830 -0.230497 -0.078155 
