4.289066 2.397477 1.078183 0.242948 1.194649 0.732964 0.808111 1.055756 0.762977 0.544590 0.285557 0.052544 
4.229066 2.337477 1.018183 0.182948 1.134649 0.672964 0.748111 0.995756 0.702977 0.484590 0.225557 -0.007456 
4.439430 2.478919 0.613513 -0.381359 0.045077 0.272366 0.578036 0.782433 0.583556 0.344728 0.144706 -0.007122 
4.379430 2.418919 0.553513 -0.441359 -0.014923 0.212366 0.518036 0.722433 0.523556 0.284728 0.084706 -0.067122 
2.497095 1.905293 1.806767 1.267109 1.375435 1.158358 1.094362 0.535563 0.387755 0.107877 0.035226 0.023507 
2.437095 1.845293 1.746767 1.207109 1.315435 1.098358 1.034362 0.475563 0.327755 0.047877 -0.024774 -0.036493 
3.638222 2.419031 1.586148 1.111038 0.996760 0.412223 0.506423 0.281303 -0.125840 -0.249185 -0.156022 -0.047234 
3.578222 2.359031 1.526148 1.051038 0.936760 0.352223 0.446423 0.221303 -0.185840 -0.309185 -0.216022 -0.107234 
0.842294 0.859408 0.915799 0.768904 0.796928 0.595268 0.397224 0.278453 0.133981 0.099166 0.031522 0.007231 
0.782294 0.799408 0.855799 0.708904 0.736928 0.535268 0.337224 0.218453 0.073981 0.039166 -0.028478 -0.052769 
0.761646 0.662029 0.533111 0.408747 0.207795 0.092541 0.012696 0.012539 0.032158 0.029828 0.053078 0.023025 
0.701646 0.602029 0.473111 0.348747 0.147795 0.032541 -0.047304 -0.047461 -0.027842 -0.030172 -0.006922 -0.036975 
4.723081 1.477296 -0.604864 -0.398343 0.802257 0.068202 -0.031497 0.485308 0.476419 -0.075369 -0.098671 -0.078835 
4.663081 1.417296 -0.664864 -0.458343 0.742257 0.008202 -0.091497 0.425308 0.416419 -0.135369 -0.158671 -0.138835 
4.841146 2.124677 1.036556 -0.748176 1.247815 -1.236212 0.459429 0.458080 -0.356669 -0.140514 -0.293310 -0.057754 
4.781146 2.064677 0.976556 -0.808176 1.187815 -1.296212 0.399429 0.398080 -0.416669 -0.200514 -0.353310 -0.117754 
4.723599 -0.384866 -1.920735 -1.201244 2.715025 2.399896 0.561350 0.581285 0.589355 0.198267 0.117915 -0.056751 
4.663599 -0.444866 -1.980735 -1.261244 2.655025 2.339896 0.501350 0.521285 0.529355 0.138267 0.057915 -0.116751 
4.363269 -0.167232 -2.371613 -2.388755 0.662732 1.472884 1.084377 1.151175 0.612438 -0.286631 -0.104902 -0.028270 
4.303269 -0.227232 -2.431613 -2.448755 0.602732 1.412884 1.024377 1.091175 0.552438 -0.346631 -0.164902 -0.088270 
4.561279 1.903613 0.045909 -0.482819 0.917943 1.013253 1.173053 1.135494 0.323542 -0.182180 -0.058107 -0.017903 
4.501279 1.843613 -0.014091 -0.542819 0.857943 0.953253 1.113053 1.075494 0.263542 -0.242180 -0.118107 -0.077903 
4.794364 1.711267 -0.119767 -1.278624 -0.272799 -0.200148 0.625051 1.295829 0.197920 -0.456936 -0.076300 -0.058456 
4.734364 1.651267 -0.179767 -1.338624 -0.332799 -0.260148 0.565051 1.235829 0.137920 -0.516936 -0.136300 -0.118456 
4.595705 1.877983 2.207836 -2.234807 1.240799 1.202971 -0.830805 0.979572 0.610402 -0.723030 -0.153354 -0.109340 
4.535705 1.817983 2.147836 -2.294807 1.180799 1.142971 -0.890805 0.919572 0.550402 -0.783030 -0.213354 -0.169340 
4.202493 2.177965 1.242039 -0.773465 1.043038 0.021830 -0.655630 0.704824 0.330362 -0.617028 -0.151121 -0.100941 
4.142493 2.117965 1.182039 -0.833465 0.983038 -0.038170 -0.715630 0.644824 0.270362 -0.677028 -0.211121 -0.160941 
5.328152 0.804921 -1.152488 -0.441610 1.305156 -0.638296 -0.232254 1.452069 0.715985 -0.307532 -0.321643 -0.083270 
5.268152 0.744921 -1.212488 -0.501610 1.245156 -0.698296 -0.292254 1.392069 0.655985 -0.367532 -0.381643 -0.143270 
5.341631 1.188310 -0.044684 -2.483106 0.424644 -0.557867 -0.376409 1.371482 0.835848 -0.591979 -0.183891 -0.056846 
5.281631 1.128310 -0.104684 -2.543106 0.364644 -0.617867 -0.436409 1.311482 0.775848 -0.651979 -0.243891 -0.116846 
