0
1
0
1
0
0
0
0
1
0
0
0
0
0
0
0
0
0
0
0
0
1
0
0
1
0
-1
-1
0
0
-1
0
-1
0
0
0
0
0
0
-1
0
-1
-1
0
0
0
0
0
-1
-1
0
1
1
1
1
1
1
0
1
-1
1
1
1
0
0
0
0
0
0
1
0
-1
0
-1
-1
0
0
1
0
0
-1
1
0
0
0
1
1
-1
0
-1
0
0
0
1
0
0
0
0
0
0
1
-1
0
0
-1
-1
1
0
0
1
1
0
0
1
1
1
1
0
1
1
1
0
1
-1
0
0
0
-1
-1
0
0
0
0
0
0
0
0
0
0
0
0
1
0
0
1
1
0
-1
0
0
1
0
0
0
0
-1
-1
0
-1
-1
0
0
0
0
0
1
0
1
1
0
1
2
0
0
1
0
0
0
0
1
0
0
0
0
0
-1
-1
-1
0
0
0
0
-1
-1
0
-1
0
-1
-1
-1
-1
0
0
-1
-1
0
-1
0
0
-1
0
0
0
0
1
0
0
0
0
0
0
0
0
1
0
1
0
1
0
1
1
1
1
1
0
0
0
-1
-1
1
0
0
-1
-1
0
0
0
0
0
0
0
0
1
0
0
0
0
0
0
0
1
1
0
0
-1
0
0
-1
0
0
0
0
0
-1
-1
0
0
0
0
1
0
0
0
0
0
0
0
0
1
0
0
0
0
0
0
0
0
-1
0
0
1
0
0
0
0
0
0
-1
-1
1
0
0
1
0
0
1
0
0
1
0
1
1
0
0
0
0
0
-1
0
1
0
0
0
0
0
0
-1
0
0
0
-1
0
0
0
-1
-1
0
-1
-2
0
-1
-1
-1
0
0
-1
-1
-1
-1
0
-1
1
0
0
0
1
0
0
1
0
0
0
0
0
1
1
-1
0
-1
0
1
-1
-1
-1
-1
0
0
1
0
0
0
0
0
1
-1
0
0
0
1
0
0
1
1
1
0
1
2
1
1
1
1
0
1
3
3
3
-1
-2
-2
0
0
0
0
0
-1
-3
-4
-4
-2
-1
-1
0
-2
0
2
2
1
0
-1
-3
-3
0
2
1
0
-2
-3
-4
-5
-4
-3
-1
0
-1
0
-1
-2
-1
-1
-1
-1
0
0
0
1
3
4
5
6
6
6
5
4
3
3
3
2
2
1
0
1
3
2
2
1
1
1
1
3
4
5
3
2
1
-1
-1
-1
-1
-2
-2
-2
-2
-3
-1
-2
-2
-3
-2
-2
-2
-2
-2
-2
-4
-6
-6
-5
-4
-5
-6
-7
-3
0
1
3
1
1
1
-1
-2
-2
-4
-3
-4
-8
-8
-11
-5
-5
-3
-13
-42
-50
-35
1
32
25
15
2
-5
4
-3
18
46
58
65
29
11
8
6
21
-1
-23
-27
-29
-2
13
26
29
-7
-25
-25
-12
23
40
66
76
54
37
7
-3
9
6
12
5
1
14
4
2
-6
-14
-5
-23
-53
-77
-93
-92
-103
-104
-79
-56
-39
-32
-30
-20
-10
4
11
7
6
13
15
16
14
10
-7
-34
-59
-76
-70
-44
-16
6
10
9
7
-4
-1
8
31
56
68
74
69
70
79
75
67
56
45
44
44
56
73
75
74
61
44
34
24
21
22
21
29
27
25
19
10
9
2
-12
-27
-35
-24
-13
2
28
38
42
29
17
1
-67
-123
-121
-79
-5
23
42
57
25
0
-57
-104
-93
-83
-39
-13
-14
29
40
47
14
-71
-112
-145
-155
-131
-105
-38
-8
-28
-60
-112
-124
-120
-118
-96
-77
-34
8
32
55
53
40
8
-43
-78
-93
-60
1
40
51
37
22
12
-4
0
12
25
30
23
31
59
108
149
144
105
62
53
73
92
110
121
138
138
108
84
78
102
114
102
92
85
98
100
86
69
39
12
-20
-44
-41
-13
27
54
76
97
104
83
31
-33
-113
-180
-195
-154
-70
25
116
173
162
108
46
-6
-31
-41
-13
62
132
174
168
148
-5
-426
-950
-1346
-1454
-1373
-1115
-524
203
717
772
560
413
236
-27
-222
-107
266
509
592
668
698
445
-150
-771
-1210
-1435
-1367
-883
-81
643
1012
1050
874
481
-75
-496
-531
-253
72
392
798
1151
1168
814
338
-116
-567
-889
-835
-374
212
688
1000
1085
832
305
-209
-519
-657
-671
-478
-65
364
600
635
532
255
-201
-642
-840
-764
-522
-177
219
489
485
254
-46
-343
-630
-784
-695
-506
-296
-14
314
591
577
301
-41
-381
-563
-622
-514
-173
137
346
370
213
34
-182
-268
-242
-195
-11
245
522
730
789
719
485
152
-184
-436
-504
-368
-127
93
277
420
466
389
236
114
68
69
163
325
497
651
736
772
665
188
-686
-1704
-2455
-2685
-2402
-1610
-434
650
1218
1208
875
489
37
-324
-295
71
563
924
1187
1428
1285
566
-579
-1760
-2566
-2858
-2447
-1310
122
1272
1739
1583
1052
275
-518
-987
-949
-534
41
699
1354
1735
1598
986
117
-809
-1581
-1888
-1514
-610
399
1165
1569
1553
1093
345
-371
-809
-966
-865
-473
128
701
1030
1048
761
178
-539
-1090
-1232
-951
-417
211
759
1014
906
519
68
-308
-681
-921
-932
-667
-63
469
801
853
564
218
-271
-579
-527
-286
210
530
621
593
376
216
-29
-256
-321
-305
-71
225
511
742
762
537
98
-320
-492
-387
-89
245
436
438
325
193
123
67
87
110
35
-49
-131
46
427
684
662
9
-1176
-2594
-3724
-3562
-2287
-726
413
886
1282
1281
560
-230
-497
40
518
375
386
885
1615
1824
1178
144
-1210
-2717
-3763
-3710
-2385
-484
1143
2091
2198
1542
555
-205
-484
-469
-333
129
950
1706
2022
1968
1704
960
-443
-1952
-2660
-2259
-1184
112
1332
2150
2224
1562
662
-96
-647
-922
-804
-265
413
1014
1552
1797
1410
352
-935
-1813
-2096
-1812
-967
167
1137
1347
765
84
-422
-804
-1106
-1206
-690
168
894
1350
1309
1082
641
-176
-851
-1273
-1141
-518
32
508
595
470
366
-17
-315
-436
-293
141
510
881
1074
956
583
-84
-747
-1125
-1065
-613
-114
272
521
630
614
395
129
19
6
3
-44
46
401
621
539
112
-1091
-3253
-5510
-5866
-3677
-973
506
1203
2246
3118
2125
-113
-1005
130
1440
1319
779
1434
2575
2673
1546
-7
-1523
-3185
-4553
-4567
-3043
-760
1342
2589
2686
1653
169
-739
-859
-700
-475
246
1571
2603
2646
2153
1751
1137
-281
-2021
-2874
-2380
-1152
152
1264
1932
1878
1099
-7
-1003
-1576
-1545
-1042
-368
282
907
1523
1847
1498
551
-542
-1353
-1723
-1634
-1029
-43
861
1280
993
30
-864
-1339
-1468
-1210
-723
218
1211
1708
1811
1434
1053
742
196
-180
-327
-169
157
358
543
592
547
471
287
57
-5
107
247
371
354
279
164
32
25
-57
-27
184
299
245
-106
-309
-291
-158
-20
-102
-170
-151
-517
-1599
-2323
-2008
-986
-1041
-3000
-4018
-3029
-868
485
-14
443
1432
1489
368
-1403
-823
835
1686
1619
671
586
749
448
-137
-1050
-1573
-1799
-1862
-1703
-989
413
1751
2066
919
-488
-1087
-858
-333
-111
391
1391
2238
2336
1708
1119
902
597
-179
-877
-909
-188
814
1300
1205
728
258
-58
-541
-924
-894
-360
383
775
887
1047
1192
990
324
-495
-920
-816
-569
-222
47
86
-5
-421
-617
-429
-64
617
981
1203
1326
1146
1137
868
521
168
-378
-562
-681
-576
-303
-240
-109
-253
-341
-112
157
699
1113
1356
1601
1453
1154
589
-182
-686
-1180
-1273
-1012
-660
-43
292
535
633
388
150
-289
-422
-376
-377
-183
-385
-529
-874
-1393
-1707
-3696
-6607
-8414
-7513
-3721
-1036
409
2107
3499
4140
1957
-421
-221
874
1977
1785
1801
2954
3370
3141
1853
-123
-2227
-4250
-5023
-4428
-2414
425
2899
3825
2748
980
-482
-1120
-1256
-1286
-495
1041
2700
3688
3700
3375
2704
1266
-718
-2233
-2625
-1862
-269
1272
2268
2060
1059
172
-935
-1705
-2138
-2056
-993
-204
501
1138
1454
1779
1050
-196
-1323
-2191
-1982
-1343
-596
158
597
753
126
-711
-955
-549
310
854
1252
1547
1668
1781
1297
793
365
-175
-403
-834
-926
-742
-717
-453
-523
-403
88
581
1322
1720
1856
1818
1543
1277
897
515
208
-36
-311
-541
-558
-398
-190
-51
-51
-207
-328
-389
-260
-3
22
-84
-551
-1182
-1342
-1471
-1339
-2266
-5054
-6897
-6890
-4269
-1368
-602
956
2300
2962
2083
-625
-496
808
1816
2175
1310
2138
2618
2290
1669
-49
-1310
-2715
-3494
-3303
-2306
-69
1828
2689
1894
472
-368
-870
-852
-877
-372
884
2092
2936
2971
2644
2252
1512
360
-692
-1069
-578
457
1087
1222
836
246
-154
-793
-1259
-1367
-1107
-563
-290
-9
482
950
1148
791
-16
-705
-1043
-1116
-884
-649
-591
-815
-1116
-1008
-660
-118
457
938
1254
1257
1286
1302
1444
1493
1267
1008
439
-34
-445
-813
-906
-1185
-1310
-1186
-780
50
835
1547
1963
1953
1720
1394
1151
1026
930
706
539
385
236
127
-193
-409
-610
-752
-643
-685
-633
-520
-516
-400
-547
-822
-1133
-1548
-1686
-1868
-2963
-5138
-6600
-5866
-3112
-650
167
1060
1861
2177
1285
-436
-190
876
1853
2182
1634
2172
2432
2162
1377
-572
-2166
-3391
-3581
-2762
-1516
402
1896
2423
1600
252
-463
-563
-239
-175
123
1038
2126
2995
3037
2590
1912
828
-390
-1313
-1441
-668
458
1267
1436
957
373
-110
-553
-924
-1155
-983
-700
-416
-57
383
897
977
539
-271
-981
-1158
-1069
-768
-795
-720
-350
-169
291
293
512
972
881
1056
583
563
1045
933
1189
784
584
598
88
-18
-587
-829
-755
-827
-355
82
747
1219
1352
1394
1181
1041
848
805
755
651
596
495
425
275
140
-15
-162
-190
-284
-518
-752
-885
-866
-787
-925
-1069
-1432
-1789
-2030
-2431
-2807
-4320
-5682
-5668
-4352
-1898
-847
203
1556
2019
2069
407
-121
598
1041
1804
1519
2073
2688
2365
2002
517
-661
-1724
-2485
-2380
-2115
-797
509
1320
1225
224
-252
-483
-233
-5
174
1061
2081
2988
3143
2798
2508
1929
1031
-97
-686
-459
160
651
613
302
-50
-363
-721
-1121
-1309
-1116
-765
-501
-277
-28
306
530
336
-119
-555
-1016
-1337
-1368
-1163
-700
-473
-285
-39
53
459
702
940
1201
1108
1197
1094
986
963
742
646
268
-200
-535
-723
-669
-668
-564
-347
19
497
960
1394
1670
1818
1729
1526
1311
1089
882
648
579
562
574
517
253
4
-246
-382
-560
-848
-926
-781
-498
-543
-866
-1337
-1861
-2148
-2580
-2650
-3479
-5054
-5411
-4653
-2314
-985
-707
571
1073
1702
832
-290
735
1299
2229
1840
1152
1725
1427
1702
925
-296
-975
-1884
-1729
-1952
-1424
-275
484
964
7
-470
-569
-292
364
154
497
1105
1970
2722
2563
2651
2521
2026
1200
107
-240
-20
496
808
479
59
-285
-512
-815
-1274
-1325
-1195
-943
-732
-714
-266
266
735
637
-185
-727
-1054
-909
-698
-697
-412
-227
142
331
270
474
757
1142
1110
870
886
1021
1216
1082
777
439
134
-65
-399
-585
-536
-360
-179
-100
182
661
1155
1565
1683
1556
1400
1368
1354
1157
944
802
660
399
32
-133
-225
-236
-315
-666
-869
-1039
-1042
-929
-971
-880
-1097
-1540
-1946
-2406
-2528
-2968
-3808
-4424
-4498
-3525
-2590
-1947
-1082
-293
565
652
370
500
757
1405
1597
1574
1710
1716
2012
1809
1281
655
15
-199
-611
-786
-776
-525
-37
-95
-208
-472
-418
-3
34
175
259
707
1321
1621
2068
2249
2416
2372
1911
1499
1065
1011
1049
882
576
42
-303
-587
-838
-1030
-1242
-1227
-1191
-1251
-1365
-1327
-948
-627
-612
-789
-831
-566
-292
-249
-323
-308
-58
280
436
542
773
1161
1501
1494
1237
934
763
651
338
-69
-310
-287
-192
-198
-297
-348
-302
-250
-151
29
439
988
1403
1610
1632
1661
1658
1560
1399
1122
842
567
346
115
-172
-348
-502
-602
-735
-901
-942
-974
-958
-1009
-1174
-1343
-1547
-1703
-1811
-1816
-1870
-2048
-2159
-2167
-1989
-1855
-1681
-1367
-1084
-728
-544
-422
-220
-36
202
271
307
353
390
527
652
789
854
932
1015
1015
992
894
890
888
818
721
586
606
636
587
464
298
205
133
102
56
6
-44
-102
-128
-127
-3
157
303
409
404
354
269
244
283
316
352
383
387
310
181
9
-171
-353
-558
-705
-814
-869
-864
-826
-697
-590
-503
-398
-295
-116
95
334
558
712
828
871
831
710
601
536
453
381
295
228
241
244
266
315
391
535
632
747
877
912
963
940
831
738
602
523
411
267
167
-28
-217
-403
-526
-567
-628
-636
-686
-731
-774
-836
-850
-962
-1050
-1106
-1160
-1098
-1059
-958
-844
-807
-716
-651
-534
-405
-322
-156
4
186
327
305
224
108
48
49
14
-2
-47
-100
-134
-202
-243
-291
-332
-338
-350
-318
-287
-243
-144
-59
-34
-65
-91
-97
-74
-16
50
108
113
109
72
0
-29
-8
89
162
180
170
111
93
101
125
147
132
174
204
214
217
158
125
78
74
129
170
250
323
416
521
584
651
680
714
792
870
955
998
988
915
773
639
491
361
278
195
114
26
-30
-48
-72
-66
-47
-27
17
97
204
296
355
377
342
289
233
165
86
-20
-141
-268
-396
-500
-569
-609
-617
-619
-624
-612
-617
-632
-655
-707
-736
-744
-743
-715
-690
-650
-597
-567
-545
-522
-472
-386
-295
-190
-71
38
125
165
157
133
93
52
22
-29
-71
-99
-114
-103
-87
-63
-24
10
71
175
286
375
428
452
452
417
372
315
221
113
-16
-160
-277
-363
-412
-449
-480
-453
-413
-350
-260
-175
-92
-40
13
85
144
212
270
294
269
185
71
-56
-159
-208
-225
-231
-229
-181
-91
13
127
218
298
369
431
517
607
683
740
748
708
646
572
497
422
336
273
225
194
210
229
245
266
284
325
363
391
414
394
375
365
345
325
285
243
198
119
42
-35
-113
-169
-212
-238
-244
-254
-260
-285
-347
-427
-513
-577
-628
-671
-698
-703
-698
-674
-629
-580
-532
-500
-477
-439
-384
-304
-197
-99
-22
-3
-20
-36
-63
-87
-119
-165
-211
-250
-250
-221
-176
-123
-79
-30
27
98
155
193
223
230
248
274
281
268
216
132
30
-62
-107
-149
-206
-245
-264
-243
-187
-130
-67
-25
-12
9
24
49
78
84
115
125
105
83
36
-1
-42
-84
-92
-103
-97
-60
-23
17
68
121
173
216
240
257
262
271
300
320
319
311
289
282
276
259
269
272
276
286
294
326
340
358
386
385
369
337
311
307
301
303
301
279
261
237
210
183
167
164
159
151
138
111
80
35
-23
-82
-150
-220
-281
-325
-367
-417
-461
-498
-516
-540
-556
-540
-522
-467
-423
-402
-369
-356
-348
-352
-369
-355
-357
-353
-336
-351
-342
-341
-343
-318
-291
-241
-200
-155
-82
-20
42
79
112
145
155
156
149
153
156
130
103
81
70
67
45
38
41
45
66
74
96
128
143
156
158
152
144
105
71
57
28
-7
-52
-80
-93
-124
-145
-156
-162
-149
-138
-137
-117
-89
-69
-52
-31
-4
16
18
27
40
53
71
83
119
169
197
215
244
274
314
341
356
386
408
421
429
420
410
398
368
350
342
334
321
294
291
295
287
281
268
265
270
260
239
210
188
146
85
27
-26
-77
-136
-180
-208
-250
-288
-324
-354
-371
-384
-390
-392
-375
-358
-359
-358
-363
-370
-378
-382
-376
-384
-389
-389
-394
-383
-365
-343
-313
-263
-201
-153
-115
-78
-46
-35
-20
-5
0
15
32
41
49
47
40
28
30
38
28
34
58
83
101
111
119
109
100
95
85
66
37
13
-16
-42
-66
-101
-125
-132
-129
-126
-126
-112
-100
-80
-49
-30
-14
9
28
40
31
20
18
14
19
34
54
72
85
106
130
149
169
187
209
235
265
299
327
342
345
353
355
342
318
297
281
270
263
253
243
246
250
246
239
229
222
218
215
199
165
136
121
101
62
22
-22
-67
-101
-124
-142
-161
-175
-179
-190
-198
-205
-232
-252
-267
-278
-282
-292
-307
-321
-330
-328
-328
-337
-341
-335
-327
-316
-299
-281
-251
-208
-170
-144
-125
-103
-71
-45
-20
-13
-15
6
26
36
51
57
58
70
86
96
92
88
97
94
88
88
77
58
48
41
31
15
-3
-23
-44
-56
-68
-89
-104
-114
-124
-127
-121
-126
-125
-114
-99
-91
-84
-70
-54
-40
-29
-27
-30
-20
5
29
44
52
59
69
89
110
126
143
157
162
169
181
188
193
207
223
226
232
243
249
255
265
276
283
289
304
315
322
322
314
302
289
274
257
235
215
190
158
124
88
41
-2
-31
-61
-96
-126
-144
-160
-177
-181
-189
-216
-234
-241
-253
-262
-264
-258
-260
-255
-241
-236
-235
-222
-219
-232
-236
-232
-229
-216
-192
-177
-171
-154
-135
-133
-141
-133
-129
-125
-102
-76
-59
-41
-17
-3
-1
2
8
6
9
19
22
32
50
59
55
49
41
28
16
4
-9
-17
-13
0
4
6
7
-2
-10
-15
-32
-41
-40
-32
-25
-16
-1
9
9
11
11
3
1
16
25
31
55
76
95
110
117
113
105
110
114
109
112
121
125
134
144
134
122
118
109
97
90
92
96
102
115
123
120
129
133
123
111
108
108
109
115
114
109
109
110
102
80
63
48
34
25
17
7
3
-1
-5
-16
-29
-39
-47
-60
-69
-74
-77
-73
-72
-79
-88
-91
-97
-106
-116
-121
-124
-127
-123
-120
-127
-122
-114
-114
-122
-124
-124
-118
-111
-103
-96
-96
-81
-68
-68
-65
-66
-69
-61
-61
-65
-68
-68
-66
-67
-72
-75
-82
-84
-88
-94
-94
-82
-76
-76
-69
-67
-57
-37
-26
-26
-24
-13
0
1
5
13
7
12
25
21
12
17
27
27
27
38
51
51
61
74
76
85
100
104
103
104
110
120
126
131
127
123
132
140
139
139
139
137
141
143
144
141
137
137
133
125
118
106
94
85
70
58
54
46
36
27
21
16
15
21
17
5
4
7
5
2
-2
-12
-24
-26
-27
-37
-49
-55
-59
-68
-69
-68
-74
-78
-77
-81
-79
-70
-67
-73
-74
-74
-73
-75
-71
-80
-94
-97
-95
-102
-106
-106
-112
-115
-111
-103
-105
-101
-93
-94
-96
-85
-76
-75
-65
-56
-55
-50
-34
-27
-26
-20
-12
-11
-13
-9
-14
-18
-10
-8
-10
-7
-1
2
8
19
29
30
30
30
26
29
37
42
43
50
56
56
59
68
72
69
64
55
44
44
44
41
37
39
38
36
42
46
51
61
69
70
68
74
81
80
80
79
70
60
58
58
54
53
51
39
32
34
33
25
20
18
11
8
13
13
14
23
26
20
14
14
9
6
5
2
-6
-14
-19
-23
-26
-24
-31
-46
-52
-53
-54
-55
-53
-49
-46
-39
-37
-42
-42
-34
-33
-36
-33
-30
-35
-36
-29
-27
-31
-33
-38
-48
-50
-47
-49
-54
-53
-54
-54
-50
-48
-46
-44
-42
-43
-42
-34
-29
-32
-27
-23
-22
-20
-22
-23
-19
-14
-13
-14
-9
-3
-4
-4
4
6
5
6
6
1
4
12
13
12
16
20
16
14
24
30
27
28
31
32
31
35
43
45
41
39
38
40
46
46
42
40
40
40
42
38
35
33
35
38
34
30
29
28
31
34
29
27
32
29
27
29
33
30
23
27
29
26
25
24
20
16
14
11
8
7
4
1
-4
-5
-7
-10
-11
-13
-12
-9
-11
-18
-22
-22
-24
-26
-23
-23
-29
-32
-28
-27
-26
-24
-30
-35
-36
-28
-27
-29
-29
-33
-37
-33
-26
-23
-27
-27
-26
-24
-25
-31
-34
-34
-32
-33
-35
-36
-38
-38
-34
-27
-30
-27
-21
-19
-20
-18
-14
-19
-25
-19
-16
-20
-18
-10
-2
-1
1
1
5
17
23
21
17
17
8
4
7
7
-3
-3
5
5
7
10
14
19
22
29
30
26
27
24
21
20
18
15
13
17
20
22
27
33
33
38
46
47
52
57
58
55
49
47
48
42
37
36
35
37
30
24
24
26
23
18
15
16
12
5
-3
-13
-14
-12
-16
-24
-24
-19
-15
-20
-15
-5
-2
-1
3
9
12
9
5
1
-2
-3
-10
-22
-27
-28
-31
-35
-43
-40
-30
-29
-32
-29
-25
-24
-30
-29
-32
-35
-37
-40
-45
-46
-43
-44
-44
-39
-28
-21
-21
-17
-15
-13
-15
-22
-24
-23
-23
-30
-31
-25
-27
-25
-18
-7
5
8
16
25
29
29
19
21
29
30
18
3
7
19
15
5
5
15
21
19
16
22
27
28
27
26
24
21
23
24
20
15
19
22
18
12
13
14
14
12
7
0
-7
-10
-6
-6
-13
-16
-19
-12
-8
-7
0
5
12
11
8
21
29
27
28
26
37
26
4
6
12
-10
-23
-29
15
-6
-83
-42
-31
8
-8
-55
-12
-1
17
-4
-10
32
13
11
35
44
28
3
23
34
40
14
-3
12
16
9
-13
-14
-5
-15
-33
-39
-34
-27
-44
-49
-31
-21
-14
-4
1
21
20
20
32
25
29
22
21
35
22
21
13
6
15
13
15
-9
-23
-15
-16
-26
-45
-44
-22
-24
-29
-39
-32
-18
-25
-13
-2
0
3
10
29
38
37
39
37
38
34
26
29
23
10
2
1
-2
-14
-23
-21
-25
-24
-18
-17
-18
-31
-26
-13
-5
-8
-15
-4
3
3
7
14
29
33
32
37
40
41
31
28
26
21
16
5
1
-3
-14
-30
-38
-25
-22
-28
-24
-21
-16
-19
-30
-30
-29
-25
-25
-20
-5
3
1
-2
0
-2
-10
-10
-2
7
9
9
8
11
14
9
2
-7
-9
-13
-10
-2
-1
-8
-13
-9
-9
-14
-22
-30
-37
-35
-26
-19
-17
-19
-13
0
8
1
-4
1
12
12
17
30
45
46
43
40
30
25
20
16
11
6
0
-4
-2
-1
-15
-30
-35
-29
-26
-34
-39
-29
-8
7
10
24
44
55
57
59
70
70
63
59
50
37
17
-3
-28
-72
-133
-184
-209
-218
-242
-271
-265
-223
-183
-170
-148
-94
-29
23
51
81
124
177
218
238
245
254
270
279
265
233
204
198
189
145
79
17
-14
-41
-84
-136
-173
-178
-171
-180
-184
-163
-124
-77
-48
-14
22
59
105
147
190
224
251
277
295
289
262
229
197
155
96
31
-16
-63
-113
-153
-184
-199
-208
-213
-210
-201
-179
-162
-149
-125
-96
-64
-33
-2
36
81
123
155
180
198
213
214
205
184
150
105
58
8
-43
-79
-106
-129
-145
-146
-136
-133
-128
-129
-131
-128
-120
-112
-120
-140
-145
-124
-148
-260
-406
-461
-411
-414
-497
-562
-471
-340
-320
-359
-322
-155
-21
30
54
111
205
278
371
455
488
501
535
606
609
550
519
532
521
406
258
155
96
32
-79
-194
-279
-341
-383
-414
-403
-356
-281
-199
-125
-56
18
116
223
323
385
423
480
549
586
567
521
481
412
296
160
44
-56
-160
-262
-352
-429
-496
-548
-570
-580
-593
-592
-557
-478
-401
-313
-202
-57
97
220
323
406
491
569
609
602
552
497
439
354
238
106
-5
-100
-197
-290
-380
-442
-479
-490
-484
-470
-427
-349
-260
-193
-135
-56
55
159
251
340
425
491
534
557
560
543
494
408
287
151
21
-107
-242
-377
-459
-558
-757
-1024
-1180
-1118
-1041
-1052
-1080
-927
-644
-460
-334
-178
89
326
451
585
698
796
848
958
1120
1143
1034
882
830
768
577
364
185
63
-109
-331
-515
-659
-736
-791
-830
-838
-842
-811
-747
-608
-422
-249
-78
76
253
425
577
724
853
967
1009
1001
976
922
825
682
549
402
188
-55
-272
-418
-555
-702
-831
-915
-935
-941
-923
-881
-802
-661
-504
-326
-160
9
207
412
612
752
844
892
916
933
915
858
752
629
491
319
135
-43
-187
-312
-438
-554
-667
-735
-752
-725
-672
-632
-582
-490
-333
-148
7
130
255
377
468
521
552
575
593
599
588
556
493
402
287
162
34
-115
-270
-402
-504
-595
-698
-763
-751
-776
-941
-1192
-1287
-1132
-946
-855
-800
-600
-312
-129
-8
120
308
413
435
534
667
760
736
757
892
949
860
666
546
484
378
255
122
14
-110
-237
-320
-401
-485
-580
-629
-613
-587
-556
-527
-450
-323
-158
42
213
353
439
530
661
795
892
905
898
910
907
852
729
605
482
343
189
9
-174
-357
-482
-551
-627
-710
-791
-811
-791
-768
-696
-607
-473
-340
-214
-42
114
266
385
485
584
625
659
678
672
635
553
471
344
184
33
-109
-221
-340
-444
-530
-612
-669
-717
-724
-723
-713
-665
-589
-477
-362
-221
-58
96
232
323
380
394
385
377
371
375
381
376
352
309
267
234
189
108
17
-53
-101
-139
-170
-180
-177
-178
-152
-142
-233
-446
-649
-663
-541
-422
-379
-343
-235
-162
-123
-70
15
69
4
-21
80
231
315
321
395
499
535
465
349
275
231
218
213
195
156
81
23
-33
-120
-235
-360
-436
-484
-500
-471
-409
-312
-219
-113
1
106
188
236
296
376
470
562
650
757
827
849
820
757
676
544
399
255
123
4
-131
-250
-363
-463
-546
-628
-713
-813
-870
-863
-809
-725
-612
-444
-270
-100
66
229
376
459
510
567
638
692
685
643
604
545
462
344
216
62
-114
-278
-428
-560
-676
-734
-735
-708
-681
-653
-616
-563
-492
-402
-291
-168
-40
102
251
392
507
581
609
582
516
431
348
283
255
257
264
273
260
217
139
36
-62
-152
-210
-239
-258
-255
-237
-181
-124
-163
-337
-602
-769
-765
-690
-623
-568
-458
-360
-339
-334
-291
-236
-276
-349
-299
-116
106
281
441
609
700
701
655
608
575
544
544
546
527
496
456
386
248
55
-147
-307
-412
-475
-483
-428
-310
-194
-123
-77
-30
40
104
151
217
297
394
493
602
717
773
755
685
587
475
357
267
190
101
10
-71
-152
-255
-364
-464
-567
-675
-781
-848
-850
-786
-688
-592
-505
-416
-303
-182
-85
-5
83
179
259
318
373
410
409
374
321
242
134
28
-57
-130
-194
-241
-268
-283
-283
-267
-243
-217
-197
-160
-101
-26
38
88
143
202
259
303
340
360
371
387
394
382
353
312
253
175
89
15
-33
-46
-39
-30
-19
-19
-36
-62
-73
-73
-84
-91
-74
-41
-8
-1
-12
-33
-80
-207
-434
-675
-806
-790
-708
-628
-553
-485
-473
-540
-616
-614
-541
-465
-391
-241
-3
245
447
608
716
728
674
631
634
667
728
813
883
885
814
686
511
280
14
-217
-367
-444
-471
-467
-434
-390
-353
-336
-346
-372
-379
-330
-214
-27
202
439
649
819
932
962
921
837
736
627
521
445
409
382
315
173
-35
-268
-503
-725
-919
-1067
-1150
-1159
-1094
-976
-843
-723
-632
-567
-510
-433
-329
-210
-93
44
203
370
505
575
592
569
513
435
359
306
269
239
218
196
158
98
22
-67
-171
-263
-323
-336
-319
-286
-223
-140
-49
10
29
26
9
3
18
65
134
205
262
295
297
280
256
209
139
62
7
-17
-31
-44
-51
-44
-30
-35
-59
-93
-117
-130
-143
-128
-93
-34
21
55
82
87
76
46
-2
-70
-192
-329
-421
-443
-398
-329
-239
-161
-149
-216
-313
-362
-335
-245
-103
74
251
380
436
450
436
392
329
282
275
297
343
399
436
410
314
188
69
-43
-154
-238
-253
-211
-147
-86
-48
-54
-97
-141
-148
-111
-52
28
125
240
335
378
367
337
308
265
214
163
116
68
21
-13
-58
-130
-222
-325
-427
-514
-558
-554
-512
-455
-400
-353
-312
-275
-242
-203
-153
-87
-7
93
208
316
394
421
401
362
320
258
173
98
63
43
16
-11
-29
-54
-115
-195
-257
-289
-306
-294
-234
-149
-73
-16
35
64
55
38
53
98
143
177
207
236
247
239
212
154
73
-14
-70
-101
-121
-139
-154
-152
-146
-143
-148
-157
-165
-147
-83
13
115
209
280
316
324
325
326
322
314
309
312
308
287
253
211
158
89
20
-30
-65
-101
-137
-161
-172
-208
-299
-427
-525
-540
-492
-426
-361
-282
-207
-192
-241
-302
-316
-269
-177
-47
97
213
262
253
214
149
72
12
17
83
163
228
263
270
228
139
33
-62
-112
-115
-73
-1
66
108
123
109
64
-4
-57
-76
-61
-5
85
184
247
259
232
186
140
105
79
58
44
51
69
76
61
18
-49
-131
-212
-268
-299
-319
-326
-315
-287
-259
-258
-277
-309
-324
-305
-251
-173
-89
-12
48
91
135
169
179
169
166
193
224
234
234
235
228
198
149
108
78
31
-33
-83
-99
-97
-97
-90
-88
-101
-114
-112
-92
-74
-49
-3
64
135
191
232
260
266
260
260
256
239
223
219
207
184
164
157
123
14
-98
-160
-127
-76
-82
-108
-120
-56
-1
-21
-94
-149
-102
-29
-6
-18
-20
44
115
111
63
13
11
31
19
-6
-27
-3
63
82
35
-26
-57
-56
-87
-166
-221
-238
-241
-289
-375
-414
-419
-398
-390
-388
-343
-301
-286
-310
-336
-313
-247
-140
-14
89
156
192
206
200
163
120
136
223
337
435
484
495
447
346
222
103
31
-2
4
45
82
89
45
-38
-148
-264
-338
-343
-282
-179
-67
33
104
140
136
111
95
102
137
191
266
332
358
337
281
221
159
96
49
13
-19
-50
-75
-101
-133
-172
-206
-226
-232
-230
-224
-208
-178
-140
-97
-56
-19
8
31
54
79
109
124
119
114
122
129
116
89
62
44
41
34
10
-22
-45
-54
-59
-68
-77
-74
-62
-51
-37
-15
8
12
7
4
6
16
29
51
68
76
75
73
74
65
36
-3
-31
-41
-35
-35
-51
-75
-83
-76
-68
-78
-92
-92
-74
-56
-44
-29
-6
23
53
83
110
134
147
139
122
108
102
103
104
101
89
75
64
39
-34
-164
-303
-375
-364
-346
-359
-361
-302
-226
-230
-321
-426
-473
-448
-373
-256
-118
18
136
209
211
147
71
57
118
224
351
486
603
645
580
435
271
140
65
50
87
144
187
190
139
17
-158
-327
-429
-435
-369
-260
-133
-32
7
-21
-87
-143
-167
-142
-60
66
198
302
366
383
345
264
189
161
176
216
256
273
259
207
134
48
-41
-119
-168
-178
-159
-138
-136
-156
-190
-228
-264
-285
-279
-246
-206
-168
-135
-108
-90
-87
-95
-100
-89
-60
-24
13
46
66
74
75
74
71
61
44
26
32
53
68
62
39
18
2
-12
-28
-42
-44
-34
-19
-6
4
8
15
16
5
-15
-29
-26
-14
-3
-1
-1
4
8
1
-19
-40
-54
-50
-36
-16
4
24
36
38
32
19
9
18
36
56
81
102
123
131
121
98
74
58
50
51
59
67
68
58
40
16
-11
-36
-56
-69
-75
-71
-57
-46
-46
-55
-62
-60
-53
-47
-43
-34
-21
-9
3
10
13
13
12
12
14
13
11
10
10
10
10
10
10
9
7
3
1
0
0
0
5
8
10
13
13
11
7
4
2
3
4
5
7
9
7
4
-1
-4
-8
-8
-8
-7
-6
-5
-4
-3
-3
-5
-8
-8
-6
-1
2
4
6
6
6
6
3
2
1
2
2
1
0
-1
-2
-4
-7
-7
-7
-6
-7
-6
-5
-4
-4
-5
-4
-3
-3
-2
-2
-1
-1
-1
0
0
1
0
-1
-1
-2
-2
-3
-2
-2
-3
-2
-3
-3
-3
-5
-4
-4
-3
-3
-3
-3
-2
-2
-1
-1
0
0
2
2
2
2
1
2
2
3
4
4
5
6
5
6
5
4
5
4
5
4
3
3
3
1
0
0
-1
-2
-3
-3
-3
-4
-4
-4
-4
-5
-5
-4
-3
-2
-3
-1
-2
-2
-1
-1
-2
0
-1
-1
0
0
1
1
1
1
1
0
0
0
1
0
0
0
-1
-1
-1
-1
-2
-2
-2
-3
-2
-3
-2
-2
-2
-3
-3
-4
-4
-4
-4
-2
-2
-2
-1
-1
-2
-3
-3
-3
-2
-1
2
3
3
3
4
3
2
2
3
4
