1
0
0
1
0
1
0
1
0
0
0
0
0
-1
-1
-1
-1
-1
0
0
0
0
1
0
-1
-1
0
-1
-1
-1
0
-1
-1
0
0
0
-1
0
0
0
1
-1
0
0
0
0
0
0
1
1
0
0
0
0
1
0
0
0
1
1
0
1
0
0
0
0
0
0
0
1
0
1
0
-1
0
0
-1
-1
-1
-1
-1
-1
0
0
-1
0
-1
0
-1
1
0
0
0
1
1
2
1
1
0
1
1
1
0
0
1
0
0
0
0
1
1
0
0
1
1
1
0
0
0
-1
0
0
-1
-2
-1
-1
0
-1
-1
-2
-1
-1
-1
0
0
0
0
0
-1
0
0
0
0
0
0
1
1
0
0
0
0
-1
0
0
-1
0
0
0
0
0
1
1
0
0
0
0
1
1
1
1
0
0
0
1
0
0
0
1
1
1
1
0
0
1
0
0
1
1
0
1
0
1
0
0
1
0
0
0
0
0
-1
0
-1
0
0
1
1
0
0
-1
0
-1
-1
0
0
0
0
0
-1
-1
0
0
0
0
0
0
1
0
1
-1
1
1
1
0
0
0
0
0
1
1
0
-1
0
-1
-1
-1
0
0
-1
-1
-1
0
0
0
0
0
1
-1
0
0
0
1
1
1
1
1
0
1
0
1
1
0
1
1
0
0
1
1
0
1
1
0
0
1
1
1
0
0
1
0
1
0
0
-1
-1
0
0
-1
0
0
0
0
0
-1
0
-1
-1
0
-1
-1
-1
0
-1
-1
0
0
0
-1
0
0
1
0
0
0
0
0
0
0
0
0
1
1
0
0
-1
0
-1
0
0
-1
0
1
-1
-1
0
0
-1
0
0
1
0
0
0
0
0
-1
0
0
1
0
1
1
0
0
1
0
1
1
1
0
1
1
1
1
0
1
0
1
1
0
1
1
0
0
0
0
0
-1
-1
-1
-1
-1
-1
0
-2
-1
-2
-1
-2
-1
-1
-1
-1
-1
-1
-1
-2
-2
-2
-1
-1
-1
-1
-1
0
1
0
0
0
1
1
1
2
0
1
1
0
0
1
-1
0
0
0
0
0
1
1
0
0
0
0
1
0
0
0
1
1
1
1
2
1
1
1
1
1
1
0
0
1
0
0
0
0
0
0
0
0
-1
-1
0
0
-1
-1
-1
-1
0
0
-1
-1
1
0
0
1
0
0
1
0
0
0
-1
0
0
-1
-1
-1
-1
-1
-1
-1
0
-1
0
0
-1
0
0
-1
0
0
0
0
0
1
1
0
0
1
0
-1
1
-1
0
-1
0
0
0
0
0
0
1
0
1
0
0
0
1
0
0
0
0
0
-1
0
0
0
0
-1
0
0
0
1
-1
-1
0
0
0
0
1
0
0
0
0
0
0
-1
-1
-1
-1
-1
-1
-1
0
0
0
-1
0
1
0
0
0
0
0
0
0
0
1
0
1
0
1
0
0
0
0
0
1
0
1
1
0
0
1
0
2
2
1
0
1
1
0
1
0
1
0
0
-1
0
0
-1
-1
-1
-1
-1
-1
0
-1
-1
0
0
0
0
0
0
0
0
0
0
0
1
1
0
1
0
0
0
0
0
2
1
0
0
1
0
1
0
0
0
-1
0
-1
-1
-2
-1
0
-1
0
0
0
-1
-1
0
0
-1
0
0
0
-1
1
1
0
0
0
0
0
0
0
-1
0
0
0
-1
1
0
0
0
0
1
1
0
0
1
1
1
1
0
1
0
1
0
1
0
0
0
0
0
0
1
-1
0
0
0
0
0
-1
-1
-1
0
-1
0
-1
0
0
-1
0
0
0
0
1
0
1
1
1
0
0
0
0
-1
0
0
0
-1
0
0
1
0
-1
0
0
0
1
1
1
1
0
1
-1
0
0
-1
0
0
0
0
-1
0
0
0
-1
0
-1
0
-1
-1
0
0
0
0
0
0
0
0
0
1
1
0
1
-1
0
-1
0
0
0
0
-1
-1
0
0
-1
0
0
0
0
1
1
1
1
0
1
0
0
0
0
0
1
0
0
0
0
0
0
0
0
1
0
1
0
0
-1
1
-1
0
0
-1
0
0
-1
-1
-1
0
-1
-1
0
-1
-1
-1
0
-1
0
-1
0
0
-1
0
0
0
1
-1
0
0
0
0
1
1
1
0
0
0
0
0
0
0
1
1
1
1
1
0
0
1
0
0
0
-1
0
-2
-1
-2
-1
-1
-1
-1
0
-1
-1
0
0
0
0
-1
0
0
0
0
0
1
0
0
0
1
1
1
0
0
1
0
1
0
0
0
1
1
0
0
0
0
0
0
0
-1
1
0
-1
0
0
-1
-1
-1
0
0
-1
0
0
0
0
0
1
-1
0
0
0
0
0
0
0
1
1
0
0
-1
-1
0
-1
1
1
1
1
1
1
2
1
1
1
0
2
2
1
0
0
0
0
-1
-1
-1
-1
-1
-1
-1
-1
0
-1
0
0
-1
0
0
-1
-1
0
0
0
0
-2
-1
-1
-1
0
-1
0
0
0
0
1
0
0
0
0
0
1
1
1
0
1
0
1
0
0
1
0
1
1
1
1
0
0
1
0
0
1
0
0
-1
-1
-1
0
-1
-1
-1
-1
-2
-1
-1
0
-1
-1
0
0
0
0
0
0
1
1
0
0
1
0
0
1
0
1
0
1
-1
0
0
0
0
0
0
0
2
0
1
1
0
0
-1
0
0
0
0
0
0
0
0
0
0
-1
-1
-1
-1
0
-1
0
0
1
0
0
0
-1
-1
0
-1
0
1
1
0
0
0
0
0
0
0
0
0
0
0
0
0
0
0
0
1
0
0
1
1
0
0
0
0
0
0
1
0
0
0
0
1
0
0
-1
0
0
0
0
-1
0
0
-1
0
-1
0
0
-1
0
-1
0
0
0
0
1
0
0
0
1
1
1
1
1
2
2
1
1
0
0
0
-1
-1
-1
0
0
0
0
0
1
0
1
1
0
1
0
0
0
0
0
0
0
0
0
0
0
0
-1
-1
0
-1
0
-1
-1
-1
0
0
0
0
0
1
0
1
0
1
1
1
0
0
-1
0
1
0
0
1
0
1
1
1
1
-1
0
1
0
1
1
0
1
0
1
-1
0
1
0
-1
0
-1
-1
0
-1
-1
0
0
0
0
0
0
-1
0
1
0
1
1
0
0
0
-1
0
-2
-2
-1
-1
-1
-1
0
0
0
1
1
1
1
1
1
0
1
0
0
0
0
0
1
1
0
1
0
0
0
-2
0
-1
0
0
0
0
0
0
0
0
0
1
0
1
0
-1
0
0
0
-1
-1
-1
-1
0
0
0
1
1
1
1
0
0
1
1
0
0
0
0
1
0
0
0
0
-1
0
-1
0
0
0
-1
0
0
1
0
0
0
1
1
0
0
1
0
0
1
1
0
0
0
0
0
-1
0
0
0
0
0
0
-1
-1
0
0
-1
-1
-1
-1
-1
-1
0
-1
-1
0
-1
0
0
0
0
0
-1
-1
0
0
0
0
0
1
0
1
1
1
1
1
0
0
0
0
0
0
-1
0
0
0
0
1
0
1
1
1
0
0
1
0
1
0
0
0
0
0
1
0
1
0
0
0
1
0
-1
-1
-1
-2
0
0
-1
-1
-1
0
0
0
0
1
0
0
0
1
0
0
0
0
1
0
1
1
1
0
1
1
0
0
-1
-2
-2
-3
-3
-3
-2
-2
-2
-2
-1
-1
-1
-1
-1
-1
-1
-1
-1
0
0
0
-1
0
0
0
0
0
1
-1
0
1
0
2
3
3
3
4
5
5
4
5
5
4
2
2
1
1
0
-1
-2
-2
-2
-2
-2
-1
-1
0
0
-1
0
0
1
1
1
1
1
1
0
0
0
-1
-2
-1
-2
-1
-1
-1
-1
-1
-2
-3
-2
-1
-1
0
0
1
2
2
1
2
1
0
-1
-3
-2
-3
-2
-3
-3
-3
-3
-3
-2
-1
-1
-2
0
-1
-1
0
0
0
1
2
1
2
3
2
2
1
1
1
1
1
0
1
1
1
1
2
4
4
5
5
5
4
5
4
2
2
1
0
-1
-2
-2
-2
-3
-2
-3
-3
-3
-3
-2
-2
-2
-2
-2
-1
-1
0
-1
0
-1
-1
-1
0
1
0
-1
0
-1
0
0
0
0
-1
0
1
0
0
1
0
1
0
0
-1
-2
-2
-3
-3
-5
-5
-4
-4
-3
-2
-3
-1
-1
0
-1
0
1
2
3
3
2
2
2
2
2
2
3
3
3
3
4
3
3
3
2
3
3
3
4
4
4
4
4
3
3
2
3
2
1
0
1
-1
-1
-2
-2
-2
-2
-1
-1
-2
-2
-3
-3
-4
-3
-4
-4
-4
-4
-5
-5
-5
-6
-6
-5
-4
-2
-1
-1
0
1
0
2
2
3
3
3
3
3
3
1
1
0
-3
-3
-4
-5
-2
-3
-3
-3
-1
0
0
2
3
4
4
5
6
6
5
5
4
3
1
0
-1
-2
-2
-3
-2
-1
-1
-2
-1
1
1
2
4
5
6
5
5
6
6
3
3
1
0
-2
-2
-3
-5
-6
-6
-6
-5
-5
-4
-3
-2
-2
0
0
0
2
2
2
2
2
0
-2
-3
-5
-6
-5
-5
-4
-3
-1
-1
0
0
0
-1
0
2
3
4
5
5
4
3
2
-1
-3
-3
-6
-6
-6
-7
-7
-7
-5
-4
-2
0
2
5
6
7
10
11
13
12
13
12
12
10
7
4
1
-2
-3
-5
-5
-6
-6
-5
-5
-3
-2
-2
0
1
3
5
7
8
7
7
3
0
-3
-8
-9
-10
-11
-13
-14
-14
-15
-14
-13
-11
-8
-5
0
3
7
11
13
14
13
13
12
10
9
8
5
4
1
-2
-3
-4
-4
-5
-5
-4
-2
-1
1
3
5
7
7
8
8
6
5
3
-1
-5
-9
-12
-14
-16
-18
-17
-18
-17
-16
-15
-13
-9
-5
0
5
10
15
19
21
23
24
22
21
18
18
14
11
7
2
-1
-4
-6
-6
-7
-6
-7
-4
-4
-2
1
3
5
8
8
9
8
5
2
-3
-7
-11
-16
-20
-24
-26
-27
-27
-26
-23
-19
-15
-9
-3
3
6
9
11
12
13
13
13
12
10
8
5
2
0
-4
-7
-8
-8
-6
-4
-3
-1
0
3
5
9
12
13
15
16
15
15
12
8
5
1
-3
-6
-8
-11
-13
-16
-16
-15
-14
-12
-11
-7
-5
0
3
7
10
12
13
14
13
14
11
9
9
8
7
6
5
3
1
0
-1
-2
-2
-3
-2
0
1
3
4
6
8
9
10
9
7
3
-1
-4
-8
-11
-13
-16
-19
-19
-19
-19
-18
-17
-16
-14
-11
-8
-5
-1
3
5
10
14
16
17
16
14
11
7
4
2
0
-2
-3
-4
-5
-7
-8
-7
-7
-6
-3
0
4
7
9
10
11
10
8
8
7
6
4
2
0
-2
-6
-6
-7
-7
-6
-6
-5
-3
-3
-3
-1
2
4
6
8
8
9
7
6
4
2
-1
-4
-6
-10
-14
-19
-21
-24
-25
-26
-25
-23
-21
-16
-12
-7
-4
0
4
9
15
20
23
26
27
27
26
23
20
16
12
9
7
3
-1
-4
-7
-9
-9
-6
-4
-1
3
7
10
13
15
15
15
14
11
8
3
-3
-7
-12
-16
-18
-19
-19
-18
-17
-15
-12
-10
-7
-3
2
6
11
14
17
17
16
13
10
7
5
1
-2
-4
-6
-8
-9
-11
-12
-10
-9
-6
-3
1
4
7
10
11
12
12
12
10
6
3
-1
-6
-9
-13
-18
-19
-20
-22
-22
-22
-22
-19
-16
-13
-8
-5
0
5
8
10
13
13
13
12
11
9
6
5
4
1
-1
-3
-3
-3
-2
0
2
5
8
12
15
17
18
17
16
13
10
6
3
0
-4
-7
-11
-14
-16
-18
-18
-18
-17
-14
-10
-6
-2
3
7
12
16
18
19
20
18
17
12
10
6
3
-1
-5
-8
-9
-11
-12
-11
-11
-9
-6
-3
0
3
4
5
6
6
7
7
7
7
3
0
-5
-10
-15
-19
-21
-22
-20
-17
-13
-10
-7
-4
-1
3
5
8
12
15
17
18
18
16
14
11
8
5
2
0
-4
-6
-8
-8
-8
-7
-6
-5
-4
-3
-3
-3
-2
-2
0
2
3
5
5
4
2
1
-3
-5
-6
-6
-5
-4
-4
-4
-3
-2
-3
-3
-2
0
2
4
7
9
11
11
14
13
13
13
14
13
11
8
7
4
1
-2
-4
-7
-10
-13
-14
-17
-18
-18
-17
-16
-12
-11
-8
-6
-5
-5
-4
-3
-1
-1
0
-1
0
1
0
0
0
-2
-1
-1
-1
-1
1
4
6
9
12
14
17
18
19
19
18
19
18
16
15
11
8
4
0
-4
-8
-12
-13
-14
-14
-14
-13
-13
-11
-8
-8
-5
-3
-1
0
1
1
1
1
0
-2
-4
-4
-7
-9
-11
-11
-10
-9
-6
-3
-1
2
5
7
10
11
13
15
16
17
16
15
11
6
2
-2
-6
-9
-12
-14
-15
-14
-15
-15
-15
-14
-12
-10
-7
-3
0
4
6
9
9
9
10
9
8
5
4
3
1
-1
-3
-4
-6
-4
-5
-4
-2
0
3
7
11
15
18
21
22
22
20
18
16
13
10
5
1
-6
-10
-15
-21
-24
-26
-27
-25
-25
-21
-17
-13
-9
-4
0
3
5
9
8
8
8
7
5
4
4
0
0
-1
-2
-3
-5
-6
-6
-6
-5
-1
3
6
9
9
11
12
13
13
12
10
10
8
5
3
-2
-6
-8
-10
-10
-11
-10
-10
-9
-7
-7
-5
-3
-2
1
3
4
6
6
6
6
6
5
3
4
2
1
0
-3
-5
-7
-8
-9
-10
-9
-8
-6
-4
0
3
5
7
9
10
13
13
12
11
9
7
5
2
0
-3
-4
-6
-7
-7
-8
-9
-9
-9
-7
-4
-3
0
1
2
4
5
5
5
5
4
4
2
1
-2
-3
-5
-8
-11
-13
-14
-13
-12
-10
-6
-3
2
5
8
10
12
12
12
12
11
11
10
10
10
7
4
1
-2
-5
-8
-9
-9
-9
-8
-6
-4
-3
-1
0
1
4
4
4
4
4
5
5
4
4
2
0
-2
-5
-5
-7
-7
-7
-6
-4
-2
-1
1
1
1
2
3
5
6
6
7
6
6
4
2
-1
-3
-4
-5
-6
-6
-7
-7
-8
-7
-6
-5
-3
-1
-1
1
2
4
6
6
7
6
4
2
1
-2
-5
-6
-7
-8
-9
-9
-9
-9
-8
-6
-4
1
3
6
7
10
11
12
14
14
14
13
10
8
6
5
2
-1
-4
-5
-7
-7
-7
-6
-7
-8
-7
-6
-3
-2
1
3
4
6
6
5
4
2
1
0
0
-1
-2
-2
-3
-4
-5
-6
-6
-5
-3
-2
2
3
6
7
7
8
9
9
8
6
6
5
4
2
0
-2
-4
-6
-6
-6
-7
-8
-8
-8
-7
-6
-4
-2
0
0
1
0
0
1
1
-1
-2
-4
-5
-5
-6
-6
-7
-7
-8
-8
-8
-6
-4
-1
3
7
9
11
13
14
14
13
12
9
7
6
5
4
0
-3
-5
-6
-7
-7
-7
-7
-7
-6
-5
-2
0
3
5
6
8
10
10
9
7
3
1
-1
-4
-5
-7
-7
-9
-10
-10
-10
-7
-4
-2
1
4
6
8
8
9
9
8
7
6
5
3
2
1
-2
-4
-6
-8
-9
-9
-9
-8
-8
-9
-8
-7
-5
-4
-1
0
1
2
2
3
2
1
0
0
-1
-1
0
0
0
0
0
0
1
2
6
8
10
11
11
12
12
11
11
11
10
8
8
8
6
4
1
-1
-4
-8
-10
-12
-12
-11
-12
-11
-11
-9
-7
-6
-4
-3
-1
1
1
1
0
-1
-1
-2
-3
-5
-6
-6
-6
-5
-5
-5
-4
-2
2
4
6
6
9
9
9
10
11
10
9
8
7
6
3
1
-2
-4
-6
-7
-9
-8
-8
-7
-7
-7
-5
-6
-4
-3
-1
0
1
2
2
3
3
2
1
1
0
-3
-3
-4
-5
-5
-4
-4
-3
-1
2
4
5
6
7
8
8
8
10
10
10
9
6
4
2
1
-1
-2
-4
-5
-4
-5
-5
-5
-4
-5
-5
-4
-2
-2
-1
-1
-2
-2
-3
-3
-3
-3
-3
-4
-5
-6
-5
-5
-4
-4
-3
-1
0
1
4
5
7
9
9
10
10
10
9
8
5
4
3
2
0
0
-1
-2
-3
-3
-4
-3
-2
-1
0
1
1
2
2
3
2
3
2
3
2
0
-2
-4
-5
-7
-7
-9
-10
-10
-11
-10
-9
-8
-7
-5
-4
-2
0
2
4
5
4
3
4
4
5
5
4
4
3
1
0
0
0
-2
-4
-3
-3
-2
-2
-2
0
1
1
1
2
1
1
1
2
1
0
1
-1
-1
-2
-3
-3
-2
-1
-1
0
0
1
2
4
6
6
6
7
7
6
7
5
5
4
3
2
3
2
2
1
0
-1
-2
-3
-3
-2
-3
-2
0
0
0
0
0
-1
-1
-2
-2
-3
-3
-4
-6
-5
-6
-6
-6
-5
-5
-4
-3
-2
-2
-1
0
1
3
3
4
4
4
4
3
3
3
3
2
2
2
0
0
-3
-2
-3
-5
-5
-3
-3
-3
-2
-1
-2
-1
-1
-2
-1
0
1
0
1
1
2
1
1
2
3
4
4
3
3
2
3
3
4
4
5
5
6
5
5
5
3
2
1
0
0
-2
-4
-4
-4
-3
-4
-4
-5
-3
-3
-2
-1
1
1
0
1
0
0
0
1
0
0
0
0
-2
-2
-4
-5
-4
-5
-4
-4
-5
-4
-4
-3
-2
-1
-2
0
1
1
0
1
-1
-1
-1
-1
-1
-1
-1
-2
-2
-3
-2
-3
-2
-2
-1
0
1
2
1
2
3
3
4
5
5
5
6
5
6
5
4
4
4
4
4
4
3
3
3
4
4
6
6
6
6
7
6
6
6
5
4
3
2
2
0
-1
-2
-3
-5
-6
-8
-8
-8
-8
-9
-7
-7
-4
-4
-3
-2
-1
-1
0
-1
-1
-2
-2
-3
-4
-5
-6
-7
-8
-7
-7
-6
-5
-5
-3
-3
-2
-2
0
-1
0
0
1
3
3
3
3
2
2
1
0
-1
-1
-2
-1
-2
0
0
0
1
2
4
4
5
6
7
7
7
7
7
7
6
5
4
2
2
1
1
0
1
1
1
3
3
2
4
3
3
3
2
1
0
0
-1
-1
-2
-2
-1
-1
-1
-1
-2
-2
-3
-4
-5
-5
-5
-6
-6
-5
-4
-5
-5
-5
-4
-5
-3
-5
-4
-3
-2
-1
0
1
3
2
2
2
1
1
0
0
0
-1
0
0
0
0
1
1
2
2
2
2
3
2
2
3
3
3
3
4
3
1
2
2
1
2
2
3
3
2
2
1
1
0
-1
-1
-1
-3
-1
-3
-3
-2
-3
-3
-3
-2
-1
0
0
0
0
-2
-2
-2
-1
-1
-1
0
0
0
0
2
2
1
1
1
1
1
0
0
1
1
1
1
2
1
1
-1
-2
-3
-4
-6
-6
-7
-6
-6
-5
-5
-2
-3
-2
-1
-1
-1
0
0
1
1
2
2
3
3
4
4
5
5
4
5
4
4
4
4
4
4
4
4
4
4
2
3
2
2
2
2
1
1
1
1
0
-1
-1
-2
-2
-2
-2
-3
-3
-2
-3
-3
-3
-4
-4
-4
-5
-4
-5
-4
-3
-4
-4
-3
-3
-1
-1
-1
0
0
0
-2
-1
0
0
0
1
2
3
4
3
4
3
3
2
0
-1
-1
-1
0
-1
0
0
0
0
0
0
-1
-1
-3
-2
-1
-1
0
0
0
1
0
1
3
3
3
2
2
3
2
1
1
-1
0
0
0
0
1
1
1
2
3
2
2
1
0
-1
0
-1
-1
0
0
1
1
2
1
1
1
0
0
-2
-2
-3
-5
-5
-5
-6
-5
-5
-4
-2
-1
-1
1
2
2
3
2
3
3
3
3
3
1
1
2
1
2
3
3
3
3
3
1
1
0
-1
-1
-1
0
1
0
1
0
0
-1
-3
-3
-4
-3
-4
-3
-3
-3
-3
-2
-2
-1
0
0
1
1
2
2
1
1
0
0
0
0
0
-1
0
0
0
0
1
1
1
0
0
0
0
0
0
1
1
3
3
4
4
4
3
2
2
2
1
0
0
0
-2
-1
-2
-2
-1
-1
-1
-1
-1
-2
-1
-2
-1
-2
-2
-2
-2
-3
-2
-2
-1
-1
1
1
1
2
1
1
1
2
1
1
2
3
2
2
1
1
1
1
0
-1
-2
-2
-3
-4
-4
-4
-3
-1
0
0
1
1
1
2
2
1
1
1
0
0
-2
-3
-3
-4
-5
-4
-3
-2
0
0
1
2
2
2
3
4
3
3
2
3
3
3
3
2
2
2
1
2
0
0
-2
-1
-1
-1
0
0
0
1
1
2
2
1
1
1
2
0
0
-1
0
-2
-3
-3
-3
-2
-2
-2
-1
-2
-1
-1
-1
-1
0
1
0
0
0
1
-1
-1
-2
-2
-3
-3
-3
-3
-3
-3
-2
-1
1
3
2
4
4
5
4
3
2
2
1
0
0
1
1
1
-1
-1
-2
-1
-1
-1
0
0
0
1
1
1
1
0
1
0
0
0
0
2
2
1
0
0
-1
-2
-3
-3
-2
-3
-2
-3
-2
-3
0
-1
-1
0
0
1
2
1
1
0
1
1
0
-1
-2
-2
-2
-1
-1
0
1
1
0
0
1
2
2
2
3
3
2
2
2
0
-1
0
1
2
2
2
1
1
1
1
1
2
3
4
6
4
4
3
2
0
-2
-2
-1
-2
-3
-3
-3
-3
-6
-4
-4
-5
-3
-4
-4
-4
-5
-4
-2
-3
-2
0
1
2
1
2
2
-1
-2
-3
-1
-2
-3
-3
-2
-2
-2
-2
-1
0
1
1
1
3
4
4
5
5
5
5
6
5
3
3
3
4
4
3
4
2
1
2
4
4
2
2
1
2
0
0
0
-1
-2
-3
-2
-1
-1
0
-1
-2
-3
-3
-2
-1
-2
0
0
2
3
3
3
2
0
-1
0
2
3
2
1
1
0
0
0
0
0
-2
-3
-3
-2
-1
0
1
0
0
-1
1
0
0
-1
-2
-2
-4
-5
-6
-6
-7
-5
-4
-4
-3
-3
-4
-4
-2
-1
1
3
4
2
2
1
2
3
5
4
4
3
4
4
4
2
2
2
2
1
2
3
2
2
1
1
1
0
-1
-1
-2
-3
-3
-2
-1
0
1
2
1
1
3
2
2
0
-1
-1
2
3
4
4
2
2
2
1
1
1
1
1
-1
-2
-4
-6
-7
-6
-7
-6
-3
-1
1
1
1
3
3
3
2
2
1
-1
0
-1
-1
-2
-2
-3
-4
-5
-4
-5
-4
-3
-3
-3
-3
-1
-1
-1
-1
0
-1
0
2
2
2
1
0
0
0
0
1
0
1
1
1
2
3
4
4
5
5
5
4
7
7
6
5
4
3
1
-1
-2
-3
-1
-1
-1
-1
-2
-2
-2
-2
0
1
2
3
4
5
4
3
1
-1
-3
-3
-6
-7
-7
-7
-7
-6
-4
-3
-3
-2
-1
-1
-1
-2
-2
-2
0
0
2
2
3
2
1
2
1
2
2
2
3
4
3
3
3
2
1
1
0
0
0
0
1
2
2
2
2
2
2
2
1
-1
-1
-4
-4
-4
-5
-5
-4
-5
-4
-3
-4
-3
-2
-2
-1
0
0
1
-1
-1
0
-1
-1
-2
-2
-2
-3
-3
-1
1
2
3
5
6
7
7
7
7
5
4
4
3
3
2
0
-2
-4
-5
-4
-4
-3
-2
1
1
1
1
1
0
0
0
-1
0
-1
0
-1
0
-1
-3
-2
-3
-3
-4
-5
-4
-3
-2
-2
-1
0
1
2
3
5
5
5
4
5
4
3
3
1
0
0
0
0
-1
0
-1
-4
-4
-3
-1
-1
0
0
0
0
-1
-1
-2
-2
-4
-4
-3
-1
0
0
0
0
-1
-1
0
1
1
2
3
3
3
5
4
2
2
1
2
3
3
4
4
3
2
0
-1
-3
-3
-5
-4
-4
-3
0
1
0
-1
-2
-3
-3
-2
-2
-3
-2
-1
-2
-2
-2
-3
-4
-5
-5
-4
-2
-2
-1
-1
0
0
2
2
3
3
3
3
3
4
3
3
4
3
3
3
4
3
3
4
4
3
5
4
3
2
3
2
1
0
-1
-3
-4
-6
-6
-6
-5
-4
-3
-3
-2
-2
-2
-3
-3
-3
-2
-1
1
5
5
5
5
3
4
3
4
3
5
5
6
5
4
3
1
0
-3
-3
-2
-1
-1
-1
-1
-1
-1
-2
-4
-5
-5
-4
-3
-4
-3
-3
-4
-5
-5
-5
-4
-4
-3
-3
-1
-1
0
-1
-1
0
0
0
1
3
5
5
5
6
6
6
7
7
6
5
3
2
0
0
-1
-3
-2
-2
-2
-1
-2
-1
-1
-1
-2
-2
-2
-1
-1
-1
-1
0
0
1
1
-1
-2
-2
-1
0
0
0
2
0
1
1
2
2
1
1
0
1
2
1
0
-1
-2
-2
-3
-2
-1
-1
-1
-2
-1
-2
-2
-1
0
0
1
1
2
2
2
1
1
0
1
2
1
2
1
1
-1
-1
-3
-2
-2
-3
-2
-2
-2
-1
-1
1
0
0
1
1
1
2
3
2
2
1
1
0
-1
-2
-2
-3
-3
-4
-2
-1
-1
0
0
0
0
0
0
1
1
1
0
0
1
1
1
0
-1
-2
-2
0
1
2
2
2
3
2
3
4
5
6
6
6
6
4
3
3
1
-1
-2
-3
-3
-2
-3
-2
-1
-1
-2
-2
-3
-3
-3
-4
-5
-4
-3
-3
-2
-3
-2
-3
-3
-2
-3
-2
-1
0
2
3
3
3
5
4
3
3
2
2
1
2
2
3
2
2
1
0
-2
-2
-2
-3
-3
-3
-2
-2
-3
-3
-3
-2
-1
-2
-2
-2
-1
0
0
2
2
2
1
1
1
2
1
1
0
-2
0
0
-1
-1
-1
-1
0
-1
-1
0
0
0
0
0
0
1
2
3
3
2
3
3
2
2
3
3
2
2
0
1
0
0
0
-1
-1
-1
0
-1
0
0
0
1
1
0
1
1
1
1
2
3
4
4
4
4
2
2
2
2
1
0
-1
-1
-1
-3
-3
-4
-4
-4
-3
-2
-1
0
1
0
-1
-2
-2
-2
-1
-2
-1
0
-1
-1
-3
-3
-3
-4
-4
-4
-3
-2
-2
-2
-1
-1
-1
-1
0
-2
-2
-1
0
0
1
0
-1
1
-1
0
-1
0
1
1
3
4
4
5
5
6
5
5
5
4
2
1
0
0
0
-2
-2
-3
-3
-4
-3
-3
-4
-3
-1
-1
0
2
2
2
2
2
2
1
1
1
1
1
0
-1
-2
-2
-2
-3
-2
-1
-1
-1
1
1
0
0
0
-1
-1
0
0
0
0
1
0
1
-1
-1
-1
-1
-1
0
1
0
0
1
1
3
2
3
2
2
2
2
2
3
1
2
5
2
5
3
2
3
-3
-2
-4
-8
-5
-12
-11
-10
-10
-1
-2
1
4
4
7
4
7
6
3
1
-3
-3
-5
-4
-1
-1
1
2
3
3
4
4
4
4
2
4
0
0
3
0
4
2
3
3
0
1
-2
-2
-4
-6
-6
-11
-9
-11
-8
-3
-5
1
-1
2
7
7
14
17
21
22
19
16
9
3
-4
-11
-17
-24
-24
-28
-25
-20
-14
-6
0
9
13
16
20
19
19
16
11
5
0
-5
-9
-12
-13
-13
-14
-15
-10
-8
-6
-2
-2
0
0
-2
3
1
2
5
5
7
11
13
12
15
11
6
6
-13
-3
-40
-88
-55
-91
-52
-26
-36
71
29
56
132
89
177
138
114
123
-14
-13
-67
-105
-88
-120
-70
-92
-62
-11
21
102
104
150
138
86
74
27
3
-24
-36
-60
-56
-69
-65
-13
-40
29
42
6
40
-35
-26
-56
-86
-36
-73
-40
-40
-18
4
16
87
72
125
89
41
50
-61
-47
-98
-174
-195
-299
-313
-366
-348
-275
-210
-74
-17
125
220
295
429
421
467
419
305
210
29
-75
-203
-303
-345
-377
-352
-324
-220
-127
-22
93
146
229
223
226
218
169
174
120
125
106
78
124
110
158
161
129
108
2
-57
-124
-172
-182
-184
-151
-126
-36
62
153
268
321
394
397
331
268
127
7
-144
-292
-366
-430
-448
-400
-291
-136
70
256
473
627
552
480
307
57
-121
-472
-705
-951
-1341
-1471
-1585
-1444
-1087
-788
-254
157
492
825
1007
1266
1319
1258
1094
695
303
-176
-518
-697
-875
-882
-877
-825
-698
-595
-373
-135
46
160
175
171
169
164
258
468
703
951
1173
1368
1504
1594
1640
1599
1452
1166
674
187
-411
-1208
-1711
-2167
-2318
-2222
-2217
-1604
-1147
-687
216
750
1556
2130
2316
2603
2189
1794
1308
549
46
-600
-953
-1214
-1336
-1143
-945
-481
-78
364
715
781
836
639
359
29
-307
-535
-687
-658
-430
2
548
1218
1918
2465
2847
2750
2265
1011
-1134
-2801
-4414
-5868
-6659
-7488
-7203
-6633
-6295
-4451
-2177
598
3343
4851
6562
7171
6608
5831
4542
3637
1972
26
-1449
-3110
-4005
-4606
-4317
-3151
-2488
-1517
-775
-348
139
121
459
802
577
246
-78
76
520
1082
2116
3350
4419
4900
4912
4988
4758
4115
3270
2186
1035
-471
-2022
-3048
-3783
-4094
-4047
-3736
-3227
-2854
-2336
-1626
-858
-121
415
923
1177
1026
757
637
738
736
652
689
799
803
750
890
1157
1262
1031
644
133
-567
-1282
-1915
-2384
-2818
-3271
-3433
-3278
-2928
-2255
-1348
-304
612
712
923
1456
1407
1659
1683
1579
1627
862
824
945
747
1307
1350
1293
1032
376
-35
-954
-1643
-2224
-2783
-2988
-3249
-2913
-2377
-1491
-89
1167
2588
3779
4630
5177
5285
5193
4879
4271
3430
2636
1758
1158
781
556
499
148
24
-393
-1746
-3844
-5693
-6723
-7942
-8825
-9233
-8674
-7436
-6910
-4871
-1683
1804
5279
7142
9311
10492
9819
8850
7192
5846
3513
481
-1918
-4479
-6235
-7665
-7973
-6999
-6372
-5309
-4185
-2954
-1723
-1147
-174
845
1262
1130
896
1339
1905
2255
2890
3964
4962
5197
4995
5090
5118
4609
3764
2703
1549
-6
-1826
-3163
-4212
-4956
-5350
-5489
-5308
-5069
-4461
-3395
-2052
-663
515
1703
2654
3129
3363
3639
3932
3777
3193
2656
2297
1872
1383
1271
1440
1375
1000
557
167
-341
-1041
-1690
-2298
-3050
-3898
-4775
-5202
-5147
-4666
-3447
-2008
-391
1194
2571
4052
5078
5843
6236
5891
5157
3753
2031
314
-1313
-2535
-3529
-4056
-4152
-3935
-3388
-2683
-1750
-897
-156
468
663
688
674
611
649
867
1360
1972
2559
3292
4058
4814
5340
5043
4323
1781
-2115
-4782
-7842
-9965
-11337
-13090
-12245
-11932
-11331
-8130
-4723
700
5034
7832
11253
12146
12123
10850
9282
8442
5437
2673
-331
-3221
-4661
-6501
-6203
-5154
-4686
-3501
-3264
-2516
-1711
-1645
-868
-493
-362
-602
-957
-45
1067
2369
4024
5687
7429
7766
7508
7796
7504
6838
5451
3664
2056
-460
-2929
-4682
-5813
-6182
-6513
-6454
-6131
-5751
-4897
-3868
-2285
-720
372
1398
1967
2251
2323
2503
2873
2774
2261
1702
1398
1008
599
694
932
936
396
-291
-744
-1350
-2093
-2854
-3578
-4464
-5832
-7290
-7697
-7272
-6251
-4195
-2166
14
2176
3861
5919
7362
8472
9169
8360
7019
5020
2722
749
-924
-1894
-2432
-2420
-2077
-1630
-1012
-320
435
788
881
642
-75
-810
-1375
-1592
-1350
-355
982
2325
3955
5705
7430
9090
9815
9248
6930
2009
-2451
-6413
-10703
-12947
-15487
-16597
-16284
-17165
-14643
-10713
-5540
775
4264
8486
10790
10883
10674
8972
9087
7376
4500
2439
-961
-2402
-4028
-4690
-3114
-2979
-2257
-2353
-3003
-2668
-3325
-3152
-2860
-3176
-3401
-4252
-3754
-2255
-486
2210
4842
7665
9461
9817
10691
11278
11127
10217
8211
6006
2912
-740
-3728
-5980
-7197
-8107
-8603
-8586
-8400
-7298
-5805
-3840
-1531
212
1769
2792
3277
3611
3919
4430
4490
4035
3587
3479
3449
3197
3269
3524
3413
2358
1062
34
-1410
-2962
-5090
-6942
-8441
-10107
-9870
-9116
-7713
-4788
-2354
626
3176
5239
7614
8196
8292
7651
5815
4024
1660
-371
-2027
-3066
-3126
-3040
-2072
-705
540
1766
2388
2540
1919
586
-960
-2674
-4371
-5414
-5676
-5274
-3853
-1961
668
3826
6781
9739
12053
13289
12104
7653
2265
-2607
-7206
-11351
-14828
-16672
-17149
-17717
-17082
-13607
-7903
-1588
3250
7163
10674
11780
10911
9416
8388
7102
4168
1219
-1421
-3424
-4525
-4833
-3146
-1115
438
1635
2082
2509
1981
986
414
-699
-2445
-4754
-6155
-5817
-4752
-2798
210
4030
7261
9002
10470
12116
13055
12556
11098
9181
6365
2512
-1324
-4109
-6146
-7758
-8813
-9262
-9182
-8812
-7901
-6138
-3974
-2172
-931
36
828
1197
1303
1917
2511
2674
2648
2691
3276
3454
3757
4307
4117
3851
3072
1923
374
-1272
-2434
-4154
-5527
-6600
-7261
-7008
-6684
-5151
-3358
-1512
812
2041
3204
3985
4126
3898
2764
1793
656
-354
-911
-1189
-638
290
1604
3007
4237
5253
5708
5531
4755
3365
1443
-648
-2863
-4644
-5952
-6568
-6140
-5253
-3180
-674
2185
5535
7559
7821
4872
1865
-188
-3841
-6334
-9427
-11186
-11364
-13679
-12668
-9424
-4557
1511
4334
8045
10612
10566
9673
7133
6399
4095
-63
-3232
-6778
-8158
-9154
-9186
-6288
-3926
-1234
1147
2885
5068
5653
5899
5888
4585
2614
-294
-2064
-2597
-2969
-2234
-899
1499
3581
4285
5976
7739
8590
8421
7115
6117
4293
1519
-924
-2953
-4256
-5671
-6707
-6882
-6894
-6005
-5033
-4362
-2644
-1149
-81
1404
1764
2047
2419
1659
1593
1226
978
1918
2048
2327
2793
3188
3686
3807
4360
4353
3948
2981
957
-677
-2821
-4666
-5560
-6678
-6813
-6431
-6046
-4659
-3081
-1209
968
2360
3570
4275
4166
3998
3169
2207
1366
390
-11
-416
-403
-12
-41
380
682
592
689
381
-348
-1528
-2680
-3364
-4014
-3590
-2305
-1033
1021
2100
3082
3959
2192
1809
943
-1388
-2501
-6089
-8168
-9019
-10844
-9367
-7846
-4676
-633
1446
4766
6453
8040
8822
7349
7069
4408
1465
-1078
-4724
-5765
-6984
-7335
-6109
-5730
-3913
-2195
-459
1758
2757
3873
3904
3132
2314
814
654
648
568
1458
2078
3572
5146
5988
7478
8528
9002
8796
7574
6119
4016
1775
-468
-2841
-4578
-6210
-7254
-7676
-8003
-7032
-5520
-4107
-2322
-875
722
2085
2475
2821
2856
2548
1901
1070
517
-178
-169
-127
-132
830
1381
2131
2727
2746
3214
2795
2149
1453
133
-901
-2048
-2996
-3596
-3801
-3336
-2789
-2050
-1283
-610
192
980
1631
2129
2517
2668
2592
2116
1793
1554
1105
866
87
-610
-1133
-1888
-2211
-2633
-2481
-2035
-1602
-511
117
1210
136
-3839
-5510
-7253
-8885
-9713
-12039
-11344
-10971
-11995
-9367
-5742
306
5975
9186
13645
15949
16759
15773
13675
12681
8578
4005
-568
-5448
-7851
-10525
-10867
-9189
-8315
-6456
-4965
-3039
-1015
27
1292
1695
1456
142
-1260
-758
177
1693
3442
5239
7677
8768
8907
9608
9901
9244
7599
5280
2997
456
-2202
-4195
-5485
-6430
-7060
-7069
-6872
-6491
-5589
-4819
-3830
-2574
-1849
-958
47
577
1308
2063
2605
3320
3905
4431
4963
4606
4260
4449
3823
3283
2706
1816
1309
33
-1115
-1714
-2370
-2514
-2922
-3008
-2603
-2286
-1797
-1502
-840
-143
301
683
790
1307
1721
1863
2192
2461
2882
3158
3228
3389
3510
3284
2693
1673
450
-797
-2341
-3747
-5114
-6360
-7062
-7568
-7550
-6546
-4953
-2447
-154
1268
494
-2948
-3933
-4720
-6586
-7268
-9387
-8886
-8779
-10157
-6488
-2169
3956
9006
10916
14854
15608
15076
13297
10361
9302
4608
141
-3813
-7785
-8609
-9996
-8881
-6411
-5065
-2800
-1544
267
1746
1957
2508
1880
703
-1031
-2471
-1898
-888
504
2610
4907
7421
8978
9613
10777
11089
9739
7442
4289
1143
-2242
-5713
-8154
-9697
-10553
-10935
-10517
-9331
-7945
-6132
-4249
-2351
-299
1456
2924
3897
4312
4923
5491
5318
5253
5271
5189
5267
4858
4720
4527
3922
3088
1565
443
-1169
-2949
-3985
-5142
-5217
-5175
-5195
-4175
-3175
-1533
396
1848
3418
4420
4684
4546
4224
4081
3871
3442
2755
2052
1676
1265
789
564
272
-231
-965
-2053
-3031
-3796
-4595
-5100
-5398
-5574
-5143
-4633
-3802
-2105
-300
1643
3770
4623
2015
-2358
-5779
-8427
-10176
-12520
-13806
-12853
-12794
-11666
-8301
-2461
5121
10406
14068
16722
17610
16082
12558
9727
6660
2827
-1491
-5670
-7764
-9000
-8963
-6720
-3859
-1251
276
1219
2132
2135
1201
-122
-1743
-3943
-6171
-7111
-5988
-3130
518
4430
8604
12461
14751
15742
15958
14964
12415
8241
3554
-1133
-5555
-8899
-10878
-11314
-10975
-9906
-8071
-6335
-4526
-2897
-1662
-1124
-1257
-1561
-2110
-2207
-2081
-1477
-170
1128
3304
5643
7519
9515
10394
10613
10333
8740
6754
4181
1474
-1088
-3669
-5139
-5822
-5799
-5401
-4890
-3787
-2915
-2133
-1434
-975
-285
109
259
577
1236
2323
3682
4990
5971
7022
7660
7555
6780
5407
3928
1816
-831
-3367
-5679
-7613
-8904
-9518
-9634
-8713
-7400
-6044
-4025
-2394
219
2578
3531
2583
-3542
-7074
-8486
-11542
-12042
-14492
-12799
-10042
-11350
-6844
-1359
6414
13054
14872
18748
18893
17402
13657
9253
7444
2344
-1505
-6127
-9595
-9662
-10321
-7446
-4363
-1509
546
951
1947
1159
687
-706
-2020
-3560
-6618
-6650
-5319
-1701
2586
6483
11457
14247
16130
15709
14524
12886
8412
4343
-977
-5292
-8169
-10937
-10737
-9999
-7771
-5216
-3628
-1792
-1524
-916
-1236
-2535
-3303
-4711
-4903
-5016
-4259
-1790
634
3920
6561
9073
11129
11613
11863
10293
8125
5632
1972
-723
-3073
-4633
-5043
-4764
-3295
-1685
-51
1106
1688
1862
1067
192
-1058
-2227
-2797
-3289
-2817
-1695
118
2505
4602
6409
7464
7991
7513
5989
4262
2170
225
-1606
-3300
-4473
-5312
-5556
-5577
-5635
-5429
-5265
-5438
-5294
-5180
-4311
-2833
-2279
-2069
-7043
-11187
-10426
-11821
-10108
-10527
-9790
-4998
-6150
-2885
1987
8010
14985
15278
17259
16245
14276
10464
4672
3729
-1330
-4025
-7076
-10040
-7782
-8509
-4641
-1363
897
3541
2084
3087
712
-922
-2178
-4856
-4430
-7044
-5819
-2481
1408
8113
11678
16203
18621
18196
16514
12236
8416
2383
-3814
-8962
-12817
-13759
-13794
-11463
-7918
-4199
-598
1869
3351
2920
1209
-1611
-4746
-7015
-7771
-6975
-5509
-2563
1038
4889
8558
10971
13012
13016
11051
7870
3352
-492
-3688
-6169
-7561
-7026
-5147
-3318
-515
2091
4746
6437
5904
5047
2757
243
-1729
-3645
-3980
-3494
-2048
-66
2136
4841
6949
8588
8923
7982
6223
3378
783
-1881
-3874
-4625
-5056
-4340
-3632
-2666
-1330
-923
-784
-1871
-3434
-4598
-6126
-6457
-6274
-5833
-4757
-9175
-13478
-12432
-12442
-9729
-9997
-9844
-4885
-6262
-3773
680
6755
14859
14957
17224
16426
14581
12402
6377
6242
1320
-2027
-4038
-8047
-5312
-6021
-3135
446
265
2144
-7
-419
-2241
-5445
-6180
-7756
-6988
-7184
-5481
-144
5224
11454
15845
18852
20550
18693
14457
9671
4199
-1325
-6543
-11070
-12733
-12776
-10555
-7157
-4081
-1228
-455
713
-525
-3366
-5563
-9171
-10865
-12835
-11922
-7184
-3011
3290
8147
12510
16460
16713
16716
14188
10232
5930
-160
-4295
-7077
-7962
-6962
-5217
-1959
1033
3860
5297
5373
5101
3073
744
-2269
-5366
-6506
-7027
-5874
-3124
-257
3599
6691
8635
10365
10684
10286
8697
5910
3133
197
-1947
-3581
-4433
-4076
-3621
-3023
-2838
-2935
-3057
-3944
-5260
-6699
-7572
-7620
-7323
-5313
-3243
-1013
-1960
-8287
-9355
-9854
-9760
-8475
-11540
-7182
-6158
-6426
-316
4005
13714
16760
16239
16604
11727
9640
3905
1278
-748
-5005
-4411
-6413
-4069
-1347
821
5891
5445
4153
1364
-2259
-4613
-8416
-10937
-10624
-8495
-5968
-2429
2685
9894
15808
19154
20416
18939
16196
9700
3115
-2781
-8250
-10074
-12030
-11025
-8175
-4805
555
3206
4502
3305
948
-2060
-7675
-12085
-15624
-16403
-15198
-12730
-6370
462
7306
12809
15630
17379
16276
12700
7816
1449
-3773
-6854
-9032
-8743
-6274
-2521
2514
6244
9366
11852
11536
9639
5930
1208
-2502
-5814
-8080
-8725
-8068
-5804
-2537
894
4327
7483
9221
9302
8401
6757
5155
3294
1255
391
-417
-1071
-747
-525
-138
66
-328
-884
-1921
-3476
-4985
-6537
-7646
-7729
-6735
-5286
-3683
-3656
-9551
-14041
-15327
-15467
-11084
-11344
-8830
-4068
-4117
1687
6372
12871
19455
18516
17558
12466
6759
2353
-748
-1416
-4500
-4960
-4217
-2278
1034
2307
5461
6483
2940
-1401
-6323
-9564
-10483
-12092
-11459
-8804
-5869
313
5905
11625
17091
19052
19742
16617
11842
7202
2362
-1520
-6014
-8700
-9413
-7807
-4601
-2134
794
2269
1634
-821
-4226
-7377
-9328
-10842
-12661
-11771
-10833
-7190
-1108
3313
9560
12453
12940
12773
9230
6868
4030
359
-2019
-4282
-5187
-4309
-2575
532
3890
5753
6396
5807
4838
3692
2362
352
-1964
-2997
-3641
-2747
-1327
-83
2379
3479
4216
5067
5066
5725
5489
4241
3304
2024
1418
1528
1118
929
449
-362
-1128
-2551
-3532
-3978
-4378
-4604
-5302
-5522
-5258
-5210
-3624
-3168
-2340
-3725
-11666
-16389
-20809
-19527
-13308
-12948
-8228
-6390
-3979
2568
7271
15267
18487
18614
15830
11247
6450
1552
1766
1289
1661
-277
-1180
1318
2417
5434
5491
4741
4
-6787
-9863
-11595
-10025
-9779
-7340
-4146
-1808
2403
5907
12184
15996
16660
15458
11166
7340
3783
1881
706
-940
-2918
-3395
-2310
-1137
498
908
-5
-2694
-7001
-11083
-12952
-13668
-13086
-11104
-10064
-7965
-5224
-1066
4734
9013
10731
9779
7307
4663
3298
2701
2115
835
-714
-1070
130
2348
4383
6004
6274
5105
3082
1037
-347
-1002
-1507
-2376
-2879
-3085
-2047
-16
1870
3458
3908
3814
3806
3988
4727
5586
6068
6030
5575
5406
5766
6085
5697
4128
1827
-619
-2918
-4880
-6349
-6933
-6771
-6743
-6669
-6470
-5986
-4946
-4434
-4583
-8043
-14603
-21109
-24906
-22508
-16831
-10924
-6797
-5435
-3975
864
9354
17609
21614
18789
12709
6858
2793
2503
3585
3977
1945
-1204
-1807
806
4819
7180
7525
5096
273
-4981
-8590
-9094
-8146
-6621
-5230
-3445
-1277
1596
6297
11325
15152
15900
13809
9827
5391
1989
209
18
-1091
-2907
-4593
-4849
-3145
-586
1935
2251
208
-4346
-8568
-10184
-10141
-8437
-7343
-7211
-7074
-6398
-3848
29
3691
5755
5600
3382
777
-741
-795
232
878
1037
970
1237
2364
3965
5861
7355
7508
6100
3797
1566
600
685
1182
1729
1750
1515
1191
1586
2113
2222
1906
941
51
-848
-983
-174
870
1831
2783
3494
3765
3621
2862
1947
826
-95
-1145
-2664
-3659
-4140
-4520
-4680
-4769
-5047
-5581
-6565
-7258
-7546
-7602
-7060
-6374
-5656
-4665
-3477
-2258
-1012
40
1207
2741
4402
5867
6669
6695
5913
4804
3766
2916
2165
1081
-446
-2220
-3806
-4727
-4701
-3992
-3188
-2723
-2732
-2799
-2436
-1519
-56
1478
2729
3587
3967
4396
4683
4611
4161
3452
3066
2270
1220
182
-524
-653
-945
-908
-1408
-2537
-3643
-4821
-5238
-5114
-4610
-3844
-2998
-1733
21
1922
3405
4323
4448
3901
3217
2394
1788
1402
898
617
226
85
541
669
350
-467
-1362
-1588
-1697
-1799
-1775
-1781
-1277
-721
52
1374
2827
4380
5149
5232
4783
4450
4088
3337
2636
1526
753
35
-141
246
800
1540
1716
1510
818
552
580
209
-140
-581
-967
-1075
-907
-116
724
858
422
-476
-1403
-2293
-3355
-4402
-5233
-5879
-6250
-6422
-6464
-6005
-5246
-4362
-3457
-2483
-1289
-278
267
105
-116
247
1125
2240
2996
3121
2570
1631
866
919
1626
1833
794
-1533
-4001
-5429
-5537
-4350
-2908
-1825
-1253
-643
879
3083
5449
7178
7643
6482
4672
3370
3161
3805
3805
3091
1762
350
-425
-792
-585
-606
-1480
-3279
-5205
-5866
-5436
-4091
-2843
-2165
-1615
-1173
55
1969
3621
4061
3111
1560
592
495
1365
1844
618
-1180
-2354
-1780
-464
572
-50
-2091
-3636
-4104
-2977
-1517
-472
-14
-40
706
2431
4405
5967
6798
6882
6384
5672
4789
3764
2822
1958
1534
1354
787
452
497
987
1680
1740
1540
961
-155
-752
-842
-685
-437
-570
-536
-313
72
536
884
860
156
-1041
-2237
-3134
-3411
-3321
-3256
-3665
-7649
-13848
-18794
-19629
-14732
-9394
-6310
-5872
-7402
-7404
-3595
3411
9132
9962
6499
3570
2734
3341
5770
8185
9362
7826
5102
3666
3198
2971
2661
2551
989
-2389
-5376
-5232
-2232
696
2056
1248
-560
-2440
-2514
585
4363
6898
7493
6842
6230
5721
5628
5796
5030
2515
-870
-3499
-4465
-3505
-1351
428
513
-1635
-4570
-5893
-5451
-4544
-4195
-5190
-7082
-8159
-7143
-3679
137
1682
995
-554
-1796
-1780
-499
1097
2213
2106
1610
2207
3717
5197
6034
5743
4342
2720
1844
2422
3877
4664
4268
2912
1035
-426
-868
-768
-775
-1215
-1627
-966
664
2653
4543
5736
5965
5476
4811
4359
4068
3687
3356
3369
3022
2573
2041
1709
1852
1421
16
-7088
-17981
-26700
-28599
-21642
-14738
-10385
-9480
-11270
-11437
-8529
-1195
5454
7626
5735
4122
3615
3603
6603
11373
15321
13796
8672
4102
1327
2
-866
-733
-2770
-7287
-11546
-11690
-7974
-4415
-1997
-955
-880
-2318
-2096
2466
9054
14588
16853
16630
14817
12203
10630
10848
10105
6709
2202
-1522
-3118
-3781
-3799
-3309
-4339
-7664
-11461
-13585
-13592
-12669
-11481
-9349
-7223
-4992
-2040
1529
4287
4146
2147
101
-960
-912
420
2559
4070
3987
3116
2794
2417
1801
773
-231
-1516
-3337
-3889
-2842
-665
1081
1741
1785
1287
1064
1550
2758
3932
4252
4313
4778
5313
6152
7107
7758
7582
5965
4224
3103
2757
2969
3330
3546
3111
2160
954
-146
-1488
-2741
-3305
-2937
-2629
-2769
-6704
-14998
-21685
-23276
-16397
-8377
-4558
-3586
-5596
-6688
-6171
-1637
4257
6861
5271
2426
1617
539
1463
4845
8554
8210
3147
-1096
-2470
-2029
-2364
-1816
-1498
-3655
-6921
-8254
-5880
-3418
-1963
-522
1477
2187
2238
5419
10873
15702
16928
15193
12334
8516
5198
4374
4959
4377
3040
1849
1801
1636
296
-802
-2695
-6158
-10076
-12578
-12471
-10820
-8786
-6685
-4925
-3635
-2408
-646
876
891
-256
-1569
-1757
-684
956
2849
3111
1650
154
-553
125
694
501
105
-515
-824
-461
278
462
-373
-2015
-3544
-4010
-3527
-1642
1176
3336
4734
5375
5795
6431
7236
8049
8442
8210
7332
7059
7145
7449
7433
6100
4071
1275
-1079
-2442
-3048
-3393
-3885
-3785
-3596
-2354
-1028
-295
-1898
-10724
-20959
-25688
-21045
-10122
-2725
552
625
-2267
-5684
-4855
426
5987
7206
4430
3057
965
-384
2512
7795
9969
5281
-1369
-4275
-3932
-3911
-2046
1045
1161
-2771
-7673
-8219
-6330
-4666
-2948
-1039
-983
-2433
-602
5592
12690
16236
16064
13569
9245
4878
3554
5120
5899
5287
4231
4082
4150
3606
3758
2824
-1078
-6953
-11335
-12447
-11401
-9580
-7741
-6507
-7040
-7514
-5973
-3273
-1053
552
1650
1873
1182
480
1922
4078
5073
4931
3810
2560
1456
702
528
-323
-2272
-2884
-2432
-1921
-1712
-2288
-2846
-3863
-4891
-4514
-2674
-762
1043
2726
3902
4783
5342
6547
8057
8818
9023
9150
8792
8020
7150
5819
4200
1979
-80
-1266
-2347
-3003
-3024
-2933
-3309
-3993
-4126
-2681
-748
648
1022
-4950
-14339
-19417
-16355
-6488
-752
-681
-2060
-5592
-8953
-8066
-1857
6533
9590
7216
5716
2877
-470
-779
2136
4383
981
-3339
-3276
-677
523
1587
3702
3000
-2400
-8309
-9314
-6545
-3657
-1669
258
679
-609
-17
3423
7735
10373
10754
9687
7451
5029
4908
6322
6268
4763
2613
1061
475
179
198
-560
-2923
-5390
-7063
-8099
-8076
-7280
-6135
-5479
-5388
-4472
-2596
-1043
-44
1240
2317
2781
3116
4107
5765
6631
6153
5054
2495
-377
-1646
-1810
-909
-553
-243
344
-629
-2276
-3502
-4103
-4451
-4561
-3503
-1287
348
1312
2098
2341
2402
2553
3538
4577
4962
5401
5946
6212
5741
4966
4357
3485
2162
1122
431
-395
-1719
-3250
-4131
-4479
-4261
-3608
-2656
-1368
394
1574
1960
-1199
-10412
-17918
-18441
-10834
-1484
1216
956
-1129
-5963
-8893
-5983
2421
10337
10374
7388
5202
1435
-330
1107
4305
4678
857
-1398
-222
913
1220
2681
3138
-362
-6691
-9983
-7682
-3646
-1344
-899
-1041
-2437
-3222
-1329
2838
7858
10362
9832
7851
5683
5241
6153
6013
4961
3556
2155
1912
1660
1526
902
-1984
-4920
-7096
-7987
-6792
-5053
-4472
-5633
-7230
-6955
-5073
-4064
-3198
-1667
21
1633
3351
5311
6839
6832
5677
4464
2476
1293
1976
3414
4214
3688
2849
1487
-874
-3367
-4774
-5368
-5529
-4763
-3020
-1261
-689
-1112
-1978
-2951
-3451
-2241
568
3702
6305
7804
8141
7347
6087
5455
5575
5223
4763
4391
3600
2407
647
-879
-2249
-3698
-4550
-5041
-5556
-5253
-4071
-2039
-1352
-1692
-4522
-12440
-17575
-16353
-8231
-28
473
-101
-2152
-6791
-8003
-3694
5842
13044
11907
9680
7152
2246
-147
590
3360
3823
945
385
1641
1686
1196
694
-1185
-5143
-8886
-9067
-5604
-2140
-1036
-1193
-2175
-3141
-2495
-221
4305
8920
10250
9195
7536
6841
7180
6438
4863
3302
1556
738
1066
1417
1400
141
-2601
-5563
-8033
-8745
-6914
-4225
-2661
-2860
-4749
-6270
-6215
-5393
-2728
1139
4186
6094
6186
5485
4982
3543
2284
1519
1036
2228
3908
4940
4611
2567
388
-2017
-4124
-4474
-3503
-1973
-1215
-1130
-1308
-2258
-3099
-3365
-2497
-482
1659
3506
4091
3526
2941
2329
2015
2247
2748
3773
4495
4622
4547
3227
1458
-98
-1545
-1719
-1794
-1595
-788
-1347
-2291
-2942
-2684
-649
144
-312
-1770
-8916
-16200
-17028
-11188
-1391
1145
-1078
-3348
-9036
-11680
-8311
880
10836
12290
9642
7547
4206
2421
3387
6008
7627
5416
3451
3868
4139
3396
1484
-1685
-6169
-10267
-11474
-8581
-3924
-2060
-2701
-4441
-5769
-4800
-2770
1596
7145
9603
9630
8610
7919
8002
6660
4897
4022
3061
3428
4162
3661
2427
-527
-3637
-6186
-7889
-7019
-4931
-3408
-3982
-6245
-7694
-7822
-6290
-3631
-1339
1112
2997
3829
4223
3400
2457
1710
872
1929
4410
6932
7943
5891
2317
-788
-2529
-2894
-2280
-1178
-123
221
-505
-1464
-2180
-2807
-3210
-3458
-3111
-1480
136
1174
1797
1803
2474
3237
3786
4885
5694
6054
6051
5330
4458
3507
2098
1464
1214
493
-188
-1364
-2117
-2592
-4000
-5014
-5370
-5056
-4102
-3549
-3240
-2944
-6700
-13792
-16372
-12707
-4480
969
651
217
-2872
-6056
-3878
2274
10635
13483
10321
7450
4025
2014
2597
4396
6375
5549
3228
1866
907
-1212
-4674
-8136
-10473
-10531
-8886
-5362
-905
264
-1783
-4141
-4765
-2379
577
3375
7077
9170
10024
10088
8623
7205
5185
3112
2498
2493
3639
4889
3922
1486
-2225
-5796
-7341
-6885
-4590
-2242
-1688
-3198
-5613
-7284
-6963
-4594
-1698
708
2311
2741
2108
998
513
940
1637
2357
3518
4943
5156
4240
2523
436
-390
-469
423
1546
1166
637
-743
-2605
-3921
-5108
-4544
-2988
-1289
386
683
259
-237
-371
610
2219
3702
4680
5053
5003
4541
4097
3987
3418
2587
1814
1453
1396
981
716
135
-1269
-3006
-4089
-4493
-4751
-5021
-4874
-3838
-2798
-2518
-2620
-5481
-11054
-12164
-8105
-1375
2625
892
-312
-3314
-6883
-4681
1846
9664
11607
7308
5014
3818
2432
2250
2561
3802
2575
-484
-1848
-2302
-3548
-6551
-8530
-8057
-5782
-2777
-752
659
-407
-3377
-3953
-2251
1209
4860
6933
9062
9678
8259
6991
4969
3346
2517
1501
1906
3041
4032
3759
958
-2450
-4500
-4943
-4402
-2803
-820
210
-185
-2233
-4144
-4799
-4716
-3413
-1671
242
2042
2628
2008
436
-680
-886
-155
1407
2714
3330
2649
1039
-170
-186
1062
1937
1651
1180
615
93
-530
-1132
-1130
-1217
-1221
-688
-521
-746
-993
-860
46
1136
2304
3420
3502
2725
2033
1886
2548
2898
2388
1601
859
1078
1554
1661
1609
804
-276
-1246
-2120
-2655
-2956
-3175
-3236
-3521
-3067
-1916
-1371
-2004
-2890
-4963
-9500
-10721
-7209
-1032
2095
-612
-2207
-3739
-5661
-3994
644
5672
6487
3395
2895
3402
1942
1052
914
1741
1613
387
908
1365
-510
-3563
-4496
-2371
301
1414
1167
1144
-37
-2235
-1984
127
2553
3453
2500
2982
3538
2804
1833
178
-391
537
1483
2819
3710
2855
1174
-1127
-2409
-1139
751
2521
3322
2303
156
-1879
-3543
-4400
-4275
-3583
-1869
-459
51
-245
-1625
-3340
-3744
-3458
-2231
434
2278
3489
2908
1479
1220
1275
1990
3013
3532
4139
4814
4249
3285
1950
282
-1006
-2208
-1998
-818
-402
-555
-971
-1088
-634
-231
-12
-27
285
825
1303
1321
1309
1588
1254
1351
1899
2853
3363
2351
1408
838
640
337
-458
-1713
-3084
-4115
-4340
-3486
-2866
-2591
-2989
-3623
-3931
-3748
-5367
-7411
-6019
-3100
-280
-1520
-3605
-3269
-4279
-3995
-344
4612
6955
4624
2403
3136
2432
101
-273
1345
2823
2264
1327
1752
720
-2442
-3832
-1910
1369
2913
2156
1135
-155
-2308
-3466
-2312
-453
506
233
218
1220
1379
846
538
703
1344
1827
2430
3071
2969
1951
1145
1409
2043
2473
2299
1736
1164
358
-580
-1242
-1897
-2263
-2013
-1999
-1486
-1684
-3153
-4464
-4671
-3083
-883
974
1436
1319
570
257
1339
2120
3139
3610
3907
4786
5002
4369
3278
1796
678
299
171
425
285
-491
-1116
-1500
-1621
-1484
-1551
-1673
-1460
-1229
-903
-643
-724
-667
-385
54
843
1568
1900
2026
1895
1692
1580
1086
121
-853
-1588
-1886
-2024
-2580
-2882
-2946
-3208
-3247
-2982
-1329
253
590
185
-548
-1531
-4849
-5616
-2344
1213
2034
-1003
-1868
-2007
-3545
-2625
1065
3881
2389
-285
599
2018
-415
-3170
-2562
-835
-559
-208
2237
3642
947
-2055
-1121
1946
2997
2515
2188
1164
-1151
-3211
-2221
-244
-195
-857
-925
-172
193
-30
201
413
501
728
1305
2075
2207
1866
1587
1619
2072
2244
2249
2433
2449
2349
2015
1247
118
-1044
-1728
-1262
-330
138
-135
-1465
-2666
-2719
-1995
-505
528
837
1071
825
977
1383
1678
1822
1649
1447
1372
1701
2080
2172
1896
1399
854
156
-357
-181
319
291
-2
-344
-781
-1032
-1281
-949
-651
-901
-955
-820
-368
-100
-239
-347
-511
-566
-339
7
52
-677
-1619
-2290
-2318
-1902
-1575
-1227
-1238
-1410
-1315
-969
-295
592
1069
1299
1787
1958
1941
1332
434
0
-1920
-3372
-2733
-1638
-1115
-2189
-2507
-2141
-3220
-3946
-2303
-534
-1117
-2197
-1280
450
-313
-2030
-1024
798
797
749
2463
3815
1910
-627
-215
1598
1648
637
1025
1066
-513
-1583
-644
876
575
-180
324
864
552
360
955
1189
541
-2
412
1009
998
849
1073
1142
840
779
963
1442
1664
1469
1517
1359
1087
941
623
590
637
600
645
321
81
36
-139
60
47
-77
-118
-324
-316
-415
-60
119
-107
-123
304
971
780
660
861
972
659
530
957
1396
1541
1197
1295
1134
912
606
-80
-271
-538
-717
-809
-1104
-1300
-1675
-2207
-2483
-2473
-2552
-2884
-3128
-2944
-2378
-2032
-1714
-1142
-722
-426
-214
201
701
947
1142
1358
1616
1527
1280
1092
927
1092
976
816
658
378
382
-151
-1002
-1502
-1583
-1507
-1398
-1034
-428
-294
-1041
-1277
-829
-866
-1327
-1493
-1325
-1698
-2841
-3172
-2389
-2009
-2139
-1786
-1109
-1094
-1447
-900
333
702
325
612
1187
973
480
851
1736
1744
1418
1588
1809
1480
1075
1542
2088
1675
901
561
280
-42
126
951
1740
1742
1630
2020
2123
1892
1813
2113
2373
2124
1998
2130
1997
1387
923
941
989
833
638
646
381
-202
-663
-938
-1084
-1186
-1129
-826
-541
-573
-477
-638
-426
-97
-153
230
420
389
110
-177
-306
-242
-364
-215
124
-180
-645
-1115
-1502
-2046
-2449
-2367
-1904
-1787
-2041
-1910
-1674
-1690
-1603
-1038
-134
365
275
371
477
303
29
-9
372
444
310
307
226
129
131
461
962
1116
947
798
730
690
893
1382
1655
1653
1039
51
-714
-1083
-1100
-916
-650
-562
-969
-2224
-3141
-3273
-3181
-3128
-2841
-2155
-2181
-3023
-3499
-3055
-2325
-2099
-1480
-182
140
-374
-454
238
646
510
959
1843
1838
1048
1039
1659
1497
860
1164
2090
2291
1868
1954
2493
2231
1530
1705
2440
2759
2622
2813
3137
2867
2310
2264
2563
2451
2106
2054
2047
1536
839
448
309
-72
-523
-447
-290
-547
-945
-904
-475
-380
-514
-301
74
106
-250
-258
19
-84
-329
-520
-458
-518
-928
-1266
-1500
-1806
-2087
-1933
-1655
-1500
-1726
-2026
-2041
-2062
-2021
-1849
-1401
-989
-951
-951
-688
-380
-326
-392
-262
4
247
347
516
602
460
476
628
793
794
713
834
887
853
979
1041
926
757
921
1326
1696
1652
1405
1225
902
659
490
446
376
4
-303
-379
-720
-1488
-2338
-2555
-2294
-2071
-1939
-1903
-2414
-3415
-3991
-3662
-2950
-2581
-2182
-1912
-2333
-3174
-3297
-2495
-1879
-1621
-947
127
407
-141
-113
368
536
688
1419
2442
2529
2112
2256
2581
2288
1888
2249
2803
2743
2465
2808
3238
2853
2260
2329
2712
2700
2646
2977
3104
2474
1839
1813
1939
1672
1368
1455
1343
921
465
424
353
-24
-34
288
450
87
-450
-802
-1069
-1156
-940
-639
-647
-1174
-1675
-2016
-2118
-2051
-1931
-1665
-1743
-1962
-2051
-1878
-1732
-1636
-1508
-1400
-1151
-1092
-903
-841
-965
-999
-992
-787
-682
-777
-998
-1143
-1065
-830
-538
-294
4
349
654
817
832
885
872
996
1394
1810
2038
2001
1892
1633
1250
982
969
1062
1073
1008
871
738
519
353
242
157
273
290
231
-32
-348
-781
-1109
-1067
-1141
-1378
-2001
-2279
-2401
-2567
-2554
-2250
-2066
-2828
-3463
-3341
-2802
-2747
-2650
-1971
-1818
-2499
-2893
-2118
-1229
-1121
-780
163
497
-14
-109
890
1648
1704
2077
2991
3190
2431
2375
3078
3394
3102
3215
3817
3555
2725
2625
3180
3249
2781
2755
3011
2668
1960
1979
2381
2100
1501
1269
1321
926
425
683
745
300
-282
-675
-838
-1238
-1426
-1220
-995
-1089
-1437
-1656
-1768
-1970
-2114
-1899
-1509
-1618
-1874
-1892
-1724
-1682
-1690
-1423
-1283
-1267
-1495
-1445
-1170
-974
-859
-787
-713
-915
-1157
-1086
-678
-426
-156
54
196
97
-101
93
374
678
788
869
866
672
565
632
1034
1363
1471
1516
1306
1078
816
731
805
743
578
399
435
472
554
638
724
740
489
390
376
148
-242
-590
-601
-714
-894
-976
-886
-757
-828
-713
-875
-1402
-2304
-2883
-2723
-2311
-1764
-1367
-1268
-1937
-2702
-2729
-2019
-1388
-1152
-863
-808
-1270
-1886
-1630
-837
-305
53
521
952
822
674
1286
2115
2561
2716
2954
2921
2293
1971
2308
2787
2668
2480
2722
2804
2444
1989
1993
1899
1459
1072
964
782
258
102
452
742
636
475
508
442
214
178
309
252
-128
-566
-699
-592
-381
-175
-34
-53
-291
-633
-898
-944
-866
-874
-943
-1171
-1532
-1802
-1897
-1695
-1467
-1204
-975
-907
-1076
-1393
-1426
-1459
-1385
-1211
-960
-823
-894
-989
-884
-487
-226
148
358
402
312
165
107
10
110
344
607
655
664
773
830
856
848
951
1009
881
786
643
556
409
228
186
236
368
430
445
474
428
248
135
148
148
133
161
243
274
160
152
78
-10
28
121
80
-126
-339
-772
-1519
-2170
-2075
-1665
-1406
-1293
-1108
-1299
-2029
-2383
-1775
-1044
-932
-794
-600
-752
-1400
-1360
-368
300
408
597
1019
905
422
653
1370
1684
1591
1817
2165
1820
1352
1402
1721
1471
1030
1189
1363
1135
836
982
1201
882
558
617
698
503
337
602
871
773
544
611
795
968
1177
1241
1129
673
250
107
137
344
445
459
297
-56
-506
-915
-1103
-1189
-1180
-1177
-1248
-1539
-2011
-2337
-2343
-2226
-2039
-1833
-1636
-1639
-1741
-1678
-1542
-1324
-1137
-777
-448
-309
-332
-263
-124
5
294
649
1013
1033
936
823
667
585
587
716
809
797
737
673
519
255
64
64
230
403
443
508
401
77
-180
-268
-146
-97
-83
116
336
415
475
718
879
841
713
726
824
738
665
638
653
502
341
330
292
153
-39
-61
-356
-1282
-1991
-1919
-1587
-1482
-1326
-984
-1307
-2218
-2583
-1860
-1158
-1011
-720
-315
-556
-1506
-1509
-586
-81
-124
189
763
324
-474
-208
799
1286
1210
1531
1744
1028
232
464
1163
1119
695
768
888
447
147
587
1092
937
600
684
803
524
379
780
1221
1096
766
843
1011
920
726
771
811
484
67
3
194
161
5
-58
-120
-441
-986
-1192
-1120
-1167
-1292
-1264
-1216
-1446
-1769
-1818
-1645
-1570
-1556
-1439
-1298
-1290
-1429
-1303
-1085
-967
-719
-487
-213
-108
28
202
364
428
452
650
828
1002
962
943
831
698
725
865
1049
1011
818
642
597
677
800
916
978
894
693
569
563
465
343
271
298
388
389
381
341
259
200
206
330
314
200
67
43
124
85
122
191
333
321
152
127
154
158
60
227
419
-68
-1006
-1546
-1408
-1339
-1267
-826
-518
-1125
-2104
-1963
-1223
-1078
-1290
-984
-646
-1399
-2102
-1496
-514
-379
-537
192
656
-113
-670
76
1035
953
881
1489
1502
451
-164
533
1049
658
546
1182
1418
777
541
1104
1369
870
617
1047
1165
775
764
1329
1562
1136
965
1302
1418
1045
782
946
808
259
-62
32
-29
-489
-757
-641
-645
-1085
-1394
-1327
-1331
-1604
-1807
-1645
-1567
-1821
-1923
-1677
-1541
-1675
-1696
-1422
-1160
-1079
-1010
-721
-447
-548
-432
-117
44
64
237
514
512
546
661
981
1083
1117
1169
1226
1250
970
1016
1095
1132
1028
1020
1116
901
726
513
436
435
306
334
339
180
-83
-217
-126
-183
-264
-295
-293
-429
-626
-559
-387
-263
-295
-159
154
266
328
324
446
554
601
788
843
822
739
848
872
773
759
816
637
-315
-1023
-988
-783
-850
-887
-441
-765
-2099
-2757
-2106
-1441
-1710
-1672
-1139
-1473
-2692
-2954
-1793
-1170
-1397
-1006
-158
-437
-1402
-1187
-46
316
141
701
1364
806
-110
231
1120
1149
881
1374
1878
1384
737
1044
1652
1465
1106
1370
1671
1363
954
1318
1805
1637
1207
1181
1398
1228
943
1055
1132
596
-90
-283
-137
-284
-571
-544
-448
-759
-1263
-1392
-1318
-1447
-1617
-1468
-1255
-1335
-1532
-1497
-1240
-1011
-912
-669
-449
-496
-610
-599
-246
13
109
203
369
383
215
260
465
703
705
755
767
622
365
257
478
492
285
67
0
-173
-404
-325
-126
-103
-317
-431
-413
-496
-570
-477
-173
-23
-119
-131
18
113
151
395
689
811
805
893
1055
1132
1191
1295
1349
1295
1186
1183
1223
1309
1372
1307
1132
735
450
332
262
228
371
295
-502
-1340
-1483
-1291
-1369
-1324
-852
-981
-2198
-2939
-2338
-1534
-1590
-1604
-1085
-1376
-2601
-2951
-1873
-1170
-1391
-1156
-337
-512
-1412
-1200
24
458
154
524
1192
806
-6
360
1293
1355
948
1285
1682
1114
394
683
1412
1483
1226
1330
1416
990
639
950
1472
1499
1214
1158
1213
1061
791
792
989
785
336
44
-5
-67
-256
-326
-302
-434
-723
-797
-712
-679
-820
-889
-709
-688
-837
-837
-636
-454
-413
-424
-263
-181
-276
-361
-394
-307
-322
-288
-185
-114
-290
-477
-463
-272
-91
-125
36
45
-120
-293
-230
-25
-113
-160
-17
106
-12
-161
-55
92
115
239
479
545
269
39
76
190
262
361
566
627
522
476
618
758
805
908
1008
1073
1021
922
864
768
691
606
529
496
358
217
26
-183
-336
-380
-366
-401
-362
-493
-1035
-1741
-1902
-1765
-1649
-1431
-1012
-929
-1685
-2212
-1832
-1213
-1117
-1004
-602
-725
-1606
-1915
-1192
-592
-627
-473
134
51
-597
-515
333
754
654
941
1428
1110
378
396
1011
1173
879
1064
1377
1072
623
806
1349
1396
1124
1111
1180
929
633
771
1056
1040
816
759
885
856
714
704
781
648
393
287
252
161
-91
-197
-168
-309
-573
-768
-766
-814
-970
-1009
-911
-902
-1023
-1032
-885
-767
-775
-777
-661
-561
-621
-682
-581
-479
-450
-362
-112
50
-20
-150
-85
19
15
72
196
258
47
-72
71
205
259
320
472
459
238
143
216
309
323
357
407
316
114
32
125
173
152
220
341
341
260
248
329
384
386
392
434
343
219
127
165
240
220
258
231
235
210
122
47
0
-35
-13
-72
-27
48
-57
-473
-993
-1054
-1052
-1010
-854
-393
-393
-1063
-1381
-980
-450
-516
-364
-46
-249
-1082
-1395
-677
-316
-418
-233
340
326
-380
-319
297
499
276
390
863
499
-145
-116
415
639
451
745
1104
891
521
669
1136
1104
932
1018
1163
957
573
670
962
1143
1095
1195
1385
1272
1034
873
955
902
649
490
418
286
11
-109
-41
-121
-322
-451
-421
-502
-765
-939
-1006
-1108
-1275
-1209
-985
-818
-780
-859
-861
-876
-967
-1040
-938
-787
-746
-700
-568
-557
-664
-730
-618
-400
-320
-163
-50
-72
-304
-444
-236
-44
14
35
186
181
-26
-38
133
266
309
411
601
599
408
317
409
493
452
489
566
527
322
236
383
466
548
588
570
420
224
171
288
399
375
326
304
199
-22
-134
-51
0
-11
95
146
179
-30
-122
-492
-899
-1027
-1077
-978
-1022
-820
-912
-1225
-1488
-1139
-858
-824
-655
-583
-658
-1294
-1281
-864
-710
-702
-539
-74
-218
-548
-239
266
518
424
670
865
462
144
194
578
607
574
780
884
744
483
696
1016
1097
1039
1037
1071
770
588
674
874
902
784
886
801
690
573
534
620
499
399
281
195
59
-179
-270
-300
-357
-489
-543
-557
-697
-813
-877
-884
-959
-1060
-1052
-1040
-959
-898
-930
-943
-950
-951
-929
-794
-644
-603
-579
-551
-481
-461
-326
-154
-66
-73
-130
-66
-15
35
113
249
266
213
263
368
460
525
682
820
777
715
740
813
818
766
764
759
668
533
517
497
469
464
419
389
346
295
271
202
178
138
67
5
3
-8
-74
-67
-24
-28
-82
-90
-60
-56
-124
-73
-89
-118
-379
-576
-563
-618
-623
-611
-470
-576
-771
-872
-632
-516
-552
-426
-373
-463
-805
-749
-443
-318
-275
-135
110
34
-112
84
383
522
465
593
685
482
300
348
562
576
486
587
647
511
406
544
665
638
608
625
660
473
353
365
447
469
389
470
493
379
225
222
279
145
31
56
86
-34
-214
-207
-228
-330
-470
-502
-438
-527
-613
-630
-593
-634
-712
-676
-632
-663
-687
-619
-565
-618
-670
-586
-477
-457
-412
-297
-202
-205
-215
-142
-59
-19
-15
9
62
88
85
93
170
274
285
327
433
500
504
475
523
560
474
469
568
581
504
470
527
528
466
473
511
473
373
370
441
430
311
207
210
141
3
-61
-82
-75
-67
-96
-120
-115
-112
-64
-41
-45
-35
-109
-166
-282
-497
-551
-549
-529
-562
-574
-540
-605
-712
-685
-502
-452
-432
-529
-579
-716
-838
-701
-629
-496
-432
-302
-234
-281
-166
-17
122
172
218
243
106
15
16
133
247
269
354
351
345
345
464
626
686
712
645
595
496
452
455
473
549
563
622
678
773
847
834
852
732
606
464
364
322
256
284
234
182
62
-51
-84
-155
-229
-310
-391
-485
-597
-658
-685
-696
-759
-806
-809
-832
-791
-762
-655
-606
-590
-576
-596
-614
-631
-527
-426
-374
-396
-402
-392
-419
-404
-327
-222
-156
-145
-75
-8
39
100
224
344
323
325
444
536
520
551
656
736
715
719
766
780
769
754
803
777
661
593
570
486
328
241
187
129
65
1
20
-43
-97
-103
-86
-30
-54
-79
-196
-345
-463
-580
-589
-589
-597
-650
-680
-647
-668
-676
-662
-583
-641
-710
-653
-683
-757
-841
-711
-595
-592
-516
-433
-361
-337
-154
64
137
84
74
147
92
53
119
226
262
248
373
519
538
509
539
637
616
598
617
616
583
523
594
660
693
708
762
841
822
797
796
760
654
563
539
491
376
233
175
172
165
136
100
87
-41
-179
-257
-283
-319
-405
-462
-501
-532
-572
-572
-522
-497
-526
-550
-568
-611
-654
-616
-531
-515
-510
-439
-373
-366
-403
-338
-238
-247
-248
-233
-211
-215
-200
-108
-50
-45
-36
20
104
147
206
250
276
291
316
373
376
380
402
481
535
536
548
561
574
560
535
534
511
439
352
286
233
163
82
58
48
-14
-77
-166
-239
-333
-446
-477
-551
-646
-731
-804
-801
-838
-808
-764
-758
-785
-799
-770
-776
-727
-663
-587
-558
-501
-390
-298
-186
-104
17
133
186
246
251
265
300
350
432
446
450
454
418
419
408
437
472
475
495
461
449
414
406
419
489
558
581
559
563
593
601
654
665
664
559
470
420
408
400
401
412
343
276
193
154
75
-54
-83
-105
-121
-175
-223
-230
-323
-374
-395
-379
-411
-460
-451
-440
-437
-459
-439
-406
-405
-368
-323
-288
-268
-272
-246
-224
-202
-256
-292
-298
-318
-267
-210
-135
-123
-170
-180
-182
-185
-180
-125
-67
-118
-186
-126
-37
-11
-19
37
84
67
80
143
188
167
165
189
240
287
320
347
376
359
348
315
244
147
33
55
97
148
123
39
-76
-165
-234
-229
-163
-231
-365
-554
-637
-655
-625
-466
-373
-352
-389
-426
-323
-262
-170
-58
-29
-66
-152
-153
-156
-113
25
229
381
426
438
419
394
360
366
424
416
353
274
224
185
179
224
258
287
271
287
269
230
209
158
121
38
5
20
48
78
87
134
153
169
194
238
269
235
210
166
139
76
31
39
48
44
-10
-18
-68
-92
-55
-2
31
-13
-48
-88
-108
-121
-128
-88
-58
-87
-121
-122
-110
-112
-102
-83
-76
-124
-180
-215
-260
-268
-263
-224
-235
-291
-290
-284
-256
-265
-266
-244
-279
-310
-305
-235
-191
-186
-162
-135
-151
-155
-94
-4
57
72
162
228
220
215
269
351
354
341
345
352
304
270
244
237
236
188
166
108
54
-5
-37
-14
-15
-40
-95
-160
-234
-292
-319
-316
-324
-368
-402
-393
-343
-297
-250
-208
-206
-234
-230
-191
-145
-86
2
110
142
139
150
171
170
150
196
264
278
269
288
294
280
263
277
298
284
315
340
368
383
376
373
304
224
170
205
251
259
263
255
197
90
57
61
72
55
17
-7
-29
-33
-23
-22
-26
-72
-138
-172
-186
-191
-197
-205
-221
-232
-219
-203
-195
-172
-131
-127
-150
-171
-182
-185
-198
-168
-165
-159
-147
-162
-147
-142
-126
-125
-130
-130
-146
-174
-212
-248
-251
-223
-190
-168
-161
-162
-190
-192
-199
-181
-128
-129
-123
-117
-104
-73
-86
-28
24
23
74
66
40
29
37
51
92
129
149
220
230
229
222
239
278
275
301
264
219
211
172
123
114
141
105
96
85
90
100
53
10
-24
-19
-40
-64
-48
-25
11
32
63
109
154
163
115
101
135
165
158
134
108
115
118
86
104
138
138
116
88
90
80
59
47
52
87
74
29
-23
-30
-44
-34
13
15
31
35
31
0
-39
-69
-86
-104
-136
-153
-153
-113
-130
-178
-179
-211
-245
-267
-288
-243
-208
-207
-187
-229
-240
-207
-244
-257
-176
-48
-3
-52
-61
-36
-46
13
124
238
366
275
136
61
14
110
226
268
283
243
87
-69
-118
19
66
7
42
-1
-106
-157
-173
-172
-156
-172
-236
-303
-263
-205
-213
-220
-257
-288
-297
-382
-401
-286
-217
-220
-207
-152
-149
-96
-11
7
115
270
276
263
351
360
337
359
360
368
417
463
432
442
441
363
358
406
338
313
339
215
172
186
98
49
74
27
-67
-82
-66
-92
-82
-27
-44
-69
-88
-141
-128
-67
-31
-22
-16
-32
-92
-101
-58
-22
34
58
0
-94
-173
-168
-152
-159
-94
-86
-175
-242
-289
-231
-114
-5
74
-15
-83
-36
-72
-35
53
55
6
-88
-135
-137
-141
-73
9
-24
-74
-127
-140
-66
-76
-95
-71
-146
-207
-236
-240
-131
-54
-34
-77
-81
-7
-2
68
183
202
187
126
-21
-2
145
257
271
263
273
170
103
142
206
284
322
133
15
-12
-67
22
62
69
51
-25
-123
-233
-153
-43
-123
-148
-140
-249
-308
-287
-262
-165
-97
-113
-197
-189
-133
-170
-83
-29
-55
-32
-57
-110
-46
68
169
226
251
239
148
174
195
215
371
420
426
392
293
237
234
285
285
296
304
228
66
-17
-66
-71
2
-25
-29
-33
-46
-135
-168
-72
-40
-29
-36
-95
-132
-109
-180
-258
-192
-128
-145
-170
-135
-131
-141
-92
-67
-22
1
-26
-99
-96
-27
-30
-13
-12
-1
8
-4
-41
-54
-2
-4
-65
-64
-79
-127
-130
-137
-169
-137
-117
-157
-155
-148
-123
-141
-161
-202
-226
-190
-180
-178
-155
-167
-159
-120
-104
-39
-8
16
53
69
122
153
135
183
215
229
274
242
275
320
318
382
358
331
347
288
257
253
219
209
209
204
206
118
89
67
25
50
17
7
18
-51
-119
-176
-244
-234
-233
-221
-180
-183
-180
-201
-211
-161
-105
-71
-66
-55
-62
-72
-57
3
46
90
139
140
135
124
139
165
202
205
190
170
141
129
138
121
118
136
99
30
-39
-68
-97
-74
-53
-72
-96
-144
-175
-193
-196
-172
-162
-172
-164
-170
-140
-103
-111
-107
-104
-96
-92
-78
-10
40
15
-17
-44
-43
-28
6
30
32
14
1
-6
6
43
62
69
36
36
20
-7
-13
-1
35
8
5
12
8
-11
-31
-13
-2
-13
-55
-78
-111
-120
-114
-101
-66
-67
-72
-91
-89
-60
-28
-32
-49
-46
-29
16
38
59
69
65
75
80
116
151
157
151
126
118
125
108
106
107
75
72
79
76
61
57
44
13
13
4
-9
-15
-28
-51
-86
-106
-117
-130
-148
-146
-121
-119
-101
-111
-127
-118
-96
-70
-54
-31
-37
-8
6
-2
36
50
53
59
74
92
92
116
126
108
116
118
118
127
122
121
135
148
146
133
132
96
49
36
11
-33
-43
-50
-91
-115
-126
-154
-168
-147
-138
-108
-69
-26
-8
-16
-17
-40
-36
-27
-18
-1
11
16
4
5
-2
-3
18
36
36
43
69
62
47
30
10
-1
8
4
-11
-8
-28
-38
-43
-65
-74
-67
-62
-63
-60
-32
-8
3
8
-8
-17
-9
5
34
75
99
106
100
75
39
50
59
35
25
24
31
17
3
10
13
25
14
4
36
19
-30
-22
-13
-32
-60
-51
-23
-37
-27
15
31
14
6
21
40
39
36
50
31
1
-18
-25
-28
-51
-71
-91
-98
-101
-101
-73
-61
-68
-63
-60
-51
-27
-18
-1
-1
4
17
2
6
21
48
51
27
36
41
32
30
27
18
24
41
33
40
52
52
49
56
78
88
85
70
43
38
28
-11
-21
-25
-60
-60
-38
-30
-14
-25
-27
-26
-32
-35
-32
-38
-43
-11
-7
-31
-57
-59
-30
-24
-21
19
64
51
9
-16
13
53
14
36
18
5
28
15
25
-6
-12
4
22
8
-16
38
78
88
26
-11
3
-26
-125
-31
122
-65
-90
-60
336
-658
-1047
992
712
-627
-657
623
599
-1120
218
1418
-229
-940
284
983
-439
-711
657
591
-716
-800
568
509
-487
-480
425
262
-806
-316
723
66
-880
75
676
-298
-344
458
494
-329
-152
793
168
-342
85
318
25
-308
111
179
-359
-267
297
314
-310
-270
495
131
-490
-6
553
176
-602
-29
581
-205
-615
51
334
-330
-430
299
313
-483
-375
123
21
-317
-342
235
124
-396
-242
34
10
-273
-105
276
133
-187
-151
251
23
-294
-11
527
22
-415
237
323
23
-339
278
188
-36
164
-265
191
46
-113
-46
-7
375
-209
-232
25
114
-20
-329
439
-56
-414
19
274
-32
-187
452
136
-204
-176
691
188
-641
472
509
-294
-328
513
544
-873
46
812
-137
-254
-13
605
-393
-312
584
-220
22
-269
-166
333
-376
269
9
-24
207
-455
473
244
-222
198
84
79
-223
-32
348
-232
-138
330
106
-292
-229
174
67
-203
166
232
-276
-150
101
225
-686
138
623
-745
-209
19
734
-793
-685
1042
-83
-368
-825
977
260
-1493
314
456
315
-649
-377
501
-167
-160
-387
459
117
-606
137
-41
37
-58
130
248
-438
176
367
-54
-629
339
952
-915
-293
814
249
-588
-346
501
231
-442
-22
-53
106
556
-859
-83
609
182
-455
-688
1314
141
-976
140
398
632
-449
-805
1030
680
-753
-689
678
1263
-1178
-643
1202
436
-581
-824
1082
495
-1408
505
269
-261
340
-276
-202
-220
703
-432
-675
874
78
-675
-487
503
769
-873
-1048
1864
-172
-1560
1055
579
306
-1184
630
1238
-970
-9
366
400
-578
93
255
-376
671
-493
-254
248
99
249
-1068
672
148
-308
-248
-303
1235
-373
-854
148
885
-78
-1425
1008
1440
-1458
-479
916
559
-1487
-110
1605
-888
-1139
912
934
-1646
-81
921
-219
-490
130
724
-703
-202
237
115
-279
-97
995
-1211
-22
1083
-1439
-160
591
-188
-485
-576
1066
-144
-1633
884
134
-241
208
-76
390
-373
224
-97
275
867
-655
141
644
-189
300
-84
305
-94
-298
918
-123
-521
899
-1080
-219
1469
-1197
375
338
-307
-561
-166
1149
-1135
-76
988
-934
-77
391
406
-1083
-89
2332
-1776
-765
2111
-293
-1128
231
1178
-537
-545
1040
-308
-200
506
-214
-734
837
459
-1226
-22
1151
-225
-1518
824
704
-1178
86
926
-727
-215
675
-283
-592
663
107
-1049
194
958
-889
-271
548
-454
368
-625
680
-124
-273
1320
-1317
-3
1016
-49
-480
-295
1291
-955
-511
732
-361
-145
-78
429
-439
-196
291
-230
-221
85
544
-490
-520
585
-111
84
-681
384
545
-215
275
-825
1294
-426
-731
629
-608
1622
-1045
-425
751
-1312
1381
-756
-203
1106
-4
-6
-1491
1158
699
-1107
-23
769
711
-1617
305
295
-572
426
-294
967
-813
-56
460
-457
308
-674
676
117
-321
190
-503
417
-227
-968
761
1029
-652
-480
273
472
-292
-106
771
264
153
-914
-59
592
226
-402
-815
820
510
-523
-1056
736
1413
-885
-1123
1209
1295
-1920
-517
967
411
-322
-1239
1701
50
-1417
614
434
-122
-888
993
779
-1058
-682
362
522
-1005
48
1181
-70
-835
-85
473
-552
460
226
-367
30
-319
403
-1208
442
1195
-1783
479
691
5
-153
-1611
1865
391
-1217
697
-178
1056
-1032
-1165
1290
572
-301
-841
223
910
-918
-782
1173
-103
-375
-549
933
694
-2280
1496
1153
-1595
-123
1020
1226
-1911
-177
2099
-1181
-1138
1201
1241
-1522
-810
1664
-274
-1782
749
1356
-1170
-638
470
485
-449
-353
1077
-711
-251
839
-105
-315
311
821
-1540
-560
1804
110
-953
-230
1024
92
-1567
422
803
606
-865
-1194
1661
163
-1252
-313
1025
759
-1403
-362
1241
-669
-608
925
322
-1161
562
250
-539
70
159
882
-821
171
375
-134
477
255
-577
-465
1396
-35
-1324
336
576
110
-1542
-308
2420
-303
-1627
355
836
218
-884
-56
1064
19
-496
-615
327
732
-435
-1012
429
735
-42
-1182
-152
671
-59
-90
-1219
345
864
-784
-604
377
453
12
-611
-75
415
474
166
-803
-277
1277
255
-1565
460
1631
-745
-1284
483
1412
-392
-736
937
-250
-228
-38
70
-87
40
89
-636
242
177
40
-21
-363
229
204
-209
26
-6
422
-294
-719
752
98
-117
-305
-426
1183
-817
221
998
-965
159
392
-433
-450
796
539
-1067
-615
1334
-170
-1500
362
1032
-920
-800
1404
214
-1083
133
707
-84
-626
885
730
-923
388
378
-107
27
100
275
-257
-2
-24
-64
189
-596
51
433
-445
-615
172
954
-874
-673
1113
86
-508
121
378
264
-576
-163
321
-316
639
219
-1155
591
175
-608
-800
352
1917
-1914
-695
1384
-90
-441
-1155
661
1376
-760
-783
541
900
-113
-1358
-6
1614
622
-911
-802
1135
578
-1614
674
979
-351
14
-489
554
-134
-457
795
-297
-533
-262
1063
355
-1689
467
416
-224
-165
-307
957
-129
-609
-482
-104
815
-46
-73
-207
480
131
-1530
651
1508
-398
-740
-186
567
13
-500
366
725
-292
-694
82
327
605
-331
-64
-576
-132
692
-664
158
78
231
-544
-554
736
-167
-96
268
-260
-582
605
459
-755
-164
490
304
-709
40
424
147
324
-526
92
749
-243
-732
58
924
406
-944
243
413
-798
-170
212
651
369
-157
-367
-271
484
-204
-62
572
272
154
-787
-210
731
163
-734
-180
938
216
-857
-327
929
-485
-1269
906
793
-163
-432
-208
-146
-779
356
197
425
248
-876
-45
-414
-130
300
-288
569
-183
-330
343
-784
-213
120
355
141
-569
560
-90
-471
167
-654
477
251
-24
252
-405
589
-342
-1092
-174
862
1079
-387
-487
477
-387
-933
116
1194
648
-781
-386
850
-486
-606
507
248
-267
-359
1398
91
-1556
252
679
-833
-207
1434
618
-789
-724
671
245
-692
659
40
647
677
-826
280
-419
23
-96
-170
1686
-303
-747
360
-419
156
46
207
31
-4
310
-426
307
49
-789
-390
612
748
-343
-53
232
-349
-606
-203
433
379
96
-226
-257
-60
-326
-337
445
312
-36
-325
274
-514
-742
862
479
-113
-392
391
-449
-1084
543
789
-154
-364
366
-12
-703
-282
478
448
-135
205
-130
29
199
-502
-75
489
-31
138
207
-324
116
-567
-107
223
-214
332
604
-121
-706
-885
211
952
-167
114
295
-152
-1074
-91
667
134
316
87
-337
-756
321
267
-49
90
203
295
-520
-286
-149
185
697
-69
-210
160
99
-57
-796
62
1018
103
-395
-306
129
1
-582
26
318
8
-323
405
402
-822
-103
52
94
120
436
328
-625
188
62
-520
573
410
320
-114
-279
614
-519
135
649
79
94
-203
217
96
-70
276
-50
116
83
-637
-166
729
-20
-518
95
-238
-174
-734
-52
1111
-91
-595
-275
-1
31
-15
-381
449
262
-751
197
-236
82
-128
-521
672
-513
-122
199
31
464
-1011
229
383
-356
43
-385
579
133
-528
40
-298
171
-145
-34
599
-114
553
-861
-445
1072
-322
-107
275
587
37
-782
541
417
-729
125
814
-210
-151
428
-355
-676
-109
419
13
589
-313
-516
143
-382
-158
-97
715
97
-257
29
98
-129
-641
203
369
299
291
-186
-28
-10
-248
-471
162
665
-89
-174
165
-128
-195
-164
0
74
105
133
346
160
-562
258
-284
68
262
-184
1018
13
-397
-660
252
655
-1218
383
978
23
-1037
-994
1261
-60
-609
524
-195
-91
500
-116
-474
438
218
-775
-404
880
429
-368
-143
-120
195
-339
155
116
-99
734
-292
-355
274
-247
16
181
158
463
-248
149
-353
-346
680
-309
-533
233
602
125
-850
-102
424
-910
-345
482
644
151
-745
-292
-361
-27
375
129
217
-425
-511
-352
668
520
-584
242
16
-835
-231
860
809
-239
-341
105
-724
145
429
-120
639
-46
-171
-114
-460
466
-183
-86
493
-489
831
544
-1003
-334
3
255
-235
331
931
-283
-379
-282
90
-398
331
558
-423
388
281
-79
-378
-491
389
59
230
704
-218
297
-186
-313
242
27
559
187
-228
141
210
-223
-93
420
-395
15
351
-118
-110
-234
924
-220
-1062
292
63
117
92
138
80
-440
126
-432
-219
387
150
56
-515
348
562
-721
-186
-354
-311
213
-75
386
-118
-290
-190
-119
-22
222
367
195
-241
-398
538
400
-790
114
559
-174
-178
-353
516
105
-269
195
-260
168
-152
-390
-253
137
640
-679
-375
104
49
-278
-344
520
345
328
-406
-585
285
-238
-427
87
586
417
-707
-185
-3
-445
217
531
-184
-293
334
150
-631
-128
352
-98
28
233
349
119
1
-289
-255
365
665
70
12
85
-337
217
69
61
308
115
156
-315
282
437
-188
-230
3
212
-59
-51
265
485
-276
-409
-139
-57
182
-67
251
476
-60
-435
-608
-5
267
123
354
222
236
-499
-470
-153
-118
639
266
143
5
-350
-411
-666
112
265
228
477
-75
-461
-300
-2
-138
-60
253
447
-80
-216
73
-688
-134
253
-110
414
260
427
-301
-732
111
-83
323
259
107
111
-551
-298
-123
-177
-59
104
283
-71
-141
114
-198
-446
-113
82
-171
208
292
-88
-289
-214
220
-148
319
405
-211
388
178
-169
-409
-37
441
-454
52
574
-67
-249
-398
-80
137
76
416
26
-287
-381
-97
379
-170
-151
438
259
-187
-12
408
399
-381
-287
275
303
172
-115
-65
-249
-235
159
-8
-64
334
256
-110
-380
-83
240
-11
-199
50
462
154
-255
-205
-203
72
113
258
295
178
94
-550
-516
-130
103
82
84
286
79
-256
-337
-235
-186
59
494
504
218
-22
-365
-715
-312
267
310
533
501
-81
-477
-480
-399
73
545
500
190
114
-153
-739
-409
-2
19
236
347
345
-123
-382
-323
-331
169
175
248
455
144
-61
-575
-281
-44
38
634
395
337
15
-479
-457
-94
394
260
181
298
-88
-499
-196
-168
-170
247
202
18
-27
181
-141
-565
-220
81
156
-10
34
224
60
-271
-389
-23
204
131
208
128
-36
-119
-161
-107
-32
49
149
85
-173
-141
119
127
-111
-317
27
248
98
104
-7
38
-28
153
81
-53
210
69
59
254
175
-35
-11
-40
-93
112
219
184
155
-135
-125
-25
-18
42
-113
9
320
117
-228
-178
-85
-177
-96
41
-9
248
150
-227
-153
9
63
-84
-4
257
136
-112
-279
-149
-92
-273
-153
-63
-58
-154
-132
83
-120
-309
-193
39
158
-31
-77
2
-191
-132
22
13
244
261
47
-253
59
240
-170
-49
147
310
109
-74
90
-180
-246
-201
-192
245
311
106
-152
-133
-24
-452
-231
64
323
379
52
260
44
-222
-329
-91
400
289
172
103
-115
-129
-232
-198
-46
174
420
-56
-261
7
44
-384
-175
530
262
-78
97
184
-134
-114
241
139
3
207
371
-94
-348
79
20
-132
-10
162
109
-203
-59
102
82
16
-91
18
-134
-172
-2
109
157
-23
-29
-115
-189
-141
-42
155
326
232
-64
-255
-253
-109
-86
-4
80
259
143
-290
-331
-162
-45
18
119
163
276
81
-269
-366
-189
164
164
108
195
266
-78
-444
-181
80
88
85
99
167
-100
-359
-211
-28
107
50
104
154
-13
-254
-223
161
97
-52
59
181
36
-260
-153
-20
104
203
153
52
8
7
-86
6
85
78
98
147
126
-48
-70
-10
14
6
-3
109
124
-87
-230
-181
-61
13
15
50
-20
-50
50
-120
-209
-52
115
87
-96
36
27
-186
-269
-114
220
173
53
54
-18
37
34
-46
-7
66
80
-68
-54
38
3
-61
-136
118
208
96
31
-40
8
42
127
75
-29
28
36
-42
-10
59
81
-58
-85
73
66
5
-92
-54
-99
-155
54
94
52
56
-49
-119
-112
-40
36
63
40
9
-104
-247
-247
-50
82
48
31
64
80
-72
2
112
156
54
-41
121
61
-47
-139
-150
-64
55
109
-16
-103
-79
-103
-87
-25
136
258
29
-139
-87
25
119
137
129
144
169
141
44
-104
-156
-41
-7
-46
59
78
-55
-167
-175
-66
33
104
97
75
55
61
-36
-194
-235
-159
-10
77
129
47
-18
-134
-224
-65
134
202
96
67
65
3
-98
-127
-58
-56
9
118
176
146
-42
-247
-264
-72
171
223
157
91
-17
-149
-202
-70
88
107
59
19
-22
-28
-99
-86
-38
-16
78
99
3
-45
55
15
-73
-75
3
64
26
31
-15
-3
-21
-8
48
89
162
27
-73
-81
-4
21
-59
-68
-13
70
59
65
31
-77
-119
-49
42
97
95
22
-38
-79
-50
-95
-154
-53
20
50
43
51
-29
-111
-113
-59
92
119
44
-55
-57
67
139
148
124
40
-34
-8
19
36
49
40
-6
-72
-70
-110
-77
-100
-92
76
85
63
-23
-94
-83
-67
-10
14
30
59
26
10
-23
-25
16
41
89
102
149
131
-13
-70
-24
37
12
-76
-45
28
5
-79
-68
36
50
-46
-61
49
119
88
27
-15
-7
12
-22
-40
55
140
26
-110
-90
59
99
41
32
24
23
-5
-69
-67
4
38
54
4
-53
-38
-39
-49
-46
11
100
37
-103
-98
-5
97
114
10
-73
-100
-47
-26
-65
14
93
49
-2
-58
-120
-108
-96
-54
81
168
155
47
-74
-161
-204
-100
45
111
102
12
-64
-124
-164
-99
-21
34
94
70
-8
-37
-76
-130
-133
-38
102
122
39
-75
-109
-95
-95
-55
23
71
115
78
-52
-105
-84
-49
-7
75
159
199
93
-76
-89
-64
-22
30
51
116
137
28
-127
-138
-50
32
90
141
195
143
29
-66
-27
53
32
67
185
219
106
-51
-144
-78
40
57
60
21
-30
-67
-131
-99
57
111
7
-20
28
65
36
6
-21
-45
8
20
-19
-14
24
-22
-77
-74
-59
-43
-52
-22
9
-29
-44
-91
-128
-83
-50
-42
-49
-68
-53
-2
49
78
29
-55
-91
-77
-10
68
48
25
55
45
-15
-46
-3
-14
-24
36
105
114
54
-31
-93
-54
23
99
93
36
37
5
-59
-49
0
23
46
49
51
57
53
11
-13
2
58
111
105
84
28
10
-9
-47
-66
-79
-72
-63
-31
10
-5
-46
-96
-87
-91
-62
36
51
-1
-79
-58
-25
-12
-27
-29
22
22
9
-7
24
36
-1
-34
-34
-2
25
34
14
-1
5
12
16
40
72
95
80
43
-16
-76
-30
35
39
28
59
75
12
-46
-52
10
52
58
71
59
7
-82
-80
-26
34
51
4
-64
-119
-97
-32
14
21
43
16
-48
-66
-60
-33
-9
38
93
100
48
-14
-68
-121
-100
-35
28
26
-11
-12
-43
-56
-61
-27
31
79
105
99
43
-34
-32
-51
-51
-5
29
34
2
-11
-14
-69
-119
-75
19
70
44
14
2
-73
-124
-87
-41
34
94
80
44
0
-37
-53
-77
-39
80
101
35
-3
-8
-25
-63
-32
69
68
-38
-81
-44
-6
-11
-5
41
53
37
62
65
22
25
25
-15
-9
52
109
99
26
-33
-59
-72
-35
41
108
118
39
5
33
29
-5
-30
-18
23
53
50
33
9
5
-31
-120
-123
-71
-65
-55
-23
-21
-77
-117
-86
-30
-8
37
77
36
-23
-118
-157
-140
-100
-29
38
76
55
8
-66
-118
-117
-18
100
109
114
161
162
72
-9
-55
-36
20
54
115
161
149
77
-30
-102
-68
-8
40
85
82
93
72
-16
-72
-55
8
63
87
72
18
-48
-89
-116
-76
46
98
57
18
-20
-44
-56
-62
-47
-31
-8
6
2
-5
-6
-36
-36
-26
-55
-57
-41
14
38
8
-32
-52
-81
-81
-51
-33
9
-17
-54
-46
-25
15
9
-58
-81
-64
-48
-7
2
45
93
72
8
-40
-54
-33
-1
17
52
57
43
20
-12
-38
-10
34
67
80
86
93
29
12
51
97
157
148
75
50
44
29
63
74
64
37
-14
-24
-35
-39
-27
-7
20
17
-24
-42
18
40
38
41
19
-6
-47
-68
-59
-6
17
-9
-20
-39
-96
-127
-106
-102
-71
-17
4
-18
-79
-125
-160
-180
-176
-129
-42
3
6
4
10
1
-25
-22
-6
12
41
82
103
84
46
-5
-57
-93
-64
-6
57
94
69
57
46
-10
-35
-13
7
40
36
17
51
81
81
60
30
36
48
62
97
98
103
101
57
24
-12
0
55
49
8
-46
-89
-33
0
-34
-38
-48
-49
-37
-68
-61
-30
-35
-27
-14
17
38
24
-5
-46
-81
-55
-4
40
50
15
3
-18
-54
-64
-25
37
42
22
28
30
37
60
38
-14
-76
-110
-42
42
58
71
66
18
-34
-70
-42
-19
-54
-69
-41
15
21
-15
-17
-32
-61
-68
-58
15
38
0
3
21
56
61
-3
-2
18
17
41
11
-28
-34
-6
77
110
66
45
-5
-73
-67
-31
50
99
86
105
72
17
-36
-91
-82
-53
-22
26
23
-32
-73
-109
-78
-33
7
55
49
19
-32
-60
-25
26
42
21
5
22
75
114
114
34
-98
-152
-117
1
134
180
104
-23
-103
-119
-107
-97
-47
29
41
12
17
52
54
-6
-88
-109
-80
-20
65
90
75
23
-39
-73
-67
-33
8
39
3
-50
-78
-46
10
55
88
116
154
114
15
-76
-108
-47
35
116
121
38
-73
-102
-69
-56
-40
-32
9
35
50
36
-6
-29
-22
38
53
22
-15
-12
4
-4
4
9
29
31
19
17
-3
-18
-47
-46
-43
-21
17
28
33
20
12
7
-4
-49
-88
-69
-17
8
1
-15
8
11
-52
-115
-89
3
71
86
29
-45
-88
-46
5
44
95
117
101
2
-80
-112
-53
27
68
114
76
14
-60
-128
-145
-133
-53
36
95
93
41
-15
-34
4
5
9
35
61
82
55
15
-4
1
-2
14
49
77
71
49
28
-10
-23
-11
13
55
60
36
24
17
-32
-62
-42
-34
-16
-32
-46
-16
23
26
6
-27
-86
-96
-83
-54
5
72
109
64
-28
-128
-179
-147
-83
4
64
49
-6
-51
-81
-124
-92
4
103
171
159
71
20
2
-7
51
102
131
139
88
-14
-88
-95
-68
-32
10
50
43
9
-49
-101
-103
-83
-41
32
78
79
51
10
-41
-83
-93
-82
-37
31
79
58
-11
-41
-19
-4
3
36
63
72
45
37
71
46
2
-40
-55
-40
-40
-18
17
16
3
23
22
6
-17
-18
19
31
5
-61
-97
-84
-54
-4
12
6
-5
-18
-30
-63
-87
-50
27
78
90
52
33
30
1
-18
-10
43
70
60
44
-11
-56
-61
-55
-62
-81
-83
-41
-1
13
21
2
7
-4
-28
15
36
39
63
78
65
4
-28
15
60
79
75
40
35
53
59
79
80
34
-41
-81
-83
-52
16
54
29
-21
-41
-33
-45
-87
-108
-85
-36
18
58
73
56
42
2
-69
-84
-47
-14
40
44
9
35
41
-1
-56
-116
-115
-62
-5
50
71
77
85
39
-27
-49
-53
-65
-48
-10
24
46
37
19
-17
-41
-44
-56
-58
-34
8
46
47
21
2
-42
-82
-72
-42
5
22
-2
11
37
39
54
44
20
12
-24
-32
-10
44
129
143
106
69
27
-42
-87
-72
-17
58
88
88
72
20
-30
-34
-35
-55
-55
-16
33
63
68
38
0
-25
-29
-21
-47
-51
-21
30
77
75
45
5
-37
-67
-56
-38
-40
-33
-41
-32
-12
-10
-12
-48
-103
-127
-113
-74
-35
-12
-7
-5
-4
-26
-50
-51
-51
-47
-49
-20
32
79
99
94
78
8
-57
-78
-70
-20
42
113
144
103
35
-33
-59
-31
23
85
114
104
86
68
49
18
-6
5
16
2
19
58
82
71
-1
-34
-36
-27
-14
-6
14
53
107
80
31
-3
-25
-26
-56
-57
-20
16
17
-52
-96
-71
-55
-67
-85
-80
-67
-64
-53
-38
-14
9
13
-32
-63
-58
-49
-10
15
17
29
33
26
-3
-33
-38
-17
-11
6
42
61
71
26
6
-10
-20
0
4
17
36
69
83
106
115
86
49
6
-26
-61
-47
3
16
44
67
45
-3
-80
-125
-91
-31
13
78
111
80
29
-54
-96
-91
-66
1
38
50
40
-3
-49
-60
-57
-50
-26
-46
-60
-65
-71
-72
-54
-19
-29
-38
-22
26
61
31
-9
4
22
25
55
73
72
72
50
20
37
53
26
5
13
9
-2
33
41
11
-8
-31
-33
-1
37
56
21
27
1
-46
-41
-43
-20
-24
-10
-1
-28
-24
-16
-14
-13
-12
-7
-5
15
50
23
-23
-20
-9
-10
-21
-19
8
24
14
-17
-38
-6
6
-41
-51
1
43
26
-11
-16
-13
8
2
-35
-14
-5
13
46
47
54
26
1
2
-28
-36
-7
24
25
-9
-25
-16
1
-2
-13
-5
2
17
20
19
31
22
21
-4
-30
-17
-5
14
31
14
13
20
-16
-25
4
40
43
25
6
-9
-40
-63
-35
-7
27
20
20
44
37
21
1
6
21
22
20
23
22
-2
-11
-2
-11
-6
-16
-33
-54
-78
-53
-28
3
15
-11
-10
-43
-98
-73
-35
0
1
-1
32
10
-13
-10
-14
-30
-34
-6
-6
-16
5
15
-7
-24
-11
-8
11
20
6
23
46
46
34
5
-5
-4
-54
-72
-48
-3
21
10
24
52
68
61
53
51
53
48
55
52
12
-11
22
19
4
-2
-17
-8
-32
-48
-33
-15
3
18
25
5
-24
-22
2
16
13
22
49
43
36
36
37
38
34
10
-33
-44
-34
-52
-58
-34
-34
-21
-15
-9
11
-16
-36
-20
-17
8
25
8
-4
-23
-19
-15
-1
39
57
43
21
-4
0
-12
-32
-44
-52
-39
-36
-22
-17
-33
-63
-74
-63
-41
-14
9
28
23
1
-17
-27
-17
1
17
38
47
62
37
11
11
-3
-4
0
17
28
31
28
5
-10
-14
31
54
63
86
49
-7
-57
-65
-59
-41
4
31
25
2
-19
-17
-15
-21
8
34
60
85
83
82
47
14
-13
-35
-30
2
36
28
19
16
18
-5
-25
-37
-56
-75
-95
-68
-44
-41
-47
-63
-77
-68
-57
-32
-4
7
2
-24
-25
-16
20
52
44
36
43
35
17
4
17
28
5
3
13
19
13
21
18
0
-15
-22
-13
-7
-1
14
50
48
40
28
13
9
-15
-12
-19
-7
27
30
19
3
-8
-23
-35
-33
-19
-3
13
27
34
29
29
18
10
6
3
22
39
33
18
8
-15
-26
-21
-10
0
2
8
5
-2
10
8
-5
2
2
-3
-4
-13
-16
-23
-36
-36
-41
-26
-19
-25
-24
-35
-47
-44
-26
-3
10
24
34
21
18
1
-18
-24
-23
-11
6
18
12
-7
-19
-38
-50
-38
-35
-18
-6
1
-3
-12
-10
-34
-38
-28
-17
4
12
25
32
24
23
32
39
61
64
59
62
55
60
46
37
32
24
26
17
12
10
-10
-16
-15
-33
-33
-12
11
11
11
11
6
11
11
17
26
31
30
17
-9
-26
-28
-26
-34
-22
10
14
18
15
2
-6
-19
-15
-17
-14
11
7
-9
-20
-27
-33
-58
-71
-58
-33
-21
-27
-27
-14
-13
-22
-34
-30
-5
17
22
10
17
20
6
-9
-7
8
21
23
16
4
1
12
7
7
18
36
48
35
11
-6
-1
2
-3
-5
6
14
11
-1
-30
-43
-51
-55
-57
-38
-9
-3
1
6
2
-5
2
26
42
49
53
42
24
1
-18
-25
-30
-27
-23
-12
-5
-1
4
8
9
12
20
21
39
56
52
42
33
21
11
7
-1
-2
-11
-12
-7
-13
-8
-13
-8
-13
-26
-10
-2
5
11
27
34
33
34
35
47
37
31
18
8
-4
-24
-29
-24
-40
-49
-45
-58
-68
-63
-57
-60
-54
-40
-33
-31
-12
10
18
29
28
18
22
29
26
19
18
30
28
4
-2
-3
-3
1
-1
4
9
14
17
2
-6
-6
-8
-8
-16
-12
-5
-12
-17
-25
-25
-25
-24
-28
-33
-33
-22
-9
-2
4
16
25
28
41
42
35
34
37
27
28
43
39
27
22
16
-1
-7
-9
-14
-7
9
20
20
19
9
-10
-26
-27
-21
-22
-6
3
-14
-23
-34
-39
-42
-41
-27
-16
3
11
6
5
9
19
21
28
43
53
39
30
19
7
-1
-16
-16
-17
-19
-12
-17
-25
-31
-32
-32
-46
-43
-33
-31
-17
-5
-2
5
5
-1
-9
-19
-8
3
11
24
24
24
19
13
14
7
15
33
43
47
42
27
11
-2
2
7
9
19
17
15
11
8
10
2
0
-1
-4
0
-13
-14
-14
-23
-17
-18
-11
1
8
11
1
-6
-10
-17
-15
-10
2
12
14
15
9
4
-3
-11
-3
5
9
13
4
-11
-32
-39
-38
-39
-29
-23
-19
-29
-44
-41
-45
-38
-25
-17
3
5
6
2
-7
-3
4
13
24
32
35
28
18
10
5
10
15
23
36
42
40
37
30
21
17
14
13
15
17
18
13
4
-3
-10
-20
-32
-40
-44
-46
-46
-37
-28
-21
-13
1
19
32
39
45
50
54
55
57
54
43
40
39
31
18
4
-7
-20
-28
-31
-36
-34
-32
-36
-35
-31
-27
-23
-18
-17
-26
-28
-21
-18
-22
-20
-20
-31
-36
-36
-35
-30
-24
-10
8
19
22
25
35
39
41
48
54
54
43
31
17
6
-1
-5
-12
-26
-29
-33
-43
-49
-50
-48
-46
-40
-35
-29
-23
-20
-21
-18
-14
-8
-1
7
17
27
28
30
31
29
21
18
24
23
23
25
23
23
30
32
28
32
37
34
25
14
2
-10
-15
-19
-24
-30
-33
-37
-35
-28
-19
-8
1
10
20
32
40
48
54
54
57
55
54
53
44
35
26
18
12
3
-4
-7
-8
-12
-18
-19
-20
-28
-30
-32
-32
-28
-32
-37
-47
-53
-54
-56
-51
-55
-62
-61
-57
-47
-32
-20
-14
-11
-2
9
17
31
42
50
53
48
43
37
32
26
21
13
4
-8
-17
-23
-28
-30
-34
-39
-42
-47
-50
-49
-46
-43
-38
-31
-23
-16
-6
4
15
31
43
48
51
52
51
50
48
44
43
41
36
31
28
34
38
42
45
39
32
24
17
9
3
-1
-8
-13
-19
-24
-23
-22
-29
-30
-27
-27
-21
-16
-11
-8
-11
-10
-7
0
6
10
16
18
16
13
14
14
13
13
12
14
15
13
12
2
-4
-8
-17
-25
-39
-51
-58
-68
-76
-82
-82
-78
-72
-69
-61
-49
-35
-23
-15
-1
16
26
32
41
45
47
51
53
52
51
51
49
51
56
58
55
49
43
35
24
18
20
22
22
14
4
-8
-21
-29
-38
-39
-39
-43
-42
-36
-27
-20
-18
-14
-3
9
19
28
37
39
38
35
30
27
30
31
34
34
32
33
23
18
11
6
3
-6
-15
-22
-30
-37
-45
-51
-53
-56
-61
-69
-76
-75
-74
-72
-70
-69
-68
-61
-54
-40
-27
-14
-1
11
23
36
47
54
63
64
60
52
45
44
43
43
40
34
26
16
5
-7
-17
-25
-30
-33
-31
-25
-20
-14
-13
-12
-13
-10
2
8
16
28
39
51
56
57
57
58
60
61
60
59
57
54
48
42
36
28
19
3
-13
-21
-31
-34
-32
-34
-37
-44
-56
-62
-68
-69
-66
-57
-47
-41
-37
-35
-30
-21
-16
-12
-3
5
13
15
19
21
20
20
17
15
12
4
-9
-21
-27
-32
-30
-29
-27
-24
-28
-29
-27
-26
-26
-27
-27
-28
-31
-34
-33
-32
-27
-19
-15
-7
-2
4
13
22
28
33
39
47
53
58
64
71
81
85
87
84
77
72
65
59
49
37
28
15
6
0
-3
0
0
0
-1
-6
-16
-22
-20
-17
-15
-12
-9
-8
-8
-15
-19
-20
-13
-9
-8
-3
-2
-3
-6
-12
-15
-20
-22
-26
-31
-33
-40
-44
-50
-54
-53
-50
-51
-51
-49
-46
-42
-40
-37
-32
-29
-30
-26
-19
-13
-3
5
12
18
23
24
27
31
34
35
34
30
24
19
15
14
15
20
20
18
12
4
-4
-9
-12
-10
-6
-1
3
7
11
15
17
18
17
15
18
19
22
30
40
46
51
56
55
57
60
59
63
63
60
58
50
44
39
34
33
33
30
22
14
3
-9
-21
-28
-39
-48
-60
-71
-79
-85
-90
-92
-87
-80
-72
-61
-49
-41
-33
-27
-20
-15
-12
-6
-3
2
5
6
5
0
-4
-5
-4
-4
-1
5
11
12
6
-1
-9
-14
-21
-24
-26
-28
-29
-31
-31
-29
-28
-29
-31
-31
-30
-29
-25
-21
-16
-11
-10
-6
0
2
9
18
31
40
46
48
49
51
48
49
51
51
48
44
39
30
25
23
23
23
23
22
22
22
24
28
29
31
29
29
28
27
27
27
28
29
30
28
27
26
19
11
3
-4
-8
-11
-19
-27
-30
-36
-44
-50
-57
-62
-66
-66
-66
-63
-57
-53
-52
-45
-37
-26
-16
-8
-4
-1
1
-1
-1
-3
-6
-8
-6
-3
-1
4
6
9
16
22
26
31
36
36
33
29
24
21
14
3
-12
-22
-26
-30
-30
-24
-21
-17
-14
-16
-14
-10
-7
-1
7
15
19
26
30
36
46
51
58
63
67
68
63
57
49
38
26
13
7
2
-4
-12
-18
-22
-29
-35
-39
-44
-51
-56
-63
-66
-63
-63
-60
-55
-48
-41
-32
-20
-9
4
15
19
21
23
23
21
18
13
7
2
-4
-10
-16
-17
-18
-16
-13
-9
-4
1
1
0
2
1
2
3
6
7
10
14
16
20
21
21
22
21
20
23
27
31
34
36
37
39
42
41
37
34
28
20
15
7
1
-8
-17
-25
-32
-37
-43
-43
-37
-33
-26
-18
-17
-17
-17
-18
-18
-17
-12
-13
-9
-4
-2
2
5
4
3
2
-2
-3
-5
-6
-4
-3
-5
-9
-10
-12
-17
-19
-24
-25
-24
-24
-23
-21
-18
-13
-8
-4
-1
2
3
5
7
12
12
15
18
19
23
26
29
36
44
53
61
65
69
69
64
60
56
48
37
29
23
21
20
16
11
8
2
-7
-14
-19
-23
-28
-36
-40
-39
-36
-34
-33
-32
-33
-35
-38
-38
-35
-34
-34
-33
-30
-26
-21
-20
-16
-11
-5
-2
-1
0
1
0
-10
-15
-19
-21
-23
-29
-32
-32
-29
-29
-31
-34
-36
-37
-34
-29
-24
-16
-9
-2
6
13
23
28
30
37
41
45
45
45
45
47
47
43
43
43
43
41
39
41
40
34
25
16
10
6
1
1
2
3
0
-5
-11
-14
-9
-9
-14
-14
-12
-12
-14
-17
-20
-25
-29
-29
-25
-16
-8
-1
2
9
15
20
25
27
28
26
21
16
14
12
8
3
-5
-10
-16
-22
-24
-20
-17
-14
-10
-3
2
6
6
5
3
-1
-4
-5
-6
-4
-2
-1
-1
-2
-3
-5
-4
-3
0
2
5
8
10
7
1
-3
-4
-8
-14
-20
-25
-27
-31
-34
-36
-33
-26
-21
-18
-14
-8
-2
0
4
9
16
18
19
21
24
28
32
34
34
37
36
31
24
18
11
7
3
-1
-1
-3
-5
-7
-11
-14
-14
-12
-10
-8
-6
-2
0
0
0
-2
-3
-4
-7
-4
-1
1
-1
-3
-6
-8
-7
-6
-3
0
0
-3
-7
-10
-11
-12
-13
-12
-9
-6
-5
-4
-3
-1
0
-2
-2
-4
-6
-9
-13
-16
-15
-14
-13
-11
-10
-7
-7
-10
-7
-5
-4
-3
-6
-12
-15
-16
-13
-7
0
3
5
10
14
22
30
37
43
41
39
42
44
42
40
39
37
37
37
35
33
29
25
22
23
22
25
24
23
22
19
15
9
4
-1
-3
-5
-8
-9
-10
-12
-19
-24
-28
-28
-27
-26
-25
-24
-26
-31
-35
-39
-42
-43
-44
-45
-44
-46
-47
-49
-51
-51
-50
-51
-48
-42
-33
-25
-17
-7
-1
8
16
22
26
28
31
32
30
30
32
32
31
29
27
21
15
13
10
7
8
7
6
10
13
14
13
10
7
7
9
10
8
11
12
11
10
11
11
10
12
11
14
16
13
12
9
6
2
-3
-6
-10
-12
-14
-16
-19
-23
-24
-24
-25
-25
-26
-24
-21
-18
-12
-10
-8
-6
-6
-3
0
4
8
10
12
9
5
0
-3
-8
-10
-8
-6
-4
4
10
14
19
21
25
27
28
29
29
26
22
16
12
5
0
-4
-10
-10
-13
-15
-13
-12
-8
-3
4
9
10
14
15
17
16
17
16
8
1
-3
-7
-11
-14
-12
-8
-2
1
6
11
13
13
12
7
0
-8
-14
-17
-19
-22
-23
-27
-32
-35
-33
-33
-33
-31
-29
-27
-23
-19
-13
-11
-8
-5
2
9
13
17
18
17
15
13
10
5
4
1
-2
-3
-6
-8
-9
-12
-12
-11
-5
-3
-2
2
2
1
2
6
9
14
19
23
24
30
33
36
40
38
35
34
33
31
32
31
25
19
13
9
5
4
2
-1
-1
-1
-1
1
2
2
2
0
-4
-4
-5
-4
-5
-6
-7
-9
-14
-18
-21
-24
-22
-23
-20
-18
-20
-21
-24
-28
-33
-41
-45
-46
-45
-41
-40
-39
-36
-32
-28
-25
-19
-14
-10
-5
0
4
9
9
8
10
8
5
2
0
0
2
0
0
2
4
4
5
11
14
15
20
30
36
40
43
46
45
40
38
34
37
40
38
35
34
31
28
20
14
12
10
9
3
-4
-6
-8
-12
-17
-20
-20
-20
-20
-16
-13
-9
-4
0
4
8
17
23
29
34
33
28
22
19
17
12
6
0
-6
-10
-20
-31
-39
-41
-39
-39
-37
-33
-31
-29
-28
-28
-24
-20
-21
-21
-22
-23
-25
-26
-28
-25
-21
-17
-13
-11
-3
5
10
15
21
26
29
26
26
25
21
16
10
5
1
-3
-6
-10
-12
-15
-15
-18
-16
-12
-12
-11
-9
-7
-5
-1
5
9
12
12
9
5
3
3
1
-2
-3
-3
-6
-8
-8
-9
-14
-16
-15
-16
-15
-13
-8
-7
-7
-5
-6
-8
-5
0
5
12
16
19
19
20
25
26
26
29
28
27
27
26
27
26
27
27
28
31
32
30
29
31
36
39
39
42
36
30
22
14
7
1
-3
-7
-8
-10
-12
-12
-14
-16
-16
-16
-15
-13
-10
-7
-5
-2
-2
-6
-13
-17
-19
-19
-21
-23
-21
-23
-26
-29
-32
-35
-37
-39
-39
-37
-34
-30
-30
-31
-30
-27
-24
-25
-27
-27
-26
-22
-15
-8
0
1
3
2
1
2
9
9
8
5
2
3
4
5
5
5
7
9
10
14
19
26
33
39
46
51
52
49
46
36
29
23
17
14
8
4
-1
-4
-3
-5
-7
-8
-7
-9
-6
-4
0
-1
-3
-5
-8
-8
-12
-17
-22
-28
-35
-38
-36
-35
-34
-32
-27
-22
-16
-8
-4
4
9
14
18
20
23
22
19
17
14
14
13
12
10
12
13
14
15
17
21
24
24
28
28
26
26
26
25
21
17
11
7
-1
-4
-8
-12
-14
-16
-15
-17
-17
-18
-16
-14
-13
-11
-7
-6
-5
-5
-4
-5
-5
-5
-7
-9
-12
-12
-11
-11
-10
-7
-4
-1
1
3
7
10
13
16
19
21
18
13
11
11
11
10
9
8
5
-1
-6
-10
-16
-21
-23
-28
-33
-34
-37
-39
-38
-40
-39
-40
-39
-34
-31
-29
-26
-24
-21
-17
-16
-12
-7
-2
4
7
10
10
10
11
9
10
10
13
14
11
9
8
12
14
20
25
31
38
40
42
44
46
46
43
41
37
34
31
29
31
31
28
27
24
22
17
15
14
12
8
3
-2
-6
-9
-11
-13
-15
-16
-16
-18
-19
-20
-21
-19
-21
-24
-25
-27
-28
-28
-26
-21
-16
-9
-5
-3
-4
-6
-11
-16
-23
-27
-30
-32
-34
-37
-38
-35
-31
-26
-21
-16
-10
-3
3
6
8
7
7
5
2
1
-2
-2
3
7
13
20
24
26
25
23
22
23
24
27
29
30
29
30
34
37
39
43
44
44
41
37
32
28
20
13
6
2
-3
-4
-3
-2
-2
-3
-5
-7
-12
-18
-20
-24
-29
-33
-37
-39
-41
-42
-39
-39
-42
-44
-44
-44
-44
-48
-49
-47
-45
-39
-35
-32
-27
-22
-18
-14
-10
-4
-1
2
1
5
10
15
19
20
23
25
27
28
32
36
39
43
46
46
46
41
35
30
26
23
21
23
25
26
27
26
22
19
13
6
-1
-5
-7
-12
-13
-12
-10
-7
-3
1
4
8
10
12
16
16
14
8
1
-10
-19
-25
-29
-30
-28
-26
-22
-18
-13
-10
-7
-6
-9
-10
-11
-11
-11
-11
-11
-11
-15
-16
-16
-17
-18
-18
-16
-16
-16
-15
-16
-11
-5
1
6
9
13
15
14
12
15
18
18
18
21
24
26
27
28
28
28
28
24
23
21
16
13
9
5
1
-2
-3
-4
-4
-4
-2
0
3
5
4
1
-2
-7
-9
-12
-16
-16
-20
-21
-22
-24
-26
-29
-30
-31
-33
-34
-33
-29
-24
-18
-15
-9
-6
-7
-8
-9
-9
-10
-10
-10
-6
-2
1
2
5
6
7
6
5
5
6
5
6
11
13
19
23
26
32
37
41
43
45
46
44
39
34
31
24
17
9
2
-4
-9
-12
-13
-11
-9
-7
-6
-7
-10
-11
-13
-11
-10
-9
-8
-7
-3
-1
-1
0
-4
-6
-8
-9
-9
-7
-5
-5
-7
-10
-13
-14
-16
-16
-15
-16
-17
-20
-21
-22
-20
-19
-17
-14
-10
-9
-7
-4
-3
-1
0
2
7
12
19
26
31
35
36
34
30
27
24
21
19
18
15
8
0
-9
-14
-17
-20
-20
-18
-15
-10
-4
1
8
14
17
19
18
16
12
10
8
5
1
-4
-5
-7
-6
-4
-4
-5
-6
-5
-2
1
4
8
8
7
3
-1
-2
-3
-2
-1
0
1
1
-1
-4
-9
-15
-18
-22
-23
-24
-22
-20
-19
-17
-13
-11
-7
-5
0
4
10
15
17
17
16
14
11
6
4
2
-1
-5
-9
-12
-13
-13
-11
-6
-1
3
4
6
5
3
-1
-4
-6
-8
-10
-11
-13
-11
-7
-5
-3
-1
2
4
8
10
14
16
18
18
20
19
17
12
8
6
4
2
0
0
0
-1
0
-2
-4
-6
-5
-6
-6
-4
0
4
4
4
4
2
-1
-2
-1
-1
3
5
6
7
6
4
3
-1
-2
-5
-6
-8
-8
-5
-3
-3
-2
-5
-7
-9
-7
-2
2
5
5
5
5
3
4
3
2
4
5
7
8
10
11
11
9
7
6
5
6
8
10
9
7
7
7
5
4
3
1
0
-1
0
-1
-1
-2
-2
-6
-8
-9
-8
-6
-6
-6
-5
-7
-9
-11
-13
-13
-13
-12
-12
-11
-12
-14
-17
-20
-21
-23
-24
-28
-27
-28
-25
-20
-13
-7
-5
-2
0
4
6
8
10
8
9
8
9
10
13
16
18
20
21
20
19
22
24
25
25
23
22
18
16
16
17
16
18
16
14
11
8
7
5
3
1
0
-1
-5
-8
-10
-14
-18
-23
-25
-26
-24
-19
-13
-8
-2
2
5
8
9
10
10
10
8
4
-1
-7
-13
-18
-22
-24
-20
-16
-9
-2
4
10
12
15
17
16
16
15
13
9
6
5
5
2
0
-1
-2
-3
-5
-2
0
3
3
3
2
-1
-1
-2
-6
-8
-11
-11
-10
-10
-8
-7
-6
-6
-4
-4
-4
-3
-4
-3
-2
-3
-4
-6
-9
-11
-12
-10
-9
-9
-8
-7
-4
-3
0
0
-2
-6
-9
-12
-13
-11
-10
-10
-10
-9
-7
-5
-1
3
8
12
15
17
19
16
17
16
12
10
9
8
6
6
5
7
10
13
13
13
12
12
11
10
9
8
8
7
6
7
10
10
8
6
7
6
5
3
2
-2
-5
-8
-11
-10
-7
-3
0
3
4
4
3
1
1
0
-3
-5
-7
-7
-8
-10
-13
-15
-15
-14
-11
-4
-2
0
1
-3
-6
-6
-7
-8
-7
-6
-4
-1
-3
-4
-7
-10
-12
-13
-13
-10
-10
-9
-7
-7
-6
-5
-5
-3
0
4
8
11
14
13
11
9
7
7
8
11
12
13
14
13
14
16
17
16
17
17
14
12
11
6
4
-1
-4
-8
-12
-14
-13
-8
-7
-4
-1
2
2
3
1
-1
-1
-3
-4
-6
-11
-11
-10
-10
-11
-9
-8
-9
-10
-11
-13
-14
-15
-18
-16
-16
-15
-9
-6
-2
1
1
1
-1
0
0
1
3
6
8
9
11
10
9
6
3
3
2
6
6
6
8
10
11
13
12
12
11
10
8
9
8
12
14
14
13
14
12
8
7
7
8
8
7
4
1
-4
-7
-8
-11
-14
-15
-16
-15
-15
-14
-12
-12
-13
-14
-16
-17
-18
-16
-14
-12
-9
-5
-3
-1
-1
-1
0
-2
-1
-1
1
1
3
6
9
11
13
12
13
13
13
13
14
14
14
15
15
15
13
10
8
5
3
1
0
-1
2
2
1
0
0
-3
-5
-5
-5
-7
-9
-11
-10
-9
-8
-7
-7
-9
-10
-11
-10
-8
-7
-7
-7
-8
-7
-5
-4
-5
-6
-8
-9
-12
-12
-11
-7
-5
-2
-3
-4
-4
-3
1
4
8
12
14
17
19
21
22
21
20
16
12
9
8
7
6
7
7
8
5
3
-1
-2
-3
-4
-5
-2
-1
0
-1
-2
-4
-7
-9
-10
-10
-8
-8
-6
-3
-3
-3
-4
-6
-8
-10
-9
-6
-4
-1
1
1
3
4
4
5
5
7
9
10
10
11
9
7
2
-2
-6
-10
-12
-13
-13
-11
-10
-9
-7
-6
-7
-9
-9
-12
-10
-11
-8
-4
-1
2
3
2
2
4
3
4
3
3
2
3
4
6
8
9
11
11
12
14
17
19
21
21
21
19
17
14
12
10
7
6
5
6
7
8
9
8
4
0
-6
-10
-13
-13
-12
-8
-5
-2
-4
-7
-10
-14
-16
-18
-18
-18
-16
-17
-16
-15
-15
-14
-12
-10
-7
-4
0
2
4
6
6
4
3
-1
-2
-3
-5
-7
-6
-6
-4
-2
-1
-1
-1
-1
-1
1
2
4
6
8
11
10
11
9
7
5
4
2
4
3
2
4
3
1
-1
-4
-4
-2
-2
0
1
2
1
1
1
2
3
4
5
7
7
7
7
6
7
8
10
11
10
9
7
6
4
1
-1
-3
0
0
0
0
-4
-7
-10
-11
-10
-9
-10
-9
-9
-11
-12
-14
-16
-18
-17
-15
-13
-9
-7
-4
-2
-1
-1
-2
-1
-3
-4
-5
-6
-5
-4
-2
0
2
4
6
4
5
6
4
6
9
10
13
15
16
17
17
17
17
19
19
19
19
20
19
17
14
10
6
4
5
5
6
8
8
7
5
1
-1
-4
-5
-5
-7
-7
-6
-7
-9
-9
-10
-12
-12
-12
-12
-10
-10
-8
-9
-10
-13
-14
-15
-16
-17
-19
-19
-20
-20
-19
-19
-18
-15
-13
-12
-11
-13
-12
-10
-6
-3
0
3
4
4
5
5
6
5
5
3
4
5
6
7
9
13
14
14
14
15
15
15
16
18
19
18
15
12
11
8
9
10
11
10
9
8
7
9
5
3
1
-1
0
0
2
3
2
1
-2
-3
-3
-2
-1
0
-1
1
0
-1
-2
-4
-4
-6
-7
-8
-8
-8
-8
-7
-7
-9
-10
-11
-11
-11
-8
-6
-6
-8
-11
-12
-13
-11
-10
-9
-6
-3
-1
1
2
3
2
0
2
1
1
1
1
1
1
1
3
4
7
8
7
7
2
0
-2
-2
-2
-1
0
0
1
2
2
5
5
9
11
12
14
14
17
18
18
17
17
15
15
14
13
10
9
6
3
0
-4
-8
-10
-12
-13
-12
-13
-14
-14
-12
-12
-12
-14
-14
-14
-15
-14
-13
-10
-8
-8
-8
-8
-6
-7
-8
-8
-7
-8
-6
-4
-3
-2
-3
-2
-2
-1
-1
0
2
4
5
6
7
7
9
13
16
17
18
17
17
16
16
15
14
13
10
9
8
5
5
5
4
5
5
6
6
4
3
2
0
-2
-4
-5
-8
-8
-9
-11
-13
-12
-13
-16
-15
-17
-17
-16
-17
-15
-14
-14
-14
-13
-10
-8
-7
-6
-5
-3
0
2
4
7
8
8
7
6
6
6
7
8
8
8
7
6
7
7
7
8
10
11
13
13
13
11
11
11
9
8
7
8
9
10
12
10
9
5
4
4
4
4
3
2
0
-4
-9
-10
-12
-13
-12
-10
-9
-9
-9
-10
-9
-8
-9
-9
-7
-7
-6
-5
-6
-6
-7
-8
-9
-9
-7
-7
-6
-7
-8
-8
-9
-10
-8
-8
-7
-6
-5
-5
-3
-1
0
1
1
2
4
6
8
11
14
16
16
16
17
15
14
12
10
8
7
8
6
7
8
8
7
6
3
1
-1
-3
-5
-6
-6
-6
-6
-7
-7
-7
-6
-5
-4
-5
-4
-4
-4
-3
-2
-1
-2
-3
-2
-2
-1
-1
0
0
0
0
2
3
3
2
2
2
3
4
6
6
6
6
6
5
4
3
1
-2
-3
-2
-1
-1
-2
-2
-3
-4
-4
-4
-5
-3
-5
-5
-3
-3
-3
-3
-3
-2
-2
-1
0
0
0
2
4
3
3
3
2
0
-1
-1
-1
-1
0
1
1
2
2
4
5
7
6
7
6
5
3
1
-1
-3
-3
-4
-5
-4
-4
-5
-6
-7
-9
-9
-9
-8
-6
-3
-2
-1
2
3
5
4
3
2
0
0
0
1
-1
0
0
-1
2
4
6
7
8
8
7
6
6
6
6
4
3
1
0
-2
-3
-4
-5
-7
-8
-9
-8
-8
-6
-4
-4
-2
0
1
1
3
3
4
3
-1
-2
-1
-1
-1
-1
-1
0
0
2
4
4
2
1
-1
-3
-4
-3
-2
0
2
4
6
7
7
8
8
7
7
5
4
1
-2
-4
-5
-5
-4
-2
-2
-3
-2
-2
0
1
0
0
1
0
-2
-3
-2
-4
-5
-5
-5
-3
-2
-1
0
1
1
0
0
0
1
1
2
1
0
-1
1
1
1
1
1
2
3
1
0
-1
-3
-1
-2
-2
0
1
1
1
2
2
1
2
2
4
4
1
-2
-4
-8
-10
-12
-13
-12
-9
-6
-1
1
3
3
3
4
6
6
7
10
9
10
9
7
5
3
1
1
2
1
1
0
-2
-2
-2
-4
-4
-5
-3
-4
-2
0
2
2
0
-4
-6
-8
-9
-9
-8
-7
-6
-4
-2
0
1
3
3
3
3
4
5
6
6
5
3
1
-2
-4
-4
-3
-1
0
0
2
1
1
1
1
3
5
6
8
7
9
10
10
9
9
8
7
6
5
3
3
3
1
0
-2
-4
-7
-7
-8
-9
-9
-9
-8
-8
-8
-9
-9
-9
-8
-7
-6
-2
1
1
2
2
2
6
3
4
4
5
6
5
5
5
4
1
-1
-4
-7
-8
-7
-6
-3
-1
-1
-1
-2
-3
-5
-5
-4
-2
-1
1
3
3
3
2
1
1
2
3
3
3
3
4
3
3
0
-1
-2
-3
-3
-3
-4
-4
-6
-6
-6
-6
-6
-3
-2
-1
4
5
5
7
9
10
10
10
7
5
4
3
3
1
-1
-5
-6
-8
-8
-7
-5
-2
-2
-2
0
1
3
5
6
4
4
7
7
7
7
7
7
7
6
4
2
0
-4
-5
-6
-9
-9
-10
-8
-8
-5
-2
0
1
1
3
3
4
5
4
3
-1
-3
-3
-4
-1
0
1
3
1
-1
-2
-2
-2
-4
-5
-6
-7
-6
-7
-5
-4
-3
-4
-2
-2
-2
-1
-1
-1
0
0
1
0
-1
2
3
5
7
10
13
12
13
12
9
8
4
2
1
-3
-5
-7
-6
-3
-1
2
3
5
7
8
8
8
7
4
0
-3
-6
-8
-9
-9
-9
-8
-8
-5
-5
-5
-3
-5
-7
-6
-7
-6
-5
-3
0
2
3
4
5
4
4
2
2
0
-1
-1
-3
-4
-4
-4
-2
-1
2
2
4
4
5
5
4
1
-1
-3
-1
0
1
3
3
2
2
1
1
0
0
0
-1
-2
-2
-2
-2
-1
2
4
4
2
0
-2
-3
-1
-1
0
0
1
1
1
2
2
2
3
4
5
6
6
7
7
5
3
1
0
-1
-1
-2
-2
-2
-2
-3
-2
-1
-2
-2
0
0
1
0
1
0
-1
-1
-4
-6
-9
-10
-10
-9
-6
-1
1
4
2
2
-1
-3
-4
-5
-7
-6
-5
-4
-4
-3
-3
-2
-1
-1
1
5
6
7
5
2
0
-2
-3
-4
-3
-4
-4
-4
-5
-6
-5
-4
-3
-2
-1
0
1
2
3
3
3
4
4
5
6
6
7
9
10
12
13
12
10
7
5
3
2
2
3
3
2
1
-1
0
0
1
3
3
3
2
3
4
8
10
11
12
11
7
2
-3
-6
-9
-12
-13
-14
-15
-15
-13
-10
-7
-5
-3
-1
1
4
4
3
1
0
-2
-2
-1
0
0
-1
-3
-4
-4
-3
0
-1
-2
-3
-5
-7
-6
-6
-6
-5
-7
-5
-5
-5
-4
-3
-3
-4
-4
-2
1
4
5
2
0
-2
-4
-5
-2
-1
2
4
5
8
8
8
9
8
6
6
6
7
9
10
9
7
4
1
1
1
1
2
4
5
6
6
5
5
4
4
1
0
-1
-2
-2
-2
-4
-6
-7
-8
-8
-7
-8
-9
-9
-9
-10
-8
-6
-5
-3
-3
-1
-2
-3
-4
-1
1
1
0
1
1
2
2
4
3
3
3
0
-1
3
10
13
14
18
18
16
14
12
11
4
-1
-2
-2
-3
-6
-5
-5
-9
-11
-12
-12
-10
-9
-8
-6
-8
-9
-10
-11
-9
-7
-3
1
2
3
6
7
8
6
3
3
2
2
0
0
2
-1
-1
0
-1
-3
-6
-8
-8
-8
-6
-5
-3
-4
-4
-2
2
3
6
6
3
-1
-1
2
6
6
6
4
2
2
3
7
5
3
4
3
6
10
10
4
-6
-16
-18
-19
-16
-7
-2
2
5
6
8
8
7
6
4
2
3
9
16
14
11
6
-2
-5
-7
-6
-3
-4
-6
-7
-6
-1
2
2
3
0
-3
-3
-3
3
6
6
8
9
5
1
-5
-7
-7
-8
-6
-1
2
5
4
4
2
2
-1
-2
-3
-4
-1
5
11
11
6
-2
-9
-13
-13
-11
-8
-5
-2
-1
-1
0
1
-4
-9
-10
-5
0
4
4
1
-5
-8
-6
0
4
1
-6
-10
-11
-6
0
4
5
5
1
1
6
12
16
13
7
3
-2
-2
-1
2
4
3
2
0
-3
-3
-3
-1
-1
0
3
3
1
-1
-3
-1
1
2
3
3
5
9
11
14
12
9
7
3
2
2
-1
-1
-2
-2
-2
-5
-6
-5
-3
-4
-6
-5
-1
4
7
3
-2
-5
-9
-10
-7
-3
-4
-8
-12
-10
-6
-2
-1
-3
-8
-14
-16
-12
-4
5
9
10
9
5
3
3
-3
-8
-9
-3
4
10
11
5
-3
-7
-9
-5
-2
2
6
6
6
7
6
6
2
-2
-6
-7
-4
1
6
9
9
8
7
7
6
4
0
-1
-2
0
5
11
12
10
5
-1
-5
-5
-3
0
3
5
6
6
8
8
6
1
0
0
2
4
7
8
6
3
2
2
0
-5
-8
-11
-13
-12
-8
-8
-8
-12
-16
-18
-15
-10
-9
-6
-6
-6
-4
-5
-7
-7
-9
-11
-11
-11
-10
-5
-3
-2
-2
-1
-1
-1
-1
0
2
4
6
7
8
10
10
10
5
3
5
10
17
18
18
17
11
5
6
8
7
4
3
2
2
-2
-5
-6
-12
-13
-11
-8
-5
0
4
2
0
2
6
10
10
11
10
9
9
9
5
3
1
-1
-3
-5
-5
-2
-1
-2
-6
-7
-8
-5
-2
-1
-1
-2
-2
-1
0
-3
-4
-9
-11
-12
-12
-13
-13
-10
-7
-5
-3
-3
-1
2
3
3
1
1
2
4
6
7
5
3
3
1
3
5
9
11
12
9
5
3
2
4
4
3
2
2
5
9
9
7
1
-3
-7
-11
-12
-10
-7
-4
-4
-3
-4
-4
-4
-5
-4
-3
-1
3
6
6
5
4
3
1
2
3
5
4
2
2
4
5
5
3
-3
-9
-13
-14
-13
-11
-9
-9
-9
-11
-13
-15
-15
-14
-10
-6
0
5
10
9
5
0
-5
-5
0
4
10
13
13
14
13
12
10
4
-2
-5
-3
4
9
11
10
6
1
1
4
9
14
13
8
5
4
5
7
5
3
2
1
1
4
5
6
4
1
-3
-4
-5
-5
-6
-5
-3
-1
1
0
0
-1
3
3
1
-1
-5
-8
-9
-9
-7
-4
-1
-1
-1
-3
-2
-1
-2
-5
-9
-6
-3
-2
-1
-4
-4
-5
-7
-7
-7
-6
-3
-3
-4
-7
-7
-8
-9
-10
-12
-11
-11
-11
-9
-9
-8
-7
-5
-5
-4
-1
0
-2
0
-1
1
9
15
18
18
16
15
12
11
13
13
16
20
24
25
25
21
16
11
6
3
6
11
13
12
7
1
-3
-7
-9
-12
-15
-15
-11
-10
-7
-6
-5
-5
-6
-8
-6
-4
-2
-3
-3
-1
1
3
3
2
-1
-2
-5
-7
-10
-12
-8
-6
-6
-6
-8
-11
-14
-17
-19
-19
-15
-11
-9
-7
-8
-7
-8
-8
-6
-5
0
7
12
16
16
16
15
17
17
18
18
19
17
15
13
12
13
11
9
5
2
2
4
5
4
1
-2
-4
-3
1
4
6
5
2
-1
0
1
2
4
4
6
8
6
3
-1
-6
-6
-6
-5
-6
-6
-6
-11
-15
-20
-22
-24
-25
-21
-19
-17
-11
-7
-4
-4
-3
-2
-4
-3
-4
-3
-1
0
-1
-3
-3
-3
-1
0
0
0
0
2
2
3
5
8
11
12
9
6
4
6
6
8
13
16
17
16
13
8
4
0
-1
-1
1
3
3
0
-4
-7
-6
-5
-4
-2
-3
-3
-3
-2
0
1
2
4
7
9
11
13
15
16
12
8
4
2
0
-1
-3
-7
-11
-13
-13
-13
-13
-9
-8
-10
-14
-15
-17
-18
-19
-18
-14
-6
2
8
8
5
4
5
7
9
10
12
13
10
6
2
-4
-8
-11
-12
-10
-6
0
3
4
2
-3
-5
-6
-3
-2
0
3
7
10
10
7
7
8
11
12
11
10
7
4
1
0
0
2
2
0
-3
-4
-5
-4
-1
1
4
6
8
7
4
3
0
0
2
7
11
14
12
8
2
-6
-13
-17
-17
-17
-15
-14
-13
-11
-12
-12
-11
-10
-10
-6
-2
2
4
5
3
0
-3
-4
0
2
3
2
0
-1
0
-2
-2
-1
-1
-4
-5
-5
-5
-5
-4
-4
-3
0
0
0
1
-2
-4
-4
-2
2
3
5
5
4
3
3
3
7
10
12
13
12
12
10
8
5
1
0
2
5
4
5
2
1
-1
-1
0
2
5
9
12
12
9
4
-2
-6
-6
-5
1
6
6
6
2
-2
-7
-7
-8
-6
-4
-2
-1
-2
0
-1
-3
-7
-9
-10
-9
-7
-6
-6
-5
-6
-8
-6
-8
-7
-8
-9
-11
-13
-11
-8
-4
-1
0
3
4
4
2
3
4
6
9
15
18
18
16
11
5
2
2
3
7
9
10
7
4
0
-3
-8
-12
-13
-10
-6
-1
0
1
-1
-4
-5
-5
-3
2
5
7
9
9
10
8
8
8
6
5
2
1
1
-1
-3
-4
-6
-7
-7
-8
-8
-10
-11
-14
-16
-14
-11
-6
-3
-2
-4
-7
-9
-9
-9
-7
-4
-2
3
5
8
7
5
5
5
7
9
11
11
11
10
8
5
5
3
2
1
1
2
2
1
-1
-2
-4
-2
-2
0
0
-1
-1
-3
-3
-2
2
6
8
5
2
-1
-5
-6
-8
-5
-2
1
4
4
2
1
-2
-5
-7
-7
-3
0
4
6
6
5
3
1
0
0
1
3
4
4
4
3
1
-2
-4
-6
-6
-5
-3
-2
-1
-2
-2
-3
-1
-1
0
0
1
-1
0
-1
1
4
6
7
5
3
0
-1
0
2
5
9
12
12
10
7
4
1
0
-3
-2
-1
0
2
0
-3
-9
-14
-16
-16
-13
-10
-6
-5
-2
-2
-2
-1
-1
0
1
2
3
5
5
6
6
4
3
1
-1
-2
-3
-6
-8
-5
-4
0
2
2
0
-3
-4
-5
-4
1
4
6
6
4
1
-1
-2
-2
-2
-2
0
2
4
5
5
2
1
-1
-2
-1
1
2
3
3
3
1
-3
-7
-9
-9
-9
-7
-8
-5
-3
0
3
4
5
8
9
11
12
13
15
16
16
16
12
10
6
2
-1
-3
-4
-6
-8
-9
-9
-7
-7
-6
-5
-4
-5
-4
-2
-2
-1
0
-2
-5
-6
-6
-5
-5
-6
-6
-7
-8
-8
-8
-7
-5
-4
0
0
3
5
6
5
4
2
2
3
4
4
4
2
0
-1
-2
-4
-4
-4
-4
-3
-4
-5
-6
-7
-6
-5
-4
-2
1
2
1
0
-1
0
3
5
6
7
8
8
7
8
10
12
14
14
14
10
10
7
6
6
6
6
6
4
2
0
-2
-4
-3
-5
-4
-5
-4
-4
-6
-7
-9
-11
-11
-9
-5
-2
0
1
1
1
-1
0
-2
-2
-3
-3
-3
-4
-4
-2
-2
-3
-4
-6
-6
-5
-4
-3
-1
1
3
4
3
2
2
1
0
0
-1
0
2
1
0
-1
-2
-2
-4
-4
-4
-4
-4
-6
-5
-4
-2
1
2
3
3
2
0
-1
-2
0
4
5
6
7
6
5
3
3
4
5
6
7
6
6
3
1
0
-1
