-13
-9
-3
-1
-1
-1
-1
-2
-2
-3
-3
-4
-6
-7
-9
-10
-13
-12
-14
-14
-12
-9
-7
-6
-4
-6
-6
-6
-7
-8
-8
-10
-12
-12
-12
-11
-9
-7
-5
-4
-4
-3
-2
-1
1
2
4
6
10
14
19
21
23
23
22
20
17
14
12
11
8
6
6
4
4
4
5
4
5
4
3
4
5
7
9
11
9
7
4
0
-3
-4
-4
-3
-3
-1
1
2
4
2
1
1
2
2
1
-1
-3
-5
-8
-10
-12
-15
-16
-17
-18
-18
-17
-15
-15
-13
-9
-8
-8
-8
-8
-9
-11
-12
-11
-9
-7
-5
-4
-3
-4
-3
-3
-1
-1
0
2
3
5
4
3
2
-1
-2
-2
-2
0
2
4
7
8
11
15
18
20
20
18
15
12
7
4
3
1
3
3
5
7
10
13
15
17
20
21
20
19
15
11
7
2
-1
-2
-5
-8
-10
-11
-11
-11
-10
-7
-5
-1
2
2
2
-2
-5
-8
-9
-9
-10
-11
-12
-12
-13
-13
-13
-12
-10
-9
-8
-7
-6
-8
-9
-9
-8
-8
-6
-4
-3
-1
0
1
2
2
2
3
3
4
2
0
-2
-4
-5
-5
-7
-5
-4
-3
-3
-1
-1
0
2
4
6
7
7
6
6
8
9
9
9
9
8
8
8
9
9
8
9
9
8
7
8
6
5
4
4
4
4
6
8
8
7
4
1
-1
-3
-3
-3
-3
0
-1
-1
-2
-5
-8
-10
-11
-8
-7
-4
-2
-1
3
4
4
4
3
3
1
-3
-6
-9
-12
-16
-18
-18
-15
-12
-8
-4
0
2
3
4
2
2
-1
-1
-2
-2
-3
-3
-4
-4
-3
-2
-1
1
2
5
8
8
11
11
11
9
6
2
-1
-2
-2
-2
0
2
3
5
5
5
5
4
4
5
7
9
9
7
5
3
2
0
-1
-4
-6
-6
-10
-11
-11
-10
-8
-6
-4
-2
-1
0
-1
-2
-3
-4
-5
-5
-6
-6
-6
-5
-6
-6
-8
-10
-10
-10
-9
-9
-6
-5
-4
-3
-1
0
1
2
3
4
7
10
12
14
15
16
15
13
10
8
6
6
8
9
11
10
10
7
6
5
4
4
4
3
4
3
4
4
2
2
2
1
0
-1
1
0
1
2
1
1
1
1
-2
-3
-4
-4
-4
-5
-5
-4
-5
-6
-6
-7
-9
-9
-10
-10
-8
-6
-5
-4
-5
-3
-4
-6
-6
-8
-9
-8
-8
-6
-6
-5
-3
-1
1
0
-1
0
-1
-1
-1
-2
-2
-4
-2
0
2
3
3
4
4
7
9
11
11
11
9
6
2
-1
-4
-4
-5
-4
-2
0
2
4
4
6
5
5
5
4
4
4
3
3
1
1
-1
0
0
-1
-1
0
1
3
5
4
4
2
-1
-3
-5
-7
-6
-3
-2
0
2
2
3
3
1
0
-2
-2
-3
-3
-5
-4
-3
-1
1
2
5
6
8
8
7
5
3
2
0
0
-1
-3
-5
-6
-4
-3
-2
0
1
3
6
7
8
6
3
1
-1
-1
-2
-2
-1
-1
1
2
3
4
4
4
4
2
2
0
-1
-4
-4
-4
-4
-3
-3
-3
-4
-3
-4
-3
-2
-3
-3
-3
-3
-4
-5
-7
-7
-8
-8
-7
-6
-6
-6
-6
-6
-6
-6
-6
-5
-7
-7
-7
-6
-5
-5
-3
-2
-1
-1
-1
-2
-2
0
3
5
6
7
9
9
10
10
9
9
8
6
7
9
10
11
12
12
12
11
9
8
7
8
7
7
8
9
9
8
8
8
8
7
8
7
7
6
6
4
1
-1
-5
-6
-8
-10
-11
-12
-13
-15
-15
-15
-15
-15
-14
-13
-12
-10
-9
-10
-8
-9
-8
-9
-9
-9
-8
-8
-8
-8
-6
-6
-6
-6
-5
-4
-3
-2
-1
0
0
1
2
4
5
6
7
9
10
10
11
12
13
14
14
15
15
13
12
12
10
9
8
9
8
7
6
5
4
2
0
0
-1
0
0
-1
-1
-1
-2
-2
-3
-3
-3
-4
-5
-4
-3
-3
-4
-5
-7
-7
-8
-9
-10
-9
-11
-10
-11
-11
-10
-9
-7
-6
-5
-6
-4
-4
-6
-7
-8
-8
-8
-7
-6
-4
-1
2
4
7
9
12
13
13
14
13
11
9
8
9
9
9
11
11
12
12
13
12
12
10
10
8
5
2
0
-2
-4
-4
-3
-2
-1
0
2
3
4
5
5
4
3
1
-1
-5
-8
-12
-15
-16
-17
-16
-15
-12
-10
-9
-9
-9
-11
-10
-12
-12
-14
-13
-11
-11
-9
-8
-5
-5
-5
-4
-4
-2
-1
-1
0
1
3
5
5
6
5
5
5
5
6
8
9
11
14
15
14
14
12
11
10
10
10
11
12
14
12
10
7
7
3
0
-1
-1
-2
0
2
3
3
3
2
0
-2
-4
-5
-8
-8
-7
-4
-3
-4
-4
-8
-8
-8
-9
-9
-8
-7
-7
-7
-7
-8
-9
-9
-9
-11
-12
-12
-12
-10
-8
-7
-6
-5
-4
-3
-2
-2
0
0
0
0
3
3
5
8
10
12
13
13
15
15
14
13
14
15
16
17
19
18
17
17
16
13
10
6
3
2
1
-1
-3
-6
-7
-8
-9
-8
-7
-6
-5
-3
-3
0
0
-1
-2
-6
-7
-8
-9
-8
-7
-7
-8
-10
-14
-18
-21
-22
-23
-22
-22
-20
-16
-15
-14
-14
-13
-12
-11
-9
-7
-3
1
4
5
7
7
8
9
8
7
8
10
11
14
14
14
15
15
14
14
15
14
15
16
17
17
17
19
20
19
18
19
19
20
19
16
13
10
7
3
1
0
-2
-4
-3
-4
-5
-5
-6
-6
-6
-8
-9
-10
-11
-11
-12
-12
-14
-17
-17
-19
-19
-20
-21
-22
-21
-20
-20
-18
-18
-17
-15
-13
-12
-11
-10
-8
-7
-8
-7
-8
-8
-7
-7
-6
-5
-5
-2
2
5
8
11
14
17
18
19
20
22
22
22
22
21
20
22
21
21
20
21
20
18
17
14
11
9
7
6
3
2
0
-1
-2
-5
-7
-5
-6
-6
-5
-6
-6
-7
-9
-10
-12
-13
-14
-14
-16
-16
-18
-16
-17
-19
-19
-17
-16
-16
-15
-12
-11
-10
-8
-7
-6
-4
-2
-1
1
1
2
3
3
4
7
8
9
9
10
10
12
13
14
14
15
14
14
14
14
14
11
10
11
13
15
15
15
16
16
16
14
12
9
8
6
4
2
1
-2
-4
-5
-7
-9
-12
-13
-15
-15
-15
-14
-15
-13
-13
-12
-11
-11
-9
-8
-7
-5
-5
-4
-4
-5
-7
-9
-10
-13
-15
-15
-17
-17
-18
-17
-13
-11
-9
-8
-6
-5
-2
-2
-1
-1
0
2
3
5
5
6
8
10
11
13
14
14
15
13
14
14
13
13
14
14
15
15
15
13
13
13
12
13
12
12
11
10
8
7
7
5
4
2
1
-1
-3
-4
-5
-6
-8
-10
-12
-12
-11
-9
-9
-7
-8
-7
-9
-11
-14
-14
-16
-15
-16
-15
-14
-13
-12
-12
-12
-12
-11
-9
-5
-3
0
2
2
4
5
4
4
6
6
7
7
8
10
10
11
10
10
11
11
10
9
11
10
12
11
12
13
13
12
12
12
10
11
9
8
7
5
3
0
-3
-6
-8
-11
-14
-15
-17
-18
-19
-19
-19
-19
-16
-15
-16
-15
-14
-12
-11
-11
-12
-13
-13
-13
-12
-13
-12
-10
-9
-8
-8
-7
-4
-1
2
4
6
7
8
8
10
10
10
11
12
15
16
19
18
20
19
18
18
17
17
19
19
18
18
16
14
11
8
7
5
6
5
5
5
5
4
3
2
0
-1
-2
-5
-7
-8
-10
-12
-13
-14
-15
-17
-17
-17
-18
-17
-17
-16
-17
-17
-16
-16
-16
-16
-15
-14
-11
-9
-6
-5
-3
-2
-1
-1
0
0
1
3
4
6
8
9
10
11
13
13
12
13
12
11
10
10
10
9
9
9
9
9
10
10
11
12
11
10
11
10
9
7
4
1
-1
-4
-6
-7
-7
-7
-6
-6
-4
-5
-5
-5
-6
-7
-6
-7
-7
-8
-8
-10
-10
-11
-10
-10
-10
-9
-10
-9
-9
-9
-7
-6
-5
-3
-1
1
2
4
3
4
2
2
1
1
1
2
3
4
4
5
6
6
6
7
8
6
6
7
8
8
8
7
7
5
3
3
2
0
0
-1
-1
-2
-3
-3
-6
-7
-7
-6
-5
-4
-2
0
-1
-2
-2
-3
-2
-1
0
4
4
6
8
7
5
4
3
2
0
0
0
-1
-1
-3
-5
-7
-9
-11
-9
-8
-7
-5
-4
-3
-3
-3
-3
-2
-3
-3
-3
-3
-3
-3
-1
-1
0
1
1
1
0
1
2
3
4
6
5
5
3
3
4
6
7
9
9
9
9
8
9
8
8
8
8
7
6
5
4
2
0
-3
-5
-7
-8
-9
-8
-8
-7
-6
-5
-4
-2
-3
-2
-2
-3
-3
-3
-4
-4
-4
-6
-7
-8
-9
-9
-9
-9
-8
-6
-6
-4
-4
-4
-3
-2
-3
-2
-1
1
3
3
5
5
7
7
10
9
9
9
9
7
8
8
8
9
9
10
10
9
8
6
5
4
3
2
-1
-1
-1
-3
-4
-4
-4
-3
-4
-3
-3
-3
-3
-4
-6
-8
-9
-10
-10
-10
-8
-7
-6
-4
-4
-3
-3
-3
-2
-2
0
0
0
1
1
0
1
0
-1
0
-2
0
0
3
4
4
3
3
2
1
0
1
1
2
4
5
5
6
6
4
2
2
2
3
2
2
3
4
5
4
4
4
4
2
1
2
1
1
1
1
0
1
1
0
1
1
0
0
-1
-1
-2
-5
-7
-8
-10
-10
-9
-8
-6
-4
-3
-2
0
2
2
4
5
5
6
5
6
6
4
3
2
2
2
1
2
0
1
0
1
0
-1
0
-1
-1
-1
-1
1
1
1
0
0
-1
-4
-4
-5
-4
-5
-5
-5
-6
-7
-9
-9
-7
-5
-3
0
2
3
5
6
4
2
0
-1
-3
-3
-2
0
1
1
2
1
0
-3
-4
-5
-6
-7
-9
-8
-8
-6
-5
-3
-1
2
5
7
10
12
14
17
16
16
14
14
11
8
6
4
4
4
5
5
5
4
4
2
1
-1
-2
-1
1
1
2
2
1
-1
-2
-4
-6
-7
-6
-6
-5
-6
-4
-4
-6
-7
-7
-7
-6
-5
-4
-3
-1
1
1
0
-2
-4
-7
-10
-13
-15
-15
-15
-14
-12
-9
-7
-4
-2
-1
0
1
4
6
6
6
7
8
9
8
8
6
7
7
8
11
13
15
15
15
12
12
12
10
9
9
9
9
9
7
6
4
3
0
-1
-3
-4
-3
-3
-4
-5
-5
-6
-6
-7
-8
-8
-9
-9
-10
-11
-11
-12
-12
-12
-11
-11
-11
-10
-10
-9
-8
-6
-4
-2
0
2
4
5
4
3
3
1
1
0
0
2
2
3
3
4
3
1
1
0
1
1
3
4
5
7
7
8
8
8
8
7
7
8
8
6
5
3
2
0
-2
-3
-3
-3
-3
-1
-2
0
1
1
0
-1
-2
-1
0
1
1
-1
-3
-3
-4
-4
-4
-3
-2
-3
-3
-3
-1
-1
0
2
3
5
4
5
4
4
4
4
4
3
2
3
4
2
2
2
0
0
-2
-3
-5
-3
-3
-3
-3
-3
-4
-3
-2
-3
-3
-2
-3
-1
-1
0
1
2
0
-1
-1
0
0
1
2
3
3
1
-1
-3
-6
-8
-9
-10
-10
-10
-8
-6
-4
-2
0
2
4
7
8
10
10
10
9
8
5
3
1
0
-2
-2
-3
-3
-4
-6
-6
-7
-7
-7
-7
-6
-4
-4
-2
0
2
3
5
7
8
7
7
6
6
5
4
3
3
3
3
3
3
2
2
3
2
3
2
1
-1
-2
-2
-1
-1
-1
1
0
-1
-2
-3
-3
-3
-3
-2
0
2
5
7
8
8
6
5
4
3
0
0
-1
-1
-3
-2
-3
-3
-3
-3
-3
-3
-3
-4
-6
-5
-6
-6
-8
-8
-8
-7
-7
-6
-5
-4
-4
-4
-4
-5
-4
-4
-4
-3
0
1
6
8
9
9
9
9
9
8
6
4
1
-1
-5
-8
-10
-9
-9
-7
-4
1
4
7
9
11
11
11
12
10
10
8
6
3
0
-3
-4
-5
-5
-5
-4
-4
-3
-2
0
1
2
2
2
0
0
1
0
0
0
-2
-4
-4
-7
-9
-10
-11
-10
-9
-7
-4
-1
1
4
6
8
9
9
9
8
9
8
7
4
2
0
-2
-4
-4
-2
-2
0
3
5
6
6
8
7
5
5
5
4
3
1
-1
-4
-5
-8
-9
-11
-11
-11
-10
-10
-9
-6
-6
-4
-4
-4
-4
-4
-4
-4
-3
-3
-1
0
-1
-1
-2
-3
-4
-4
-3
-2
-2
-1
1
3
5
6
8
7
7
8
8
8
9
8
8
5
3
1
-1
-2
-2
0
3
7
9
10
12
12
13
12
13
12
13
13
12
11
10
7
4
-1
-6
-10
-11
-13
-12
-12
-11
-11
-9
-9
-11
-10
-9
-7
-6
-4
-2
-1
0
-1
-2
-5
-8
-11
-13
-14
-15
-16
-14
-13
-11
-9
-7
-5
-4
-4
-2
-1
0
0
-1
-1
-1
-3
-5
-5
-5
-3
1
3
7
11
14
15
17
17
19
20
21
22
23
24
23
21
17
11
5
0
-4
-8
-8
-5
-3
-1
3
6
7
6
6
4
2
3
1
1
1
0
0
-2
-5
-8
-10
-13
-13
-13
-13
-11
-10
-8
-8
-8
-8
-6
-7
-7
-6
-5
-4
-7
-8
-11
-12
-16
-17
-20
-20
-18
-15
-9
-5
-1
2
4
5
5
6
7
9
11
12
14
14
13
12
8
6
6
6
8
11
11
13
14
12
9
6
3
1
-1
0
1
2
3
3
2
2
1
0
1
2
3
6
9
11
13
13
13
10
9
6
3
2
1
0
-3
-6
-8
-13
-17
-21
-23
-25
-25
-25
-21
-18
-15
-11
-9
-9
-9
-8
-6
-4
-3
-1
0
1
-1
0
-3
-2
-2
0
3
4
8
11
12
11
10
8
5
3
3
4
6
8
9
10
9
7
6
5
5
7
9
14
17
19
20
21
21
18
17
13
11
7
4
1
0
-5
-8
-13
-21
-26
-28
-30
-28
-26
-22
-20
-17
-15
-13
-12
-12
-11
-10
-7
-6
-4
-4
-6
-11
-16
-21
-25
-28
-26
-21
-14
-6
2
8
11
11
9
6
4
2
2
4
10
13
16
17
18
17
16
19
22
25
30
34
38
39
40
38
33
27
21
17
14
11
11
11
10
5
-1
-8
-13
-18
-21
-21
-16
-10
-6
0
5
6
7
5
-1
-3
-6
-7
-6
-6
-6
-7
-9
-15
-22
-28
-34
-36
-36
-35
-31
-27
-23
-21
-20
-19
-19
-22
-25
-25
-24
-20
-17
-13
-9
-7
-4
1
6
10
18
23
28
31
33
34
32
28
23
19
15
12
12
10
8
8
4
2
-1
-3
-4
-3
-4
-1
1
2
5
6
5
6
8
10
13
16
18
21
23
22
20
17
13
10
7
6
6
4
3
0
-3
-7
-11
-16
-22
-26
-30
-30
-28
-25
-22
-20
-19
-17
-17
-17
-16
-17
-15
-11
-7
-3
2
5
7
8
9
8
7
7
9
13
15
15
13
11
6
1
-3
-5
-6
-6
-3
-2
0
-1
-1
-1
-1
-1
2
5
11
16
22
25
28
27
25
22
17
14
12
11
9
8
6
2
-3
-9
-17
-23
-28
-31
-30
-28
-24
-23
-20
-19
-20
-21
-20
-18
-16
-11
-7
-1
2
3
4
2
2
1
0
2
6
12
16
19
19
18
14
10
5
1
-1
-5
-7
-10
-12
-15
-16
-16
-15
-13
-7
-2
6
14
19
21
22
22
19
16
14
15
15
16
16
15
13
8
1
-5
-10
-12
-15
-16
-12
-10
-8
-8
-10
-11
-11
-11
-7
-1
8
17
22
26
26
24
19
13
6
2
0
-1
2
5
7
7
4
2
-2
-6
-9
-12
-13
-15
-18
-20
-22
-25
-28
-29
-28
-27
-21
-15
-8
0
5
8
10
9
7
6
3
0
0
-1
-1
-2
-5
-8
-10
-14
-15
-15
-15
-13
-10
-7
-4
-2
0
4
8
13
17
23
30
36
40
43
44
42
38
32
27
23
20
16
12
9
7
4
-2
-8
-14
-19
-23
-26
-28
-30
-30
-29
-28
-27
-24
-19
-16
-11
-8
-4
1
4
10
14
14
16
16
14
13
10
8
4
2
-2
-9
-16
-21
-26
-30
-31
-31
-29
-24
-19
-14
-8
-1
5
10
16
20
25
31
36
40
42
42
40
39
36
33
29
26
23
19
16
13
9
4
-2
-8
-15
-21
-29
-34
-37
-39
-39
-38
-36
-36
-32
-29
-26
-23
-20
-16
-10
-5
1
4
6
6
4
1
-5
-8
-9
-10
-9
-8
-9
-8
-9
-11
-12
-14
-15
-17
-16
-15
-11
-6
-1
5
13
16
21
25
26
29
33
33
32
30
26
22
19
18
18
21
22
24
27
27
28
27
24
20
17
12
8
4
3
3
3
1
-1
-3
-5
-8
-10
-12
-12
-13
-12
-11
-8
-7
-9
-9
-10
-11
-14
-14
-14
-13
-12
-11
-9
-9
-12
-15
-18
-21
-22
-22
-23
-22
-18
-14
-8
-5
-5
-5
-8
-12
-14
-15
-16
-16
-13
-10
-7
-6
0
4
5
8
11
15
19
22
26
28
26
23
20
14
8
5
3
-1
-2
-1
1
4
5
6
5
2
-2
-3
-1
0
3
6
10
16
18
19
18
17
13
8
5
3
0
-1
-3
-7
-9
-12
-13
-17
-20
-21
-20
-20
-16
-13
-10
-9
-8
-9
-9
-8
-9
-7
-5
-2
1
7
11
14
15
15
14
12
9
6
4
1
-2
-5
-7
-7
-8
-8
-10
-12
-12
-10
-6
-2
2
4
8
11
15
19
22
26
30
35
38
42
44
40
36
28
20
13
8
3
-2
-9
-13
-16
-19
-23
-27
-33
-36
-41
-43
-43
-42
-40
-36
-32
-27
-23
-17
-12
-10
-6
-4
-1
2
4
5
7
8
6
6
5
4
2
1
0
0
0
1
2
1
-1
-3
-1
-2
-4
-5
-8
-9
-10
-5
2
10
16
24
30
35
39
40
42
39
35
30
24
20
17
12
6
0
-3
-6
-8
-10
-14
-16
-16
-18
-19
-19
-17
-16
-17
-18
-17
-14
-11
-8
-7
-4
1
4
6
9
11
13
14
13
13
12
12
10
6
3
-1
-3
-4
-7
-9
-10
-10
-10
-12
-12
-13
-16
-18
-19
-19
-16
-14
-12
-10
-5
2
10
16
20
22
24
24
22
19
16
13
10
7
3
-2
-7
-12
-16
-21
-24
-24
-23
-20
-17
-11
-7
-4
-1
0
-1
-3
-3
-1
0
2
6
10
14
16
16
12
9
6
4
4
7
8
9
9
4
1
-4
-9
-12
-13
-12
-8
-5
-1
1
3
5
4
2
-1
-2
0
3
8
12
13
14
15
12
9
5
4
1
-1
0
3
7
8
6
4
-2
-6
-11
-15
-17
-14
-11
-7
-2
0
0
-1
-3
-6
-7
-7
-7
-6
-4
-3
-1
-1
-5
-8
-11
-11
-8
-3
3
10
14
13
11
7
3
1
-1
-2
1
0
2
3
5
6
4
2
0
-1
1
6
12
16
17
17
14
12
10
7
6
4
3
1
1
1
1
-2
-4
-7
-14
-19
-21
-20
-16
-12
-9
-6
-4
-5
-6
-8
-8
-8
-7
-6
-5
-2
-1
-1
-1
-4
-6
-10
-12
-15
-12
-9
-6
-2
0
1
-1
-3
-5
-5
-4
-4
-3
-1
1
3
3
7
7
9
10
12
14
19
24
25
26
26
24
23
20
18
13
9
7
4
3
4
3
3
0
-3
-9
-13
-14
-12
-8
-3
2
7
8
9
8
8
7
5
3
-2
-5
-9
-13
-15
-16
-18
-22
-24
-26
-26
-23
-21
-18
-16
-16
-17
-16
-14
-12
-10
-7
-6
-5
-2
1
5
5
6
6
7
8
10
13
15
19
21
21
22
21
19
19
17
15
13
12
11
9
7
7
5
5
4
3
5
6
9
8
8
9
9
7
6
5
5
4
0
-2
-6
-11
-14
-15
-16
-18
-20
-22
-23
-24
-25
-22
-22
-22
-22
-23
-23
-21
-20
-19
-18
-17
-15
-13
-9
-4
2
8
13
16
19
20
20
21
20
19
18
15
13
11
10
7
5
1
0
-1
-2
-1
2
4
6
6
6
8
10
12
14
15
17
17
17
14
12
9
7
5
1
-1
-1
-3
-4
-4
-5
-6
-8
-8
-9
-9
-9
-8
-10
-12
-13
-14
-13
-11
-9
-7
-4
-3
-1
2
4
4
4
4
3
2
2
3
3
3
0
-2
-4
-6
-8
-8
-8
-6
-7
-6
-8
-9
-10
-12
-12
-11
-9
-8
-6
-4
-3
-1
2
4
8
10
11
11
10
9
9
8
7
6
5
2
0
-2
-5
-6
-4
-3
-1
1
1
2
3
2
2
3
4
6
9
13
14
16
16
14
14
11
8
6
5
7
8
9
10
10
9
7
3
2
0
-2
-3
-5
-6
-6
-8
-10
-11
-13
-13
-13
-14
-13
-14
-13
-9
-7
-5
-2
-1
-1
-4
-6
-10
-13
-16
-16
-16
-13
-12
-11
-11
-11
-10
-11
-8
-5
-2
1
4
6
8
10
11
13
13
12
10
9
7
6
6
7
7
7
8
10
15
19
22
24
25
22
18
17
15
13
11
9
8
5
1
-3
-7
-11
-13
-14
-13
-12
-12
-12
-10
-9
-8
-6
-5
-6
-6
-7
-8
-9
-10
-11
-13
-12
-14
-15
-16
-16
-15
-12
-9
-7
-4
-3
-3
-3
-3
-2
1
3
5
5
6
6
6
7
7
7
8
9
9
10
10
11
12
13
13
14
13
12
11
11
10
9
9
9
8
8
8
8
8
6
5
4
4
2
1
0
-3
-5
-7
-9
-9
-11
-11
-13
-13
-10
-8
-7
-6
-6
-8
-8
-7
-7
-5
-3
-2
-3
-5
-6
-7
-8
-9
-9
-10
-11
-12
-10
-10
-8
-6
-5
-5
-5
-5
-3
-3
-1
0
1
2
2
4
4
6
6
7
9
9
11
11
11
11
9
7
5
4
3
2
1
0
-1
-1
0
-1
0
4
6
9
10
11
12
13
13
15
14
14
12
11
9
7
6
5
3
0
-2
-3
-5
-5
-4
-5
-7
-9
-11
-11
-10
-8
-7
-6
-4
-5
-4
-4
-4
-3
-3
-1
-1
-1
-3
-5
-7
-9
-12
-12
-12
-12
-12
-11
-11
-10
-8
-6
-6
-4
-1
2
3
2
2
2
2
2
3
4
6
6
6
5
7
9
11
13
13
12
11
8
8
6
7
7
7
5
4
4
6
6
5
4
2
1
1
1
0
0
-2
-4
-5
-5
-5
-4
-5
-3
-5
-7
-9
-10
-11
-13
-13
-12
-12
-10
-8
-6
-5
-4
-3
0
1
2
3
2
0
-1
-4
-5
-6
-8
-9
-9
-7
-5
-5
-3
-1
1
4
6
7
7
7
8
9
10
11
11
12
11
11
12
12
13
13
13
13
12
12
11
10
10
8
8
8
7
7
6
5
4
2
0
-2
-2
-3
-4
-5
-7
-7
-9
-9
-10
-9
-8
-6
-5
-5
-6
-7
-7
-8
-8
-10
-10
-12
-14
-15
-16
-18
-19
-19
-19
-17
-15
-13
-12
-9
-8
-7
-4
-3
-1
0
1
1
2
3
3
4
7
8
10
9
10
11
12
11
10
10
11
11
10
8
7
7
6
7
8
10
11
11
11
12
12
11
13
12
11
11
10
8
8
7
6
3
0
-3
-4
-6
-8
-8
-9
-8
-9
-8
-9
-8
-7
-8
-8
-7
-6
-4
-6
-7
-8
-10
-10
-10
-10
-10
-8
-6
-6
-4
-4
-4
-4
-2
-2
-3
-3
-3
-3
-1
-2
-2
-2
-3
-5
-3
-1
-1
1
2
3
3
3
3
2
1
2
2
3
5
6
8
10
11
11
9
8
7
7
9
9
9
10
8
8
7
5
4
1
1
1
0
-1
-2
-3
-4
-6
-7
-8
-9
-8
-7
-6
-4
-2
-1
1
1
2
3
2
2
0
-3
-4
-5
-5
-5
-5
-5
-4
-4
-3
-4
-2
-4
-5
-6
-7
-7
-6
-4
-2
-1
-2
0
-1
-1
-1
1
1
2
4
6
8
10
11
12
13
12
10
7
5
4
4
4
4
5
5
6
5
4
3
3
3
4
4
4
3
1
2
2
0
-2
-5
-8
-10
-12
-12
-11
-11
-10
-10
-9
-9
-8
-7
-8
-7
-9
-9
-8
-9
-7
-6
-6
-6
-7
-7
-7
-9
-7
-6
-3
0
3
6
7
8
8
9
8
8
7
7
7
8
9
10
10
10
10
9
9
9
8
6
7
5
5
5
5
5
3
1
0
-1
-1
-3
-4
-5
-6
-4
-3
-2
0
1
0
-1
0
1
0
-1
-2
-3
-4
-4
-5
-6
-6
-6
-7
-7
-5
-5
-4
-3
-1
1
3
5
7
7
8
6
5
3
1
0
-1
-2
-1
-1
-3
-2
-3
-2
-2
-1
-2
-2
0
1
2
3
3
3
2
1
-2
-4
-6
-8
-10
-11
-10
-8
-4
-1
0
4
5
6
6
4
3
2
1
1
0
2
1
0
-2
-4
-5
-6
-6
-6
-4
-2
1
5
7
8
7
6
5
4
3
3
2
2
3
4
3
2
-1
-3
-4
-4
-2
1
4
6
7
8
9
7
6
4
2
0
-1
-2
-3
-3
-3
-3
-2
-2
-2
-2
-2
-2
-2
-1
1
1
1
0
0
-2
-2
-3
-2
-4
-5
-6
-8
-9
-9
-8
-8
-6
-6
-3
-1
-1
1
2
2
1
0
-1
-2
-1
0
1
2
2
2
3
2
3
3
3
2
3
4
4
3
4
2
3
3
3
3
3
2
3
3
1
0
-2
-3
-4
-4
-2
-1
0
-1
-2
-4
-4
-4
-3
-3
-3
-3
-1
0
2
2
1
1
1
3
3
4
3
2
2
3
3
6
6
6
5
6
8
8
8
5
4
2
1
2
2
1
1
-1
-1
-2
-1
-1
-3
-2
-2
1
3
4
4
3
0
-2
-4
-7
-11
-13
-16
-17
-17
-16
-16
-18
-19
-19
-17
-14
-10
-6
-5
-3
-1
1
1
1
-1
-4
-6
-6
-3
-1
0
1
3
4
7
9
11
12
12
15
16
19
20
18
15
12
9
7
7
7
6
6
8
11
12
14
14
12
13
15
17
18
18
17
16
12
7
2
-6
-14
-20
-22
-23
-20
-17
-16
-16
-17
-17
-16
-14
-13
-11
-8
-5
-3
-1
-1
-6
-12
-17
-20
-21
-20
-19
-18
-16
-14
-10
-7
-4
-2
-1
0
2
6
6
7
6
5
5
4
2
4
4
6
7
8
12
16
19
22
24
25
27
29
29
25
23
17
13
10
6
2
-1
-3
-4
-6
-7
-9
-9
-9
-6
-4
-1
0
0
0
-1
-2
-2
-3
-6
-9
-14
-19
-21
-24
-24
-24
-23
-22
-18
-15
-11
-9
-7
-4
-3
-2
-1
0
-1
0
1
1
2
2
1
0
1
2
3
3
6
8
11
14
17
22
24
24
23
20
16
12
8
5
1
0
2
3
4
2
0
-2
-1
-1
1
3
3
4
5
6
6
4
0
-3
-6
-10
-11
-14
-15
-17
-19
-21
-20
-20
-19
-17
-15
-10
-4
2
6
7
6
4
2
0
-2
-4
-6
-9
-9
-9
-7
-4
-1
0
-1
1
2
4
7
9
11
11
13
13
11
9
7
4
4
3
5
5
4
4
4
5
8
10
12
13
14
14
14
13
13
10
6
3
2
-1
-5
-9
-13
-17
-19
-18
-17
-14
-11
-7
-4
0
2
5
3
1
-1
-2
-2
-3
-4
-5
-9
-12
-14
-15
-17
-16
-16
-16
-13
-9
-3
2
8
12
14
15
12
8
4
-1
-4
-6
-6
-6
-5
-4
-3
-1
2
5
8
12
14
16
17
19
20
19
18
16
11
8
4
0
-3
-8
-10
-12
-12
-9
-6
-1
2
5
4
4
3
0
-3
-2
-4
-5
-5
-6
-5
-6
-8
-11
-14
-16
-14
-13
-8
-4
1
6
9
12
12
11
9
4
-1
-4
-6
-6
-5
-4
-2
-1
-1
-1
0
1
3
3
5
7
10
15
17
19
19
16
12
7
1
-5
-9
-12
-12
-13
-11
-9
-7
-6
-3
-1
0
0
-3
-4
-4
-3
-2
0
0
1
-1
-3
-6
-8
-12
-14
-17
-16
-12
-8
-2
4
7
8
8
5
3
0
-1
-2
-2
1
2
3
3
5
3
4
4
5
7
8
12
15
17
20
20
19
17
15
11
9
2
-3
-9
-13
-14
-12
-10
-8
-7
-7
-6
-6
-5
-3
-3
-3
-2
0
1
2
3
2
0
-3
-5
-7
-8
-7
-8
-10
-8
-7
-5
-3
-2
-1
0
0
-1
-3
-6
-6
-4
-3
-2
0
-1
-1
-2
0
2
6
9
11
12
14
15
16
15
12
10
6
5
2
3
2
0
-2
-4
-6
-6
-8
-9
-10
-10
-10
-10
-9
-8
-8
-6
-5
-3
-1
0
0
-1
-1
-1
0
1
0
0
1
3
4
5
4
2
0
0
2
4
7
6
5
2
1
2
2
1
0
-1
-1
2
6
12
15
16
14
11
8
7
7
8
10
11
13
15
13
10
5
-1
-6
-9
-10
-12
-12
-14
-14
-14
-15
-15
-15
-16
-18
-18
-18
-17
-15
-14
-13
-12
-10
-8
-5
-3
-2
-2
-2
-2
-1
-1
-2
-3
-5
-2
0
4
8
11
10
8
6
4
1
-1
0
4
7
10
10
10
8
4
4
4
6
9
12
14
16
19
20
20
19
12
8
3
2
2
4
5
5
2
0
-3
-6
-8
-10
-14
-14
-12
-9
-5
-2
-2
-4
-7
-8
-7
-6
-6
-5
-5
-6
-7
-10
-14
-16
-17
-14
-12
-7
-3
-2
-2
-3
-2
-1
0
0
-1
-2
-1
1
2
4
1
-2
-4
-5
-3
3
8
12
13
15
17
17
17
17
16
14
14
13
16
17
15
13
7
2
-2
-5
-4
-2
0
2
4
6
8
6
3
1
-2
-3
-4
-5
-8
-10
-12
-14
-16
-18
-23
-27
-30
-30
-26
-20
-16
-12
-9
-9
-8
-7
-5
-3
-1
0
0
0
-2
-3
-4
-7
-7
-7
-6
-3
0
4
8
11
12
15
18
20
23
25
28
28
26
23
18
10
7
5
3
5
8
10
13
15
16
15
14
11
9
7
6
6
6
3
0
-5
-9
-14
-20
-24
-28
-29
-29
-24
-20
-15
-9
-5
-4
-1
2
3
4
3
1
-2
-6
-9
-12
-14
-17
-20
-21
-22
-18
-15
-12
-9
-5
-1
3
6
10
13
15
16
16
13
9
4
-3
-7
-8
-4
1
6
11
15
19
21
23
24
23
21
18
16
16
17
16
14
7
0
-5
-10
-10
-14
-15
-15
-13
-7
2
9
14
16
15
13
11
11
8
3
-3
-11
-18
-24
-26
-29
-32
-35
-33
-28
-21
-14
-12
-14
-16
-14
-11
-6
2
6
7
8
7
3
1
-3
-7
-9
-10
-9
-5
0
5
9
13
17
20
22
23
24
24
22
21
19
17
12
6
0
-4
-7
-9
-8
-7
-3
1
8
16
24
31
32
27
23
14
5
-5
-12
-18
-20
-20
-17
-14
-12
-13
-16
-20
-24
-25
-24
-18
-13
-8
-6
-1
3
7
9
8
5
-1
-6
-9
-10
-10
-9
-7
-8
-7
-7
-7
-5
-3
1
4
10
15
22
26
27
25
20
14
6
1
-3
-3
-2
-4
-7
-10
-12
-13
-9
-3
4
11
16
21
23
21
16
8
0
-8
-12
-13
-10
-4
1
1
-3
-9
-14
-16
-16
-14
-11
-5
2
7
12
12
9
5
-1
-5
-8
-10
-9
-8
-7
-6
-2
4
4
5
1
-3
-5
-6
-3
-2
-1
1
2
5
5
3
0
-4
-8
-11
-10
-7
-3
1
2
0
-1
-2
-3
-5
-8
-9
-9
-3
5
14
21
26
30
27
23
18
13
8
5
1
1
4
7
8
7
6
3
2
3
5
7
9
10
11
10
7
5
2
-1
-6
-11
-14
-17
-17
-19
-20
-18
-15
-15
-18
-21
-21
-18
-15
-11
-8
-7
-4
-4
-3
-4
-4
-7
-8
-9
-10
-14
-16
-15
-14
-13
-11
-8
-4
1
6
12
19
24
31
34
35
35
31
27
23
21
18
14
10
7
5
4
4
5
4
5
6
10
14
18
20
20
18
13
7
0
-4
-7
-8
-11
-12
-12
-16
-21
-26
-29
-29
-25
-18
-13
-9
-8
-10
-11
-13
-13
-12
-13
-15
-18
-22
-23
-22
-18
-12
-11
-9
-8
-6
-3
-1
4
7
10
8
8
7
7
8
10
12
13
14
16
17
18
21
24
26
28
26
25
23
25
22
18
16
13
10
9
8
9
10
10
7
5
1
-1
-5
-7
-11
-10
-10
-8
-7
-7
-9
-12
-15
-18
-20
-18
-15
-14
-13
-16
-19
-21
-22
-23
-23
-22
-21
-19
-15
-9
-6
-4
-5
-6
-8
-10
-12
-10
-7
-4
-3
-3
-4
-5
-4
-4
-1
2
6
11
16
22
28
28
28
28
25
20
16
14
12
10
9
9
10
11
11
12
13
17
20
23
24
24
24
23
19
15
9
3
-2
-5
-5
-6
-5
-5
-5
-8
-13
-18
-22
-22
-22
-20
-19
-18
-18
-16
-14
-12
-12
-15
-16
-20
-22
-25
-22
-20
-19
-19
-18
-18
-21
-24
-26
-26
-22
-15
-7
2
10
14
17
18
20
22
24
24
23
20
16
12
11
11
8
9
9
10
12
16
20
26
29
30
28
27
26
24
21
20
18
15
12
7
0
-7
-12
-14
-13
-10
-6
-3
-1
0
-3
-6
-9
-13
-17
-21
-24
-24
-22
-21
-19
-19
-21
-25
-31
-35
-35
-32
-29
-23
-17
-11
-6
-4
-3
-2
0
-1
1
2
1
2
3
5
9
14
15
14
11
8
8
12
18
24
26
28
26
22
19
18
19
19
19
17
16
14
12
11
11
14
15
13
11
7
3
-2
-2
-3
-2
-2
-3
-6
-10
-13
-15
-15
-14
-13
-11
-14
-15
-16
-16
-14
-13
-12
-15
-17
-20
-22
-22
-19
-16
-14
-12
-12
-12
-10
-9
-5
0
3
6
8
10
11
13
16
18
17
15
10
6
4
4
6
10
12
13
11
8
6
6
8
9
11
12
11
8
6
2
0
-2
-4
-5
-5
-5
-6
-8
-8
-6
-3
0
2
4
1
-4
-8
-11
-13
-13
-15
-18
-22
-23
-24
-23
-20
-16
-11
-7
-1
4
9
12
12
11
8
6
6
6
8
8
8
8
8
8
8
9
9
10
11
13
13
14
14
13
12
13
13
11
8
4
1
3
4
5
5
3
-1
-4
-8
-11
-13
-13
-12
-10
-8
-7
-6
-4
-4
-3
-1
1
0
-2
-5
-8
-11
-10
-9
-8
-7
-5
-3
-1
2
3
5
6
5
6
3
2
1
0
-1
0
0
2
2
0
-1
-1
-1
3
8
10
9
8
4
2
0
-2
-5
-7
-10
-9
-10
-10
-9
-10
-9
-12
-13
-14
-15
-15
-14
-12
-9
-6
-5
-5
-5
-5
-4
-3
-1
3
6
7
6
7
6
7
8
9
8
8
8
9
10
13
15
17
17
17
16
16
14
12
13
12
11
9
7
5
3
3
4
5
9
10
9
9
8
7
5
3
2
-1
-5
-11
-14
-16
-16
-15
-12
-9
-8
-7
-8
-9
-10
-8
-6
-4
-2
-2
-6
-10
-16
-18
-21
-21
-19
-17
-15
-12
-8
-4
-1
1
3
3
4
5
8
11
11
10
8
8
5
3
0
-1
-2
-2
-1
1
4
5
5
5
4
5
7
7
7
5
2
-1
-1
-4
-3
-3
-3
-3
-3
-4
-5
-6
-5
-5
-3
2
7
12
15
15
11
10
8
9
8
4
0
-4
-9
-10
-12
-9
-7
-5
-3
0
2
4
4
6
6
6
7
7
7
7
3
-1
-5
-7
-7
-6
-2
1
4
6
7
7
5
5
4
4
4
4
4
3
1
0
0
-1
-1
-1
-1
1
2
1
-1
-4
-7
-10
-10
-10
-11
-12
-14
-17
-17
-16
-14
-12
-12
-10
-8
-5
-1
0
1
1
0
-2
-2
-1
0
3
3
4
7
7
8
8
7
6
6
4
3
1
-1
-3
-3
-2
-1
2
5
7
8
7
8
10
13
15
16
17
15
13
9
4
3
2
2
2
3
3
3
0
0
-1
-2
0
-1
-4
-7
-10
-11
-11
-11
-11
-11
-13
-14
-15
-15
-13
-8
-5
-1
1
3
5
6
7
7
7
7
6
5
1
-2
-5
-6
-6
-6
-5
-1
1
2
2
1
1
2
3
4
6
6
6
6
5
3
1
-1
-3
-2
-3
-2
-1
0
1
1
2
2
2
2
2
2
3
2
3
3
3
2
0
-3
-7
-11
-13
-13
-13
-11
-9
-4
0
4
5
5
4
3
3
3
3
4
4
3
1
-2
-3
-4
-4
-5
-5
-4
-1
3
7
9
10
10
6
3
1
0
0
0
1
1
-1
-3
-3
-3
-2
-1
-1
-1
-1
1
3
5
6
6
6
5
3
0
-1
-3
-5
-5
-4
-4
-4
-4
-5
-7
-7
-5
-1
3
8
11
13
13
11
8
5
2
-1
-2
-2
-3
-5
-6
-4
-4
-4
-4
-3
-4
-4
-4
-2
-1
0
1
-1
-2
-6
-9
-10
-9
-10
-9
-9
-9
-8
-7
-7
-6
-6
-4
-2
1
3
5
8
10
11
13
15
15
16
16
16
16
17
16
14
11
8
3
0
-1
0
2
2
1
0
-2
-5
-7
-8
-8
-8
-9
-7
-8
-10
-12
-14
-13
-11
-9
-7
-7
-6
-5
-6
-3
0
1
3
2
1
-1
-3
-3
-4
-5
-5
-7
-9
-10
-10
-11
-12
-12
-11
-8
-4
1
5
9
13
17
19
20
21
21
19
19
18
15
9
0
-6
-10
-14
-12
-7
0
6
10
13
15
21
25
25
25
25
23
19
17
12
9
6
1
-1
-3
-1
0
-1
-2
-4
-7
-10
-14
-17
-20
-22
-26
-24
-23
-15
-10
-5
2
5
10
9
8
8
2
-3
-11
-15
-18
-20
-20
-23
-21
-28
-37
-54
-68
-72
-84
-90
-97
-92
-79
-79
-68
-48
-10
17
36
63
87
111
116
124
137
136
126
105
93
80
61
46
30
18
-3
-22
-34
-46
-55
-70
-75
-87
-95
-88
-80
-61
-44
-16
20
49
77
101
133
155
161
159
154
142
111
76
44
11
-26
-73
-101
-130
-160
-174
-186
-183
-183
-175
-146
-121
-89
-59
-17
24
49
73
100
136
151
162
178
179
173
149
137
128
99
72
33
0
-36
-79
-112
-137
-153
-176
-183
-180
-170
-150
-125
-84
-50
-12
36
78
119
155
191
219
228
226
220
210
187
154
115
74
24
-41
-96
-150
-211
-274
-327
-373
-427
-475
-493
-484
-472
-446
-390
-306
-214
-133
-30
101
223
312
382
462
519
528
519
516
493
424
338
261
186
92
-6
-73
-137
-210
-287
-340
-367
-397
-416
-409
-379
-345
-295
-205
-97
6
112
235
352
436
512
587
641
645
606
555
480
374
252
145
41
-79
-209
-311
-388
-462
-521
-549
-554
-558
-555
-518
-457
-387
-308
-209
-105
-5
81
170
278
350
413
454
474
478
435
397
337
251
158
52
-40
-153
-239
-311
-362
-396
-431
-411
-396
-355
-298
-229
-117
-42
48
143
231
308
354
417
457
472
462
440
419
355
291
201
107
13
-110
-205
-294
-361
-417
-460
-465
-458
-429
-376
-296
-211
-121
-18
74
173
256
334
407
457
494
506
506
487
449
386
309
218
92
-24
-184
-364
-552
-759
-883
-1010
-1098
-1132
-1134
-1036
-947
-804
-595
-327
-44
160
389
591
783
900
955
1053
1032
971
843
711
621
454
327
190
58
-85
-262
-378
-502
-605
-724
-814
-861
-921
-881
-809
-668
-486
-287
-3
251
513
777
1031
1249
1361
1419
1415
1366
1229
1034
837
582
311
8
-257
-466
-675
-830
-957
-1039
-1099
-1130
-1099
-1043
-955
-853
-728
-580
-446
-271
-59
139
351
527
708
870
940
1012
1032
1007
910
736
574
358
119
-146
-372
-564
-770
-888
-989
-1005
-990
-960
-824
-718
-548
-378
-203
5
152
322
457
596
693
748
811
804
804
741
679
611
467
357
198
47
-99
-260
-369
-477
-554
-592
-584
-541
-464
-356
-232
-72
66
204
351
465
541
589
576
560
490
288
125
-148
-373
-569
-860
-976
-1150
-1214
-1226
-1257
-1098
-972
-730
-541
-314
-48
149
451
583
835
987
1016
1128
1038
1116
1054
952
921
717
608
353
139
-81
-346
-533
-832
-979
-1174
-1254
-1229
-1233
-1011
-867
-591
-279
-12
377
656
967
1177
1338
1475
1502
1511
1392
1299
1105
867
643
343
145
-114
-349
-552
-773
-917
-1081
-1177
-1245
-1262
-1252
-1223
-1110
-998
-792
-581
-374
-107
109
341
548
719
880
967
998
990
929
810
675
496
299
105
-122
-306
-462
-602
-691
-755
-801
-789
-758
-680
-538
-411
-241
-65
100
300
449
603
742
829
883
889
862
798
724
595
462
299
104
-49
-252
-398
-511
-611
-626
-662
-628
-564
-477
-357
-242
-75
62
205
317
401
503
511
539
504
323
117
-189
-410
-615
-932
-1123
-1283
-1334
-1400
-1477
-1312
-1080
-819
-652
-395
-21
229
507
716
1050
1275
1263
1343
1335
1403
1333
1182
1167
988
794
503
259
67
-253
-501
-793
-1014
-1215
-1367
-1337
-1337
-1199
-1016
-766
-438
-172
236
627
965
1220
1405
1623
1702
1700
1631
1556
1407
1107
833
550
284
-28
-374
-634
-896
-1141
-1369
-1526
-1607
-1663
-1665
-1622
-1503
-1361
-1151
-889
-629
-338
-29
317
604
834
1034
1217
1300
1269
1243
1149
1020
785
518
324
68
-184
-447
-637
-786
-953
-1039
-1066
-980
-917
-798
-618
-453
-198
-1
249
476
650
857
976
1098
1161
1196
1187
1085
943
746
570
332
87
-113
-288
-421
-589
-678
-675
-635
-594
-513
-363
-215
-45
70
210
350
400
450
425
285
61
-286
-550
-763
-1095
-1342
-1517
-1559
-1590
-1670
-1515
-1218
-900
-693
-437
-62
237
500
662
957
1183
1155
1180
1140
1235
1241
1128
1167
1083
986
770
554
402
140
-114
-471
-725
-946
-1139
-1171
-1244
-1121
-967
-769
-449
-198
214
596
908
1147
1294
1483
1551
1535
1427
1327
1193
930
703
467
291
76
-209
-395
-582
-772
-968
-1128
-1227
-1310
-1375
-1386
-1294
-1186
-1038
-860
-652
-408
-155
125
379
614
748
897
994
948
969
878
804
638
360
213
-4
-178
-400
-577
-675
-816
-882
-990
-922
-861
-793
-605
-500
-223
-29
186
450
607
882
1022
1147
1208
1154
1080
869
678
447
272
104
-107
-241
-383
-392
-397
-386
-290
-224
-136
-99
-35
20
64
36
-38
-34
-238
-648
-1117
-1275
-1265
-1501
-1740
-1749
-1382
-1245
-1307
-1025
-476
108
199
311
762
1126
1289
1228
1480
1690
1505
1198
984
1100
1021
816
657
551
519
183
-125
-292
-438
-700
-1191
-1489
-1616
-1622
-1577
-1485
-1169
-767
-274
117
515
1057
1551
1898
1955
2014
2113
2048
1817
1487
1256
1021
669
240
-28
-152
-386
-675
-918
-988
-1084
-1317
-1476
-1558
-1549
-1553
-1551
-1433
-1204
-912
-670
-376
-4
420
795
1004
1191
1352
1416
1399
1238
1071
953
691
342
28
-166
-322
-548
-741
-817
-807
-859
-900
-853
-749
-615
-594
-472
-243
-38
188
339
602
836
954
1052
1079
1088
964
773
533
312
124
-130
-311
-474
-504
-461
-445
-270
-122
57
205
233
252
219
170
19
-351
-1000
-1376
-1575
-1924
-2232
-2502
-2177
-1870
-1913
-1630
-1019
-197
170
311
735
1225
1409
1221
1387
1597
1583
1286
920
1148
1203
1118
1052
1029
1267
1095
787
552
417
145
-538
-1157
-1626
-1826
-2113
-2383
-2230
-1935
-1382
-914
-387
441
1203
1883
2252
2531
2833
2934
2769
2420
2180
1873
1439
854
358
155
-179
-602
-984
-1173
-1228
-1497
-1785
-1895
-1874
-1910
-2019
-2013
-1794
-1466
-1253
-990
-552
-17
482
824
1141
1456
1636
1652
1581
1461
1333
1113
731
380
70
-202
-491
-808
-986
-1102
-1218
-1333
-1370
-1262
-1123
-1020
-940
-725
-426
-177
79
396
830
1177
1398
1603
1779
1878
1778
1559
1317
1059
702
251
-132
-449
-666
-845
-941
-866
-763
-599
-460
-263
-8
123
244
257
213
-209
-826
-1076
-1340
-1585
-2062
-2256
-1884
-1824
-1760
-1516
-812
-79
89
291
644
1107
1125
976
1127
1126
998
482
274
429
396
456
355
564
825
782
731
644
735
487
-87
-620
-958
-1115
-1516
-1729
-1663
-1365
-922
-614
-15
712
1392
1921
2204
2538
2750
2772
2559
2287
2012
1595
1173
647
271
6
-354
-639
-917
-1031
-1105
-1349
-1548
-1640
-1673
-1750
-1854
-1795
-1542
-1256
-1041
-729
-250
284
735
1025
1379
1660
1696
1638
1443
1297
1034
611
256
-119
-401
-702
-1001
-1169
-1272
-1326
-1399
-1378
-1301
-1180
-1049
-981
-796
-618
-387
-140
59
392
678
953
1181
1377
1563
1593
1507
1332
1173
952
660
332
26
-159
-360
-488
-520
-500
-380
-335
-268
-125
-12
86
88
133
-166
-735
-1063
-1320
-1411
-1815
-2109
-1794
-1635
-1560
-1492
-949
-170
93
226
453
915
996
819
909
938
949
474
175
271
208
297
163
297
582
602
597
448
558
504
110
-373
-703
-698
-917
-1090
-1055
-754
-244
2
422
1002
1574
1981
2028
2139
2267
2216
1929
1569
1246
961
635
167
-74
-231
-381
-545
-842
-904
-930
-1094
-1298
-1480
-1511
-1524
-1569
-1541
-1252
-890
-601
-309
25
557
991
1207
1373
1459
1466
1343
1042
789
614
305
-59
-424
-644
-745
-950
-1112
-1145
-1115
-1120
-1164
-1152
-1024
-855
-807
-716
-526
-221
109
308
636
985
1254
1423
1452
1538
1522
1359
1110
835
623
375
90
-127
-203
-290
-357
-343
-331
-209
-206
-184
-139
-162
-174
-266
-705
-1476
-1820
-2109
-2284
-2597
-2872
-2254
-1989
-1878
-1548
-879
149
474
681
1080
1537
1626
1404
1617
1681
1662
1153
742
839
552
560
340
276
439
170
32
-257
-282
-414
-880
-1337
-1650
-1512
-1559
-1452
-1111
-555
278
697
1302
2031
2683
3164
3115
3138
3130
2962
2552
2096
1801
1421
1025
455
119
-62
-388
-732
-1188
-1406
-1605
-2035
-2399
-2613
-2638
-2647
-2629
-2401
-1873
-1241
-702
-130
524
1294
1845
2139
2291
2360
2295
1936
1543
1114
774
334
-196
-565
-856
-1011
-1287
-1536
-1643
-1725
-1794
-1953
-1950
-1789
-1638
-1498
-1280
-818
-309
167
562
993
1458
1715
1835
1837
1901
1855
1589
1249
973
814
544
311
146
85
-1
-191
-259
-291
-249
-355
-559
-664
-864
-904
-1563
-2384
-2532
-2723
-2618
-2976
-2915
-1941
-1556
-1289
-1004
9
1032
1195
1296
1609
2230
2031
1759
2001
2090
2059
1197
840
905
614
528
90
47
-17
-444
-854
-1275
-1260
-1451
-1875
-2387
-2461
-2031
-1837
-1428
-841
113
1125
1611
2237
2975
3647
3911
3643
3436
3332
3011
2344
1875
1636
1364
897
240
5
-150
-529
-1023
-1539
-1782
-2080
-2596
-2973
-3003
-2856
-2764
-2598
-2170
-1426
-722
-169
482
1195
1836
2170
2205
2222
2298
2060
1631
1267
967
742
271
-131
-324
-522
-741
-1090
-1347
-1489
-1636
-1872
-2012
-1868
-1659
-1428
-1214
-799
-193
281
682
981
1301
1536
1515
1404
1330
1291
1118
817
535
440
338
192
128
76
116
52
-95
-160
-175
-235
-397
-672
-772
-1081
-2170
-2824
-3083
-3108
-3196
-3685
-3046
-2239
-1996
-1801
-1185
138
877
1007
1202
1864
2216
1898
2027
2240
2474
2037
1245
1222
981
888
661
387
452
106
-374
-995
-1301
-1386
-1673
-2166
-2572
-2282
-1895
-1474
-802
109
1349
2116
2499
3020
3517
3925
3780
3270
2981
2725
2260
1752
1465
1458
1391
919
467
252
6
-408
-1037
-1607
-1967
-2464
-3013
-3252
-3110
-2713
-2377
-1983
-1309
-501
169
619
1061
1415
1642
1627
1396
1397
1356
1193
981
777
736
599
392
86
-158
-429
-835
-1236
-1658
-1798
-1900
-2029
-2023
-1887
-1455
-1063
-630
-125
328
771
968
1099
1200
1278
1302
1160
1076
1003
876
687
476
423
349
213
2
-220
-397
-604
-770
-1064
-1037
-1062
-1002
-1189
-2259
-2574
-2806
-2840
-2940
-3383
-2495
-1772
-1551
-1374
-567
914
1554
1780
1981
2702
2829
2252
2332
2301
2455
1716
809
771
394
294
-144
-356
-277
-637
-1161
-1874
-2071
-2166
-2330
-2682
-2809
-2093
-1426
-679
165
1249
2669
3376
3675
3961
4147
4165
3597
2813
2271
1805
1269
768
498
466
380
127
-204
-424
-673
-1000
-1398
-1896
-2172
-2476
-2697
-2703
-2424
-1726
-1056
-367
357
1073
1684
1880
1783
1771
1677
1402
1034
679
645
592
418
255
178
168
-34
-345
-686
-925
-1163
-1493
-1720
-1779
-1567
-1418
-1290
-882
-430
89
425
695
1067
1236
1209
1064
926
876
794
603
530
496
398
270
85
-32
-119
-342
-628
-943
-1270
-1487
-1660
-1636
-1551
-1167
-1509
-2472
-2825
-3126
-2795
-3210
-3413
-2206
-1532
-1156
-1150
4
1732
2278
2467
2677
3434
3253
2629
2643
2707
2759
1632
908
638
127
-20
-550
-686
-921
-1500
-2151
-2937
-3216
-3227
-3268
-3453
-3276
-2425
-1411
-357
789
2234
3748
4548
4854
5070
5166
5113
4475
3703
3283
2732
2102
1380
902
688
124
-688
-1488
-2223
-2849
-3367
-3844
-3962
-3819
-3517
-3018
-2463
-1466
-281
736
1602
2183
2736
3020
2988
2863
2757
2808
2701
2486
2137
1947
1746
1262
709
-6
-650
-1371
-2240
-2864
-3260
-3457
-3439
-3345
-2938
-2253
-1491
-690
105
858
1524
1887
1923
1938
1789
1510
1164
778
608
364
181
172
98
219
9
-340
-716
-1378
-1864
-2511
-2966
-3203
-3194
-3003
-2525
-2739
-4040
-4405
-4740
-4163
-4075
-4546
-2612
-1506
-1014
-626
247
2738
3709
3622
4128
4864
4919
4589
4649
5048
5377
4180
3260
2663
1457
960
164
-738
-1582
-2850
-3959
-4781
-5524
-5330
-4775
-4764
-4107
-3189
-1993
-437
675
2207
3697
4305
4715
4761
4805
5257
5414
5325
5257
4968
4713
4172
3219
2518
1564
56
-1567
-3361
-4861
-5829
-6608
-6614
-6432
-6122
-5224
-4358
-3114
-1687
-254
1031
1742
2120
2473
2843
3137
3744
4264
4485
4642
4434
4213
3950
3434
2964
2007
622
-536
-1764
-2805
-3524
-4079
-4162
-4209
-4074
-3396
-2435
-1218
12
1005
1695
2104
2332
2489
2522
2505
2548
2515
2398
2207
1987
1823
1478
860
-21
-1107
-2174
-3203
-4070
-4682
-4942
-4925
-4955
-4588
-4878
-6017
-7026
-8011
-7287
-6570
-5961
-3732
-1918
-261
542
998
3032
4380
4543
4815
4560
4218
4211
4324
5459
6189
5541
5242
4268
2599
1404
504
206
-801
-2909
-4454
-5487
-6354
-6312
-5680
-4706
-3793
-3141
-2074
-906
365
1969
3448
4240
4216
4191
4248
4304
4576
4896
5293
5138
4598
4230
3672
2924
2195
1339
154
-1548
-3254
-4228
-4792
-5081
-4938
-4523
-4064
-3706
-3245
-2320
-1303
-428
303
621
770
949
1484
2462
3447
4427
5125
5267
5029
4498
4088
3650
2871
1901
657
-719
-1911
-2794
-3142
-3129
-3085
-2798
-2535
-2241
-1783
-1248
-455
244
657
993
1181
1361
1684
2062
2447
2678
2655
2359
1775
950
216
-464
-1160
-1803
-2436
-3000
-3550
-4197
-4676
-4976
-5158
-5252
-5945
-6939
-7989
-8484
-7850
-6633
-4419
-1748
465
1747
1742
1731
1972
2269
2931
3573
4127
4076
3614
3631
4059
4523
4817
4752
4101
2828
1312
293
-210
-570
-875
-1382
-2026
-2692
-3053
-2736
-2164
-1343
-293
657
1370
1568
1650
1911
1976
1904
1728
1579
1636
1490
1355
1338
1305
1410
1307
976
547
-37
-581
-1168
-1746
-1985
-2045
-1999
-1852
-1681
-1237
-700
-200
353
756
1087
1246
1068
949
811
686
777
851
1131
1561
1893
2141
2108
1896
1609
1090
577
108
-211
-245
-431
-626
-703
-645
-425
-224
51
314
551
675
665
743
872
1038
1291
1494
1489
1285
886
280
-258
-777
-1289
-1763
-2329
-2771
-3255
-3643
-3716
-3600
-3334
-3130
-3097
-3038
-2954
-2774
-2318
-1755
-1059
-361
188
649
1025
1421
1776
1911
1741
1354
958
501
136
-37
-138
-133
-245
-494
-803
-1132
-1353
-1470
-1478
-1369
-1265
-1239
-1229
-1168
-975
-649
-201
409
1045
1691
2153
2387
2567
2590
2469
2080
1594
1183
850
537
208
6
-85
-68
-125
-170
-95
-56
-105
-289
-543
-786
-966
-1032
-799
-320
227
765
1207
1647
1867
1920
1819
1590
1468
1236
1062
878
707
748
812
871
933
987
1035
1049
937
771
665
527
322
87
-143
-283
-329
-353
-437
-493
-605
-726
-750
-731
-472
-102
303
627
673
672
602
494
546
527
541
579
363
189
42
-223
-444
-688
-1036
-1250
-1536
-1893
-2023
-2335
-2531
-2674
-2943
-2872
-2689
-2369
-1903
-1557
-1205
-824
-467
2
443
861
1220
1321
1270
954
446
-46
-437
-575
-505
-324
-73
72
-60
-434
-859
-1162
-1365
-1506
-1586
-1635
-1700
-1636
-1234
-496
139
415
555
623
900
1298
1856
2541
2792
2582
2036
1512
1212
1191
1427
1507
1176
485
-158
-414
-416
-273
-106
-130
-338
-651
-745
-489
-306
-255
-222
-316
-356
-297
32
744
1249
1417
1398
1199
986
786
719
837
970
1042
1205
1342
1286
1237
1201
1197
960
499
267
26
-284
-363
-205
143
340
328
389
312
95
66
201
291
207
158
358
574
775
983
1136
983
435
2
-298
-560
-688
-672
-515
-567
-720
-708
-773
-920
-1122
-1350
-1537
-1762
-1892
-1774
-1604
-1477
-1226
-1066
-1160
-1576
-2711
-4227
-5907
-6838
-5960
-4398
-2550
-1009
-270
4
-773
-1328
-909
-333
519
1285
2089
3047
3711
4826
6145
6145
4776
2847
1205
280
-274
136
1163
1466
824
-447
-1676
-2854
-3896
-4277
-4274
-4366
-4416
-3619
-1780
195
1922
3366
4084
3924
3085
2465
2583
2959
3770
4894
5627
5777
5413
4910
4164
2557
512
-1434
-3357
-4790
-5283
-4753
-3760
-3244
-3097
-3086
-3489
-3802
-3480
-2603
-1446
-535
386
1577
2588
3586
4638
5353
5376
4671
3855
3232
2635
2246
2220
2106
1515
568
-401
-1262
-2093
-2766
-3009
-3090
-3133
-2760
-1887
-882
-91
417
791
970
979
1360
2090
2877
3488
3950
4061
3596
2659
1649
909
-55
-1014
-1860
-2585
-3261
-4182
-5602
-8068
-10977
-12872
-12373
-10443
-8308
-5716
-3344
-1555
-1461
-2009
-1114
440
2351
4225
6060
7496
8023
8540
9496
9380
7133
4272
1940
198
-1452
-2399
-1620
-759
-1354
-3034
-4971
-6860
-8504
-9006
-7985
-6287
-4663
-2304
827
3456
5057
6364
7609
7901
6950
5714
5395
5463
5772
6698
7370
7022
5454
3446
1475
-1054
-3613
-5149
-5998
-6833
-7362
-7153
-6108
-5246
-4886
-4277
-4067
-4235
-3922
-2713
-702
1175
2852
4858
6178
6318
5969
5601
5285
4399
3377
2892
2469
1945
1640
1656
1266
136
-1217
-2456
-3649
-4733
-4757
-3669
-2402
-1409
-529
323
741
767
1052
1720
2213
2604
3343
4302
4935
5121
5136
4807
3837
2467
1244
181
-853
-1621
-2030
-2318
-2894
-3357
-3744
-4514
-5604
-7535
-9757
-11782
-12383
-10255
-7312
-4509
-2055
-161
821
-388
-1952
-1624
59
2149
4283
6369
7914
8098
7692
7617
6116
2963
57
-1396
-1730
-2426
-2231
-296
1070
210
-2268
-4614
-6414
-7791
-7544
-5255
-2507
-231
2198
4788
6165
5805
5299
5391
5005
3711
2931
3699
4834
5539
5975
5867
4471
1778
-754
-2670
-4559
-5882
-5705
-4624
-4012
-4153
-4098
-3665
-3914
-4559
-4604
-4021
-3114
-1883
169
2309
3356
3737
3980
3926
3141
2388
2615
3122
3056
2552
2277
1960
1181
475
138
-179
-983
-1762
-1902
-1977
-2087
-1728
-771
103
437
732
1258
1680
1915
2443
3275
3746
3791
3806
3776
3383
2721
2543
2577
2113
1322
632
174
-524
-1477
-1949
-2166
-2592
-3064
-3273
-3120
-3033
-3102
-2939
-2820
-4185
-6662
-8695
-8878
-6790
-4731
-2817
-706
532
306
-2126
-4176
-3875
-2222
120
2375
4323
5262
4900
4297
3815
2401
297
-601
-126
605
680
1363
3143
3570
1710
-1192
-3520
-5066
-5899
-5056
-2673
-218
1409
2567
3127
2264
854
510
1306
2110
2368
3112
4490
5168
5034
4589
3761
2481
852
-368
-1005
-1629
-1663
-944
-697
-1352
-2442
-3231
-3642
-4411
-4766
-4003
-2929
-1932
-1009
5
1000
1351
1489
1749
1533
1125
1096
1749
2718
3329
3779
3931
3249
1932
712
99
-47
-23
223
484
343
-36
-290
-352
-412
-490
-408
-341
-397
-247
382
1268
2029
2590
2855
2616
1958
1321
969
768
691
866
1153
1143
868
543
116
-483
-1341
-2059
-2568
-3211
-3400
-2957
-2332
-1758
-2026
-2525
-3383
-5939
-8326
-9302
-7835
-4590
-2881
-1445
3
-99
-1734
-4471
-4961
-2408
236
2542
4885
6499
6845
5883
4832
4254
2850
1538
1989
2889
3066
2854
3101
3266
1264
-2213
-4579
-5639
-6167
-5693
-4015
-1818
-613
-645
-722
-1220
-2016
-1650
12
2049
3489
4337
5248
5402
4473
3700
3341
3019
2705
2474
2387
1959
1063
443
-256
-1725
-3100
-3758
-3896
-3952
-4114
-3639
-3020
-3131
-3121
-2662
-1904
-1076
-328
901
1957
2262
2641
3233
3715
3964
4017
4319
4292
3584
3011
2489
1705
748
-138
-625
-1057
-1486
-1382
-1051
-990
-1136
-1252
-1375
-1568
-1524
-853
297
1247
2097
2788
2847
2387
1742
1525
1448
1220
1335
1550
1483
909
51
-621
-1278
-1958
-2442
-2692
-2854
-2925
-2697
-2466
-2265
-2043
-1882
-1889
-2318
-2754
-3651
-5225
-6107
-5151
-2543
-688
-235
412
816
-415
-2995
-4037
-1941
766
2070
2994
4165
4253
2740
1223
866
545
-460
-641
516
1470
1758
2197
2642
1561
-1066
-3026
-3438
-3267
-2651
-1100
499
926
270
-185
-338
-838
-713
542
1973
2580
2703
3219
3568
3114
2516
2273
2059
1676
1525
1738
1624
1052
528
31
-741
-1552
-1722
-1428
-1531
-1916
-2047
-1982
-1944
-1878
-1293
-331
287
539
556
505
606
1022
1448
1847
2323
2419
2577
2205
1714
1697
1277
1006
641
303
317
178
271
385
158
-33
-177
-202
-215
-201
-129
-166
-239
-236
56
194
279
254
27
-170
-479
-557
-667
-946
-1147
-1344
-1702
-1866
-1730
-1218
-638
-476
-450
-872
-1168
-1279
-932
-350
25
686
842
557
-155
-739
-1927
-3685
-4416
-3335
-1159
-813
-1034
-714
-870
-2809
-5339
-4866
-2090
58
593
1570
2614
2270
919
423
1297
1571
1381
1746
2689
3024
3083
2976
2340
686
-1290
-1907
-2196
-1825
-1051
-338
-266
-1151
-1595
-1785
-1901
-1674
-414
918
1346
1288
1403
1861
1892
1966
2289
2500
2478
2718
3181
3237
2851
2389
2041
1293
422
70
224
-5
-604
-1160
-1577
-1709
-1856
-1587
-1351
-1429
-1497
-1596
-1464
-1138
-482
416
974
1120
1196
1252
1432
1652
1886
2265
2462
2374
2162
1830
1523
1286
847
461
128
-213
-461
-830
-1065
-1284
-1662
-1954
-1998
-1790
-1534
-1462
-1503
-1483
-1482
-1380
-1242
-967
-445
-97
-5
-133
-264
-48
237
383
545
719
773
629
382
253
231
-38
-476
-693
-660
-494
-473
-631
-760
-669
-1241
-3121
-4492
-4212
-2202
-651
-998
-724
-120
-854
-2958
-4031
-1824
845
1484
1395
2148
2478
1237
30
476
1599
1398
865
1314
1882
1823
1352
1027
544
-402
-1060
-1105
-1027
-776
-566
-1000
-1900
-2502
-2233
-1645
-1358
-959
-179
226
83
7
361
1119
1799
2324
2912
3398
3791
4089
3836
3325
2912
2503
2294
2061
1879
1882
1457
686
-243
-1203
-1724
-2031
-2173
-2003
-1721
-1380
-1138
-892
-591
-229
109
491
1165
1691
2153
2601
2968
3197
3051
2913
2628
2131
1611
1138
788
156
-563
-1196
-1925
-2559
-3064
-3292
-3461
-3736
-3797
-3695
-3459
-3048
-2482
-1807
-1282
-890
-515
-140
296
822
1365
1621
1526
1151
671
181
-258
-429
-379
-321
-482
-895
-1331
-1510
-1535
-1454
-1187
-920
-484
-66
350
837
1018
1319
1550
1331
43
-1553
-1386
66
1343
906
-112
-246
-1177
-2989
-4067
-2848
-704
-387
-1074
-1084
-692
-1127
-1613
-686
666
816
108
340
1396
1862
1782
1783
1794
1341
514
128
295
493
480
-144
-1080
-1559
-1513
-1310
-1325
-1236
-823
-606
-581
-259
564
1404
1924
2478
3031
3383
3595
3837
4153
4196
3983
3797
3500
3117
2621
1985
1385
661
40
-383
-891
-1208
-1448
-1579
-1475
-1484
-1388
-1361
-1254
-707
-228
184
640
1079
1444
1278
851
809
927
883
633
299
61
-440
-1230
-1815
-2257
-2643
-2986
-3128
-2932
-2751
-2785
-2909
-3025
-3108
-2937
-2475
-1731
-887
-347
5
141
165
411
688
1128
1587
1724
1708
1479
1281
1178
930
779
654
519
371
97
21
125
271
352
354
436
421
273
108
132
488
677
679
696
869
534
-1154
-2563
-2401
-1190
-869
-2014
-2333
-1903
-2641
-4352
-4832
-3053
-1744
-2493
-3023
-2087
-1282
-1769
-1715
1
1262
664
51
1153
2426
2406
2235
2841
3290
2588
1722
1830
2055
1731
1276
1026
945
755
562
407
17
-132
135
342
474
749
1345
1782
1848
2198
2798
3088
2956
2907
3237
3413
3303
3250
3391
3287
2644
1990
1580
1212
638
-64
-575
-988
-1433
-1836
-2211
-2645
-3085
-3437
-3661
-3678
-3461
-2921
-2615
-2620
-2480
-2209
-1780
-1651
-1317
-563
-48
219
350
715
902
499
130
81
72
-177
-399
-321
-450
-900
-1364
-1555
-1584
-1726
-1603
-1302
-1172
-1113
-946
-545
-110
183
631
1056
1216
1262
1293
1456
1569
1590
1681
1668
1499
1277
1020
829
617
368
190
0
-132
-202
-287
-377
-515
-653
-753
-851
-950
-1026
-1018
-940
-866
-989
-1573
-2042
-1946
-1597
-1320
-1521
-1504
-1154
-1376
-1851
-1908
-1154
-394
-488
-535
1
453
216
12
770
1507
1391
1128
1674
2413
2169
1727
2015
2450
2082
1388
1578
2175
2038
1485
1422
1613
1204
479
373
699
672
475
710
1140
1079
660
609
821
741
499
629
1087
1241
1136
1095
1045
775
248
-44
-113
-187
-179
-156
-164
-369
-736
-1006
-1211
-1363
-1401
-1342
-1287
-1341
-1428
-1456
-1404
-1369
-1396
-1445
-1464
-1416
-1245
-1061
-912
-822
-941
-1091
-1102
-974
-766
-658
-507
-369
-452
-562
-553
-244
73
181
339
546
742
818
858
986
1019
951
769
586
493
374
316
220
58
-63
-185
-344
-564
-699
-654
-630
-631
-554
-409
-234
-193
-217
-94
25
91
218
411
657
731
640
504
411
452
509
607
569
432
303
-46
-465
-863
-883
-653
-604
-592
-719
-746
-908
-1246
-1187
-1000
-696
-539
-500
-224
-141
-92
-27
196
577
747
1000
1264
1502
1612
1554
1660
1713
1749
1788
1871
1984
1736
1353
968
648
352
41
-64
-134
-300
-566
-723
-713
-760
-817
-777
-531
-273
-130
71
300
527
652
761
957
1079
1103
1001
866
691
453
273
58
-196
-469
-709
-958
-1258
-1467
-1594
-1691
-1846
-1941
-1842
-1683
-1567
-1503
-1396
-1259
-1116
-903
-650
-383
-159
-13
109
259
437
587
647
622
617
636
611
602
567
525
430
208
20
-145
-268
-358
-468
-515
-520
-496
-464
-496
-518
-477
-414
-339
-220
-98
26
167
293
477
594
632
692
655
570
487
506
658
780
841
864
840
714
557
358
164
86
-7
-39
-47
-58
27
37
-2
-19
-124
-328
-459
-433
-205
100
254
367
353
253
254
223
209
83
-25
-3
-96
-71
-51
-34
38
-86
-190
-351
-509
-544
-570
-467
-370
-267
-166
-121
-26
-7
6
-31
-110
-133
-195
-177
-82
86
244
334
401
337
257
173
128
177
230
307
406
519
649
748
796
802
691
500
385
350
360
399
460
515
452
302
148
41
-96
-261
-362
-464
-546
-645
-708
-713
-817
-936
-1014
-1090
-1137
-1198
-1164
-1058
-932
-778
-710
-613
-490
-384
-279
-214
-107
-11
13
54
119
205
235
214
238
271
257
84
-136
-202
-172
-110
-95
-39
69
49
-39
-90
2
171
287
398
543
741
925
1020
1043
1059
1063
1027
996
971
963
924
835
767
682
542
352
185
67
-14
-36
-19
-6
-3
-49
-57
-31
-28
-98
-322
-428
-468
-453
-405
-456
-480
-632
-801
-867
-957
-1031
-1163
-1240
-1241
-1220
-1128
-1058
-920
-749
-573
-418
-327
-196
-80
37
178
365
619
777
869
899
824
663
419
261
174
153
173
169
136
51
56
76
94
93
92
194
245
348
490
621
752
753
779
804
756
663
492
365
256
157
79
22
-28
-124
-245
-448
-598
-649
-627
-560
-554
-540
-537
-530
-493
-490
-466
-484
-479
-422
-394
-357
-361
-361
-410
-430
-382
-414
-424
-453
-477
-450
-415
-293
-212
-120
27
139
271
346
474
606
649
704
768
871
938
956
927
875
833
733
635
520
396
272
148
78
28
-1
-59
-143
-216
-279
-268
-232
-207
-170
-140
-78
-12
75
191
268
319
337
345
349
312
295
312
326
343
306
237
129
-29
-200
-479
-673
-755
-801
-780
-843
-872
-944
-1051
-1013
-982
-929
-896
-819
-631
-479
-276
-111
28
166
254
378
450
518
572
601
668
671
667
629
530
455
330
176
-5
-165
-292
-399
-475
-507
-461
-429
-401
-405
-387
-296
-210
-102
21
209
418
572
717
820
929
977
962
940
913
906
873
826
714
552
375
168
10
-150
-309
-444
-588
-706
-824
-923
-965
-963
-947
-912
-859
-770
-628
-529
-411
-250
-95
13
68
136
212
289
347
426
509
526
467
318
191
121
73
29
-39
-50
-71
-139
-191
-211
-156
-130
-148
-145
-134
-95
-65
-15
74
200
343
433
468
385
322
303
279
279
310
382
399
415
419
381
240
53
-14
-29
-1
42
75
149
198
230
279
283
280
302
323
315
303
303
259
244
229
215
72
-299
-559
-762
-887
-992
-1159
-1245
-1358
-1257
-1106
-1057
-1051
-1127
-1068
-1067
-1017
-838
-684
-474
-330
-210
-120
-58
59
110
135
231
360
438
427
467
587
662
642
611
526
353
218
106
59
12
33
138
176
225
264
281
346
461
583
620
650
749
870
973
1065
1181
1193
1070
901
710
573
471
383
286
134
6
-71
-162
-281
-436
-668
-930
-1070
-1080
-1046
-991
-862
-638
-467
-407
-381
-333
-285
-218
-130
-19
134
195
218
189
66
-32
-153
-229
-295
-377
-421
-493
-449
-347
-274
-222
-207
-118
-57
-9
76
164
284
365
433
510
573
627
607
522
465
456
459
451
393
358
316
255
244
233
243
202
123
74
18
-15
-17
0
44
100
148
154
133
103
13
-106
-193
-208
-233
-307
-360
-431
-482
-535
-555
-684
-830
-782
-725
-602
-488
-370
-330
-464
-385
-232
-194
-234
-302
-264
-304
-300
-236
-242
-239
-220
-173
-213
-221
-156
-135
-123
-37
155
281
295
324
386
397
380
431
476
460
448
459
478
411
342
282
194
158
144
153
152
194
273
288
281
284
337
415
476
551
571
562
548
526
507
489
455
377
298
246
178
80
-23
-113
-181
-234
-252
-269
-304
-350
-381
-412
-440
-458
-441
-427
-450
-436
-422
-397
-355
-309
-283
-322
-345
-312
-251
-167
-97
-4
53
67
80
99
116
79
28
13
33
49
62
66
64
38
-21
-83
-95
-71
-75
-103
-134
-114
-41
-12
0
18
35
67
79
111
140
138
133
147
177
230
294
326
298
251
214
176
137
101
108
99
89
83
76
45
27
19
-30
-56
-61
-54
-205
-351
-361
-334
-298
-312
-280
-317
-400
-388
-378
-367
-387
-387
-343
-346
-263
-188
-166
-150
-121
-79
-131
-184
-183
-122
-54
28
116
125
109
131
143
105
74
90
79
88
166
261
324
333
360
365
340
330
321
328
346
405
478
509
528
545
536
477
428
388
314
262
249
262
246
239
242
178
104
18
-41
-79
-108
-113
-155
-201
-236
-294
-380
-463
-524
-611
-674
-684
-688
-653
-596
-523
-477
-443
-388
-394
-376
-321
-263
-155
-70
-31
-6
37
115
154
175
201
190
170
162
194
215
241
277
285
269
247
206
158
111
66
73
86
107
139
155
138
91
67
75
80
81
100
112
108
132
187
192
172
153
127
111
104
145
199
243
279
287
262
216
179
140
76
4
-33
-56
-86
-123
-175
-320
-464
-523
-563
-539
-516
-465
-459
-502
-435
-396
-418
-444
-451
-443
-464
-432
-382
-365
-352
-317
-264
-279
-276
-229
-210
-168
-104
-21
32
73
145
176
152
154
181
165
145
143
140
120
111
168
231
264
280
272
247
234
289
357
394
422
439
464
495
522
522
465
414
391
355
300
285
265
208
141
100
112
98
33
-53
-146
-214
-256
-300
-314
-298
-290
-294
-301
-316
-332
-395
-476
-507
-509
-454
-371
-303
-244
-185
-151
-115
-108
-103
-53
-10
29
63
116
186
200
170
162
175
163
150
148
146
167
162
164
195
223
269
268
233
218
184
155
117
88
116
155
170
173
172
172
158
118
81
83
122
184
238
260
282
302
327
340
372
389
350
281
254
285
292
274
272
289
285
220
142
15
-164
-283
-389
-469
-540
-563
-589
-696
-733
-743
-771
-831
-887
-866
-821
-739
-623
-531
-440
-359
-303
-322
-334
-295
-265
-244
-209
-109
-5
35
52
68
59
46
42
37
51
78
121
159
195
270
325
336
359
393
428
463
515
594
671
747
813
838
828
825
814
756
695
641
590
508
420
374
322
268
212
147
95
36
-66
-184
-276
-321
-371
-438
-484
-501
-509
-534
-570
-595
-602
-625
-651
-654
-622
-568
-512
-471
-408
-316
-250
-219
-203
-159
-99
-44
5
54
107
161
169
145
137
151
150
117
104
118
139
153
177
195
199
195
189
175
167
169
167
154
150
162
160
138
104
79
75
88
98
114
139
153
145
138
155
182
197
214
233
251
250
206
155
125
105
70
23
3
-21
-80
-170
-243
-325
-420
-491
-576
-641
-696
-713
-734
-770
-759
-731
-726
-739
-716
-672
-654
-613
-543
-480
-416
-344
-269
-242
-216
-172
-141
-98
-18
73
138
181
240
274
282
318
358
375
377
404
437
447
464
506
538
536
537
548
566
598
638
670
668
657
630
588
581
596
613
604
591
571
509
430
362
308
245
174
104
32
-38
-129
-228
-313
-371
-423
-507
-577
-623
-658
-691
-706
-679
-646
-629
-619
-590
-541
-482
-426
-363
-292
-218
-164
-125
-77
-33
-19
-20
4
47
82
99
119
147
161
152
137
130
135
130
124
133
141
138
112
77
54
39
14
12
26
31
18
-6
-27
-47
-65
-61
-25
17
60
99
156
215
246
276
320
374
427
461
489
506
479
436
401
375
356
307
241
179
116
61
-5
-61
-88
-127
-238
-321
-361
-405
-457
-506
-515
-559
-620
-650
-666
-679
-702
-738
-773
-769
-731
-702
-666
-600
-501
-433
-380
-285
-199
-128
-70
-4
71
136
199
260
311
354
390
408
435
469
468
450
447
462
475
470
490
527
551
557
549
563
598
609
590
585
600
608
592
563
536
475
386
315
252
169
76
6
-47
-119
-192
-253
-300
-338
-374
-419
-458
-471
-498
-515
-508
-487
-473
-481
-477
-470
-477
-479
-473
-451
-410
-381
-339
-287
-235
-175
-128
-94
-56
-3
47
81
116
175
230
250
268
288
293
287
274
283
288
259
223
188
145
101
62
33
2
-32
-54
-61
-52
-38
-45
-61
-47
-30
-25
-19
-10
7
10
17
48
78
110
127
132
146
155
161
175
182
188
176
158
142
121
92
55
-2
-73
-148
-213
-273
-336
-388
-453
-530
-606
-652
-695
-738
-738
-718
-714
-716
-689
-646
-606
-554
-495
-440
-380
-316
-242
-166
-87
-4
63
131
214
283
331
363
391
417
435
458
485
509
525
534
528
530
528
517
506
495
479
464
462
462
458
443
419
404
386
365
343
322
310
283
233
186
137
90
40
-14
-54
-84
-116
-153
-199
-240
-271
-299
-336
-372
-397
-416
-444
-470
-473
-449
-420
-388
-358
-326
-287
-249
-210
-168
-125
-90
-59
-21
21
58
95
134
174
209
245
278
302
325
335
326
309
292
272
247
223
208
199
178
149
125
104
76
27
-18
-33
-42
-69
-103
-130
-136
-152
-175
-178
-166
-153
-151
-136
-102
-74
-45
-21
6
40
74
102
124
150
164
172
183
181
173
161
147
120
78
43
23
-1
-27
-58
-93
-129
-154
-182
-215
-236
-256
-281
-311
-328
-317
-311
-324
-340
-341
-323
-303
-280
-231
-172
-121
-74
-29
29
93
143
188
239
290
323
352
377
388
393
385
370
348
327
309
280
259
253
250
242
227
222
220
211
199
193
183
171
168
171
175
178
177
167
133
81
41
12
-19
-52
-82
-111
-147
-189
-225
-250
-274
-291
-305
-312
-310
-304
-291
-285
-281
-276
-275
-282
-296
-297
-294
-287
-274
-254
-222
-176
-128
-85
-53
-23
5
31
55
84
129
176
212
237
266
286
294
280
250
225
212
215
197
169
139
102
61
15
-24
-62
-98
-128
-167
-196
-203
-189
-175
-164
-154
-145
-132
-125
-128
-127
-113
-95
-77
-56
-26
-3
7
10
0
-8
-6
-13
-16
1
36
71
93
112
117
106
78
49
25
9
6
-4
-20
-30
-35
-53
-82
-103
-119
-133
-152
-165
-165
-160
-150
-142
-136
-131
-136
-143
-158
-173
-175
-169
-158
-144
-120
-92
-76
-59
-42
-24
-4
21
56
88
120
149
173
191
211
226
228
228
227
224
213
203
203
205
204
200
194
178
154
131
116
105
103
109
111
109
107
103
96
85
72
46
12
-22
-51
-67
-76
-83
-93
-99
-98
-102
-110
-112
-111
-101
-89
-73
-45
-13
14
31
34
34
34
33
32
26
24
26
27
24
26
29
31
25
12
8
9
9
19
43
64
74
81
71
50
32
19
6
-6
-17
-30
-58
-91
-115
-129
-137
-134
-126
-129
-131
-134
-134
-122
-91
-52
-21
5
22
35
51
69
87
103
116
119
113
96
86
78
59
37
16
-4
-22
-36
-33
-18
0
9
14
21
26
36
47
63
76
82
77
58
32
7
-22
-54
-79
-97
-106
-113
-115
-105
-95
-79
-63
-46
-24
0
15
25
26
31
40
55
61
56
37
7
-27
-63
-86
-93
-95
-101
-106
-103
-102
-106
-106
-100
-92
-86
-76
-53
-27
-2
16
32
41
43
41
31
17
1
-8
-12
-14
-16
-18
-19
-26
-27
-24
-16
-11
-5
0
9
25
40
52
61
65
61
46
29
17
11
9
20
36
50
67
76
80
77
70
61
61
74
97
115
127
131
127
116
101
79
53
23
-12
-46
-75
-91
-99
-115
-135
-158
-191
-228
-258
-266
-260
-244
-215
-181
-144
-113
-96
-79
-66
-56
-54
-51
-33
-22
-1
31
67
94
101
92
88
77
69
75
95
117
128
140
151
150
149
148
141
126
112
103
92
83
81
75
64
52
38
21
3
-17
-38
-54
-63
-59
-42
-19
1
11
15
14
9
5
-2
-4
1
5
7
7
5
-2
-31
-70
-91
-106
-122
-129
-112
-93
-79
-62
-46
-42
-48
-57
-60
-57
-47
-26
0
21
39
52
46
34
31
33
29
21
26
47
64
62
74
91
78
54
45
49
36
25
32
38
30
21
31
31
17
5
-5
-11
-14
-2
26
41
39
50
84
82
66
75
90
89
57
37
39
43
9
-26
-5
-29
-89
-122
-70
-167
-306
-163
-24
-105
-207
-76
33
-7
-95
-75
83
89
-49
-18
132
45
-88
16
134
-16
-142
-24
18
-84
-112
-31
-34
-65
-13
-10
-43
-33
29
32
-22
-10
65
123
89
87
171
188
123
93
112
113
78
85
115
154
125
73
131
120
76
22
22
72
20
2
-12
42
54
-31
-47
6
27
-82
-72
17
-28
-114
-100
-46
-70
-136
-107
-82
-116
-143
-165
-108
-104
-132
-156
-37
-8
-158
-110
-11
-30
-220
-124
21
-150
-199
-102
10
-155
-220
-77
-61
-37
-182
-103
104
49
-64
12
264
71
5
151
125
36
-17
130
12
-2
66
50
8
-30
90
32
-26
-32
96
232
-31
-66
333
274
74
94
254
298
166
94
-137
266
328
-198
-142
65
334
-329
-457
145
-28
-284
-528
-30
17
-180
-404
-408
359
-105
-464
-132
156
82
-234
-39
-149
42
185
-275
-265
67
224
-192
-432
-19
298
-147
-635
93
584
-358
-464
449
478
-129
-248
471
633
-55
-217
477
664
-55
-92
492
515
-113
-41
469
261
-169
26
582
51
-153
158
427
70
-277
341
136
119
-139
34
375
-65
-227
-131
414
-264
-573
173
49
-416
-451
-49
-124
-268
-466
-347
107
-336
-611
-3
11
-426
-140
-170
-228
57
-295
-218
-127
-52
-27
-259
-140
-162
449
-348
-535
448
341
-225
-586
714
557
-637
-100
687
471
-456
-130
781
258
-170
110
419
363
-38
26
387
90
55
136
426
0
-215
727
191
-197
51
575
430
-581
125
970
-182
-411
281
695
-450
-291
649
-236
10
-69
132
-97
-143
30
-248
68
-259
-463
97
-57
-418
-295
-151
73
-353
-443
-118
99
-381
-370
228
-316
-130
46
-136
-107
-149
18
-180
8
-28
-2
53
-72
163
-60
149
141
-463
312
642
-464
-525
930
502
-1037
103
838
74
-698
147
954
-249
-328
311
651
39
-336
385
626
39
-549
562
670
-629
-333
973
124
-996
104
786
-113
-1097
313
741
-508
-722
209
476
-489
-595
42
511
-261
-934
-73
914
-522
-953
207
322
61
-895
-407
404
260
-879
-549
796
-91
-583
-243
459
158
-495
-22
572
53
-299
122
324
469
-433
204
589
103
27
125
430
-159
425
135
-223
286
465
-112
-381
573
437
-268
-341
621
634
-444
-704
1097
721
-1217
-71
1034
20
-581
152
-10
466
-290
-338
435
-225
-184
-88
362
-714
-309
418
105
-580
-622
987
-283
-849
232
506
-876
8
647
-850
-96
139
129
-766
39
343
-246
-319
-318
803
-288
-643
207
777
-73
-904
457
679
-315
-318
267
410
-122
-140
302
145
-450
-73
619
-218
-799
446
551
-877
-355
662
363
-1056
100
1030
-207
-465
193
619
-131
96
-267
311
543
-530
-115
587
26
-433
260
193
-161
70
-88
-259
524
-203
-192
6
153
313
-568
-29
393
192
-921
188
609
-232
-779
-135
886
-240
-795
-672
1232
-154
-1011
-258
490
282
-793
29
-33
563
-353
-213
388
157
-14
65
102
14
263
227
-102
-84
644
20
-47
-214
408
272
-286
-63
192
463
-418
-244
360
597
-694
-419
853
459
-707
-409
969
176
-450
-239
640
155
-679
69
460
-344
-255
323
-63
178
-457
-8
554
-817
33
397
-199
-531
159
651
-640
-221
-298
1130
-145
-1857
1284
745
-1353
-235
872
-118
-621
322
59
88
-134
-546
571
144
-276
-405
563
72
-188
-27
-195
340
-301
432
-417
-15
7
161
220
-661
379
18
278
-352
6
124
-42
-60
-324
483
-261
86
-698
447
777
-982
-140
376
447
-237
-563
98
497
277
-981
233
1013
-810
227
-99
258
304
-277
-366
486
851
-991
-368
708
743
-1229
-263
1039
423
-1195
-170
1494
-622
-706
349
773
-388
-704
382
769
-476
-541
240
913
-244
-1269
1052
505
-597
-583
709
881
-1395
87
1022
-67
-919
-229
1396
-625
-710
-127
868
3
-1562
579
901
-151
-1411
676
787
97
-987
-614
1817
-5
-1279
-81
1446
-490
-500
640
-417
123
657
-407
-247
277
-60
59
142
-253
-501
938
143
-1442
245
1065
-191
-1454
451
1344
-717
-454
-465
1089
713
-1448
-619
1250
1021
-1514
74
232
484
905
-1267
-258
907
1049
-700
-1157
666
1334
-1
-1973
249
1944
-611
-1031
-581
985
1218
-1926
-1005
1272
1128
-1650
-1006
1142
155
-236
-775
-637
791
469
-423
-1134
-509
1849
321
-2201
-1016
2435
653
-2345
-756
1343
1340
-992
-1822
1022
1945
-661
-1300
-138
1852
301
-1360
-667
1463
1441
-1856
-889
1548
1424
-1368
-1575
1555
1790
-1295
-1687
1049
1991
-408
-1694
414
2056
426
-1852
396
1711
-11
-806
169
843
-23
199
-585
-224
1328
-919
-446
-211
435
430
-1917
355
469
554
-1682
-777
1871
-383
-936
-1097
1211
380
-1521
321
-65
-37
197
-299
-634
7
1451
-1414
-412
957
-204
221
-558
-161
607
935
-1382
-877
2200
-149
-1903
322
1536
-9
-2238
487
2473
-1070
-2125
1079
1542
-797
-1064
-219
1180
962
-1077
-1464
1578
2057
-1825
-1706
1720
2304
-1468
-2285
1776
2376
-341
-2838
80
4071
238
-4066
-428
4685
187
-4056
51
2764
1194
-2632
-2005
3111
1218
-2485
-1967
2004
1862
-2420
-1363
616
2468
-1700
-2172
1285
1176
-289
-2141
968
767
543
-1513
-129
1894
-1022
26
141
860
-979
-89
1379
-1145
445
-610
187
776
-786
158
-1191
1403
-136
-1032
213
-401
1457
-1297
156
-17
612
560
-1324
810
870
258
-1413
1045
1065
-336
-563
532
439
239
13
-1250
861
797
-787
-1623
1751
622
-1826
-65
966
-105
-755
230
-684
478
760
-1175
-959
1022
1161
-1288
-1419
934
1220
-1269
-1330
563
741
-49
-1945
84
1947
-84
-2864
337
3304
-1470
-1974
708
2130
-373
-1358
463
917
384
-814
232
205
372
-76
22
-302
-71
1029
-1002
-75
371
500
-438
-905
1790
-373
-676
400
748
130
-911
797
355
1013
-1620
-258
2266
-255
-588
-883
1390
405
-255
-817
-222
1460
-419
238
-1129
-40
1806
-411
-1298
-419
1911
-568
-1250
116
-195
810
-693
-1329
-197
1395
-299
-1991
-430
1179
461
-1887
-1240
1308
1347
-1303
-1768
717
2515
-872
-2451
1016
2152
-210
-2132
471
1476
639
-1156
-1486
1889
1166
-1692
-1006
1146
894
-348
-1195
-2
1402
558
-1330
-212
1364
520
-58
-1252
771
2009
-778
-805
266
1459
754
-1674
-108
1754
815
-2241
-355
1877
63
-825
-1380
1050
1778
-1482
-1540
1017
1511
-468
-2160
470
1614
210
-2163
-533
1862
-27
-564
-2007
1003
2113
-1774
-1997
1167
1651
-904
-1957
319
1910
-113
-1807
-543
2559
-491
-989
-389
622
1615
-1493
-642
12
1836
-512
-1653
378
868
971
-1953
-650
1100
1470
-811
-1798
757
1757
1085
-3335
-284
3455
-231
-1668
-842
1653
1004
-748
-1161
0
1929
-411
-1032
-145
595
550
-675
-289
3
-52
941
-212
-2164
1820
1438
-1852
-550
746
1347
-453
-1288
-488
1708
817
-2339
-664
1355
1141
-1476
-1959
1173
1693
-1444
-1283
148
1129
865
-2335
-425
1607
761
-1500
-1107
1526
863
-575
-1212
355
1537
37
-1204
-40
1076
692
-1107
-347
929
325
-59
-1190
874
1244
-851
-414
430
1060
-386
-800
325
1131
217
-1226
396
881
20
-293
55
131
462
153
-509
231
436
-309
-695
1131
-379
-794
373
105
-61
-625
-10
-589
692
-282
-1048
-86
356
329
-935
-248
159
384
2
-848
-170
745
31
-693
-265
535
49
-179
-581
-288
703
-499
-391
-511
99
853
-701
-872
180
1555
-627
-1277
1156
759
273
-511
-389
1133
866
73
-745
122
2041
-200
-836
-457
1308
1069
-1206
-456
145
1759
-831
-1089
673
440
453
-598
-298
434
669
-133
-854
129
522
664
-400
-1425
1141
412
-522
-681
-219
640
-145
-117
-1260
248
508
-20
-554
-1437
1061
698
-986
-1184
194
1556
-604
-1425
-336
1365
548
-1876
-501
929
1023
-821
-1466
600
1133
-47
-814
-693
637
1070
-55
-1094
-412
1914
20
-1389
192
785
470
-249
-288
-262
1258
540
-1577
557
1203
324
-878
-453
1474
797
-568
-1086
1127
851
96
-861
-636
1921
471
-1927
-892
2641
221
-1971
-161
551
865
-602
-1914
30
2114
-104
-2570
-4
2017
-483
-1187
-538
797
493
-742
-264
-368
465
303
-1026
-426
543
668
-593
-1489
860
802
-564
-1657
243
1750
-397
-1167
-966
1736
667
-1348
-827
826
1521
-834
-749
119
867
1190
-830
-502
694
717
296
-1079
372
1091
584
-1310
-5
2640
-1177
-336
521
343
1295
-1156
-233
875
1063
-965
-616
966
-289
800
-357
-493
195
153
-185
-58
-358
-517
1257
-479
-1055
101
701
-386
-931
63
-223
581
-502
-1244
202
744
-318
-1260
-37
1247
-267
-1174
-428
146
485
-318
-768
-529
1076
154
-1057
-629
499
639
-773
-653
-78
935
-68
-691
-227
368
541
-421
-28
-22
40
1662
-710
-1231
1117
1870
-38
-1984
1425
1272
562
-1493
-433
2961
358
-1777
-578
2345
526
-1377
-805
1753
1132
-1337
-926
772
1149
-499
-731
-173
1505
-445
-1089
237
931
-523
-1186
382
221
465
-1491
-508
941
396
-1157
-1873
1663
780
-1308
-1387
218
1795
-1478
-1021
42
1114
71
-1799
205
458
670
-1109
-459
394
417
9
-1027
-200
708
753
-963
-639
818
916
-66
-376
-134
1236
857
-984
8
1808
732
-1045
427
901
-241
193
410
64
68
37
333
-333
34
267
404
248
-906
308
797
-141
-910
243
815
85
-663
-572
861
284
-873
-927
337
414
-126
-1004
-959
975
-14
-1131
-1101
763
1163
-1235
-1709
113
2004
-1140
-1893
783
1369
-560
-1892
404
1150
-217
-1082
125
649
28
-803
-158
747
12
-631
155
1199
-473
-354
98
334
734
-569
-141
642
876
-128
-793
143
1127
349
-842
326
1282
60
-1407
748
1178
-220
-759
355
1557
-355
-1472
246
2016
-349
-1470
27
1142
153
-764
-590
440
848
-783
-737
414
600
-650
-405
97
-238
-24
369
-602
-219
886
-131
-1218
-146
1248
-124
-1294
-531
918
497
-1059
-848
840
835
-633
-1294
221
1051
-217
-840
-82
840
-314
-496
153
106
435
-145
-768
339
897
-137
-661
-241
1085
858
-1053
-607
1192
1314
-680
-989
783
1115
173
-930
551
599
-21
142
-397
149
230
456
-967
-191
522
-170
-285
-720
485
-44
149
-659
-365
854
-21
-401
-868
1227
111
-893
2
-5
193
-102
-111
-995
396
27
-507
-252
170
143
-244
164
-405
-82
80
517
-276
-154
229
236
-385
-88
557
-411
-138
103
566
-314
-462
169
655
380
-970
242
1172
457
-749
-8
1085
656
113
-435
630
1047
255
-1122
53
1168
-76
-758
-326
678
-35
-802
-594
577
111
-568
-552
61
826
-244
-1156
135
1461
-497
-759
246
514
90
-752
-248
460
612
-951
-429
543
1
-571
-800
584
217
-398
-742
303
830
-606
-479
-238
576
352
-513
-487
322
296
-225
-599
-252
855
180
-543
-303
572
91
154
10
-136
670
409
-194
-520
518
534
146
-628
90
987
-353
-667
-102
507
-100
-61
-276
43
271
-402
281
-59
-276
218
1051
-466
-427
353
59
528
-288
-60
-201
1222
-123
-992
228
78
484
-471
-466
-371
741
315
-1389
-486
779
456
-883
-736
696
273
-160
-721
-534
1156
411
-808
-739
935
429
-437
-537
-301
1305
45
-1261
-475
1129
426
-1259
-577
651
1107
-743
-940
410
837
307
-1236
-60
914
297
-598
-681
241
470
189
-848
-65
1004
-114
-409
56
742
636
-713
133
1013
468
-595
-319
883
499
-150
-770
393
532
-439
-362
-349
445
276
-47
-293
-298
371
289
-81
-268
162
393
89
-248
-388
322
455
-381
-292
-182
168
226
-473
-435
268
252
-430
-126
342
260
-419
-364
190
853
-238
-1088
203
585
137
-1279
-612
827
455
-1196
-1020
307
408
86
-993
-357
527
605
-534
-275
375
625
526
-729
312
871
550
-438
49
496
39
-233
-433
438
167
-148
-473
-144
124
294
-356
-582
391
479
42
-475
292
277
183
7
-401
574
595
-258
-18
62
-1
248
55
-97
169
167
-237
-323
-154
341
-93
-259
-278
-45
259
-509
-376
-49
507
-83
-689
21
142
469
-398
-813
339
766
-189
-704
233
666
57
-680
-174
496
441
-633
-106
412
-64
-113
-367
136
249
272
-553
-38
465
53
194
-419
97
613
117
-417
73
721
45
200
-643
88
817
-376
79
-345
445
283
-198
-568
-63
852
-557
-18
14
-450
353
105
-184
-126
213
377
-323
-252
-158
538
238
-693
-28
209
19
-468
-320
368
-89
-66
-66
-325
69
-98
-104
-383
21
251
-69
-14
-678
-18
793
-458
-638
482
554
-32
-642
-263
566
357
-328
-400
156
184
-116
-223
-292
371
315
-282
-252
-22
523
447
-75
-172
657
482
-222
118
351
612
133
-397
-52
1013
375
-800
141
562
102
-410
-407
596
794
-401
-496
126
333
-106
-380
-8
182
170
-425
-252
36
-337
-114
107
-276
-404
5
174
-140
-500
-287
35
103
-304
-313
107
-260
-338
-299
-276
-11
15
-347
-280
97
-4
-378
-295
296
267
-52
-341
18
548
381
-363
-250
638
548
-51
-283
399
625
368
-381
-111
699
116
84
-189
264
540
136
-170
-123
630
1
-253
-51
272
439
-414
-417
313
382
-335
-581
375
635
-48
-606
-285
705
231
-578
-211
411
81
-364
-366
-106
279
-60
-370
-318
-33
-91
-350
-163
84
183
-448
-473
330
174
-132
-76
227
37
-248
-128
27
199
57
68
108
-169
-174
300
90
7
-59
50
199
-2
4
-40
265
-52
161
153
-116
241
-35
126
288
-22
7
418
281
-151
43
-167
85
271
-78
14
93
172
-311
-227
-82
-21
36
-104
-146
-52
134
-340
-412
-52
221
-209
-462
-23
181
5
-259
-285
140
429
-56
-514
42
538
-68
-452
-70
454
142
-392
-462
70
262
-191
-446
-172
484
76
-505
-193
270
354
93
-348
-41
683
312
-361
38
616
332
-80
-46
296
274
177
59
-32
8
331
268
-364
-116
137
146
-166
-328
59
342
146
-454
-259
134
-17
-107
-103
-77
27
76
-120
-281
56
237
57
-363
-274
274
92
-350
-227
103
145
-351
-578
180
308
-277
-382
-41
278
64
-210
-69
81
365
-35
-327
106
365
225
-199
-137
149
301
-95
-240
134
405
25
-305
-17
319
211
-283
-115
276
247
-112
26
209
-47
21
185
-12
60
194
137
-90
-195
107
88
215
-49
57
309
-149
-137
66
199
-104
-157
85
-40
-236
-250
-37
-181
-434
-178
-40
-265
-193
-54
-127
-270
12
167
-110
-99
123
320
-201
-297
229
328
-5
-348
121
230
-134
-198
-51
96
-30
-61
-56
-72
74
46
-1
-31
17
222
-3
-128
99
345
88
-217
193
282
66
13
48
220
332
135
-123
65
424
233
-163
-119
188
355
-24
-235
103
311
-41
-338
-160
48
177
-93
-255
-111
-34
-124
-318
-245
-25
193
-82
-384
-24
269
-4
-288
-65
222
206
52
-87
-4
208
28
-248
-238
87
301
-66
-329
-71
184
-59
-243
-10
200
68
-217
-142
181
216
-56
-165
140
274
-47
-194
-63
153
136
-110
-224
10
202
-128
-365
-184
112
33
-240
-198
7
193
-68
-277
26
194
122
-39
-115
82
140
-64
-60
51
59
16
-44
2
133
83
-80
-57
132
125
-75
-31
95
92
9
-44
-56
18
110
-30
-150
-79
65
99
-106
-87
224
201
-36
1
166
197
155
36
65
212
143
15
25
67
32
-35
-39
-38
41
33
-150
-133
-71
7
0
-78
25
99
82
-89
-57
132
129
71
15
38
34
6
-77
-55
46
-51
-105
-124
-151
-135
-131
-140
-141
-126
-152
-160
-145
-138
-77
-18
7
-59
-56
-45
-116
-55
-42
-3
25
51
70
-6
-49
-48
89
82
36
114
94
45
6
28
28
55
65
24
61
12
25
26
-4
24
55
86
59
84
118
131
75
62
137
155
87
-42
-42
42
23
-79
-105
-2
26
-52
-122
-53
6
-94
-104
-36
21
23
-12
-13
-2
-9
-59
-57
1
58
63
0
-19
4
58
21
-12
3
35
79
24
-24
-12
31
21
-16
-61
-8
87
6
-64
-11
65
85
-24
-90
-5
60
11
-20
51
132
94
-28
-44
24
78
57
-6
8
17
-20
-49
-79
-27
7
-31
-73
-75
-66
-77
-84
-78
6
19
-18
-26
-29
10
12
-10
5
59
85
61
-21
-67
6
44
19
-71
-74
1
10
-63
-165
-92
25
22
-75
-87
37
102
-7
-80
23
128
111
-22
-33
84
131
36
-46
42
80
36
-45
-57
39
11
-46
-32
6
69
40
-56
-5
53
61
48
1
39
57
60
32
2
5
-10
-8
-82
-126
-59
4
19
-43
-80
-21
18
-27
-75
-50
54
54
-48
-47
33
48
-36
-117
-100
-1
-4
-97
-97
-26
31
-34
-102
-16
80
44
-32
10
92
120
75
34
95
141
93
20
4
66
116
67
0
-1
39
15
-86
-82
-10
1
-41
-56
-29
-7
2
-14
-35
-48
2
52
-4
-43
-13
19
-31
-102
-76
-22
-65
-137
-118
-69
-21
-38
-68
-61
-58
-22
-6
7
10
25
39
-13
-40
-24
-31
-83
-96
-55
-13
-8
-18
12
-5
-12
25
40
58
96
93
78
103
117
124
101
103
136
126
127
139
127
119
134
118
90
68
93
128
48
10
51
30
-6
4
28
21
-9
-17
2
-34
-42
-13
-15
-18
-54
-75
-99
-113
-92
-93
-122
-149
-126
-107
-117
-124
-109
-94
-101
-91
-82
-87
-103
-89
-72
-82
-69
-65
-68
-92
-105
-95
-82
-49
-16
-11
-10
12
11
0
12
36
68
81
103
128
104
92
116
125
122
133
154
149
129
130
124
115
111
103
89
65
42
9
3
36
56
58
68
69
48
0
-49
-46
-29
-18
-16
-19
-23
-49
-79
-107
-98
-65
-64
-58
-35
-33
-53
-76
-101
-123
-126
-116
-111
-113
-105
-79
-77
-83
-73
-67
-49
-22
-22
-10
9
12
18
9
24
47
30
41
85
107
103
66
58
67
71
73
67
98
129
111
68
32
35
50
45
46
59
61
40
5
-15
-11
0
22
-2
-43
-48
-69
-85
-96
-72
-14
-19
-53
-59
-72
-60
-55
-64
-16
12
12
-5
-46
-17
2
-38
-54
-34
-6
4
-27
-23
7
11
18
-21
-42
-14
-13
-14
-2
12
34
12
-16
-16
9
59
81
70
76
80
57
22
2
19
61
78
66
56
50
45
27
14
12
42
62
55
45
35
33
2
-8
-3
-18
-14
-9
-23
-32
-36
-45
-47
-42
-22
-26
-40
-27
-24
-25
-19
-11
-8
4
-1
-15
-26
-46
-61
-80
-79
-72
-70
-67
-68
-67
-62
-57
-81
-96
-76
-59
-45
-24
-11
-17
-17
-13
-2
7
26
47
52
68
82
77
71
57
53
60
38
25
36
32
27
24
25
35
47
62
60
45
43
45
28
31
48
43
41
35
41
43
37
44
33
26
19
-2
-10
-12
-3
-3
-14
-6
-8
-5
-20
-38
-27
-27
-20
-31
-34
-29
-33
-53
-79
-87
-87
-67
-75
-99
-98
-92
-72
-68
-74
-68
-61
-42
-26
-14
4
5
18
38
33
33
39
47
59
55
59
47
41
61
81
78
53
58
68
65
62
53
49
48
47
44
29
12
26
36
24
14
4
1
-4
-18
-18
-15
-10
8
13
9
3
0
6
6
-12
-12
-3
-11
-29
-46
-52
-54
-58
-53
-59
-76
-74
-49
-40
-38
-32
-33
-31
-45
-41
-27
-31
-6
17
13
-4
-11
10
19
11
5
15
23
9
-14
-32
-30
-13
-14
-42
-50
-34
5
10
-20
-3
19
33
23
5
35
70
83
84
69
72
83
69
41
29
43
45
21
-9
-19
-18
-31
-41
-36
-24
-15
-27
-51
-48
-37
-24
-19
-21
-5
-6
-25
-26
-25
-20
-14
-13
-2
-2
-6
-12
-19
-24
-22
-18
-18
-3
24
37
37
42
59
68
46
28
43
49
39
32
31
53
59
47
44
36
42
53
51
60
78
88
76
33
19
43
45
25
9
10
-4
-46
-71
-62
-56
-64
-62
-59
-62
-54
-49
-73
-98
-105
-88
-88
-107
-86
-58
-74
-91
-92
-87
-95
-103
-88
-71
-70
-48
-22
-23
-25
-16
-15
-26
-34
-10
27
35
52
79
95
105
105
101
90
60
46
46
35
45
61
70
57
26
18
21
8
5
23
43
53
52
56
47
32
58
79
66
52
43
51
41
31
51
53
42
27
-2
-33
-50
-52
-49
-68
-83
-70
-57
-68
-70
-53
-43
-51
-60
-45
-31
-25
-11
-7
-10
-8
-8
-4
-3
3
9
2
2
6
14
15
8
24
39
41
24
19
53
56
23
5
-7
-3
-4
-25
-27
-23
-8
1
-18
-22
-11
-11
-16
-18
-7
10
8
-3
-4
-7
-9
-9
-21
-17
2
-2
-10
-23
-35
-42
-54
-47
-50
-67
-65
-68
-68
-64
-60
-40
-36
-26
-15
-18
-2
20
40
48
52
63
63
71
79
71
73
67
57
46
39
51
53
54
55
49
43
42
42
37
27
33
32
30
36
33
38
36
33
22
-4
-15
-19
-24
-32
-52
-56
-52
-55
-61
-72
-64
-53
-53
-54
-58
-38
-11
-1
-1
-10
0
11
4
-4
-3
7
19
17
4
-13
-15
-7
-21
-39
-45
-38
-39
-54
-56
-53
-33
-16
-16
-11
7
33
37
31
41
61
68
65
56
50
43
31
13
-5
-3
5
-4
-28
-39
-38
-38
-34
-30
-33
-32
-15
-11
-17
-6
10
20
9
3
12
18
34
33
18
12
15
18
5
1
15
22
25
13
13
25
36
46
30
20
9
-2
-12
-21
-13
-7
2
-1
-6
-7
-6
-11
-27
-34
-22
-11
4
13
22
25
22
13
-9
-2
12
20
26
24
27
19
8
-8
-30
-23
-18
-16
-20
-22
-10
-21
-29
-30
-20
-18
-26
-19
-16
-25
-25
-19
-9
2
13
13
5
5
6
7
-3
-3
9
10
-2
-18
-17
-12
-14
-6
7
30
46
52
49
24
3
-13
-14
-10
-13
-11
-16
-24
-33
-55
-67
-65
-56
-42
-29
-14
-1
16
35
43
36
33
51
66
64
59
59
62
64
50
29
16
6
-13
-34
-52
-54
-43
-37
-39
-37
-29
-25
-32
-31
-16
2
19
32
41
54
60
66
67
56
50
40
28
21
19
10
5
1
-7
-15
-31
-47
-50
-57
-57
-47
-49
-48
-46
-48
-50
-53
-52
-44
-29
-20
-22
-19
-15
-16
-16
-24
-24
-20
-14
-4
1
6
12
10
12
9
8
21
23
28
36
44
55
49
42
42
35
29
36
42
50
58
52
34
34
39
37
33
23
17
20
18
10
11
22
39
41
29
26
20
13
12
3
-4
5
12
5
-2
-4
-14
-23
-39
-64
-76
-79
-82
-83
-80
-74
-68
-59
-51
-50
-59
-50
-32
-26
-22
-22
-30
-24
-28
-46
-48
-36
-14
-4
-8
-19
-26
-23
-30
-34
-19
6
31
39
48
61
69
87
78
50
47
43
33
23
26
27
22
17
16
21
17
10
4
3
-9
-26
-25
1
29
44
53
63
66
70
69
52
43
32
23
2
-22
-25
-28
-34
-65
-90
-79
-66
-67
-64
-34
16
30
24
19
9
8
-1
-14
-27
-58
-62
-45
-40
-31
-17
1
5
-29
-45
-52
-74
-79
-60
-20
11
31
63
105
131
120
86
77
85
87
105
112
105
84
46
2
-66
-119
-133
-145
-143
-125
-86
-38
2
43
59
55
58
78
108
129
150
182
209
202
150
85
22
-43
-110
-155
-171
-174
-176
-169
-149
-138
-150
-162
-168
-161
-137
-113
-80
-29
27
77
107
110
108
97
60
8
-21
-29
-43
-63
-65
-53
-65
-91
-105
-103
-99
-98
-79
-40
8
59
113
167
195
205
205
193
179
158
138
114
90
77
50
8
-33
-53
-51
-55
-56
-42
-6
27
46
73
113
150
176
175
152
120
75
15
-37
-69
-89
-101
-99
-95
-111
-141
-166
-195
-220
-209
-170
-125
-76
-16
40
57
48
38
25
3
-16
-4
13
20
13
-14
-40
-68
-96
-115
-136
-137
-127
-120
-99
-63
-16
21
53
89
124
136
128
125
134
142
138
131
139
141
118
83
57
51
31
-16
-36
-21
0
-5
-17
5
29
20
-1
-5
13
47
88
112
113
107
107
92
48
2
-27
-37
-68
-116
-145
-158
-163
-192
-218
-215
-193
-160
-132
-105
-57
-11
-1
-9
-7
11
16
9
9
14
12
-6
-35
-54
-70
-90
-117
-127
-106
-86
-72
-54
-21
20
47
68
94
123
141
145
155
167
175
175
168
156
130
102
70
40
31
30
43
58
60
61
54
56
53
29
23
29
34
24
31
57
61
48
22
19
25
3
-18
-27
-34
-55
-92
-103
-108
-127
-140
-137
-132
-133
-115
-86
-57
-39
-26
-13
-29
-49
-43
-36
-44
-61
-66
-65
-80
-93
-108
-107
-103
-103
-89
-52
-10
18
37
50
59
66
75
78
81
88
108
119
113
122
130
120
91
71
62
46
27
22
19
13
10
13
23
45
62
58
54
53
55
54
60
82
101
105
86
55
27
-3
-41
-79
-92
-87
-88
-102
-110
-101
-106
-126
-137
-133
-124
-116
-96
-72
-57
-60
-71
-81
-96
-117
-124
-121
-114
-110
-97
-76
-65
-63
-64
-56
-54
-42
-12
25
57
75
106
143
172
180
179
187
195
182
163
168
190
200
177
156
161
163
138
92
68
60
42
15
6
25
47
59
67
86
107
118
125
116
95
64
27
-4
-27
-48
-72
-105
-135
-171
-202
-230
-255
-274
-286
-291
-305
-306
-282
-248
-226
-216
-197
-173
-163
-155
-138
-114
-83
-57
-35
-18
1
23
37
18
-5
-11
-10
-14
-14
7
36
55
68
96
123
140
150
164
201
235
255
283
312
321
309
294
286
275
250
218
179
140
110
82
49
18
1
3
10
4
3
17
29
22
7
2
-6
-24
-44
-61
-88
-121
-146
-169
-194
-217
-235
-250
-266
-277
-280
-275
-259
-231
-191
-155
-134
-113
-86
-65
-59
-52
-33
-16
-14
-9
-1
8
5
-11
-29
-43
-46
-39
-23
4
35
70
105
133
147
152
167
182
186
189
201
218
220
205
180
152
124
97
73
45
24
21
18
13
16
27
32
19
8
8
8
7
14
25
25
14
2
-11
-35
-58
-79
-100
-126
-147
-161
-165
-157
-149
-149
-146
-134
-127
-125
-116
-91
-66
-46
-14
20
43
53
55
57
38
10
-7
-13
-19
-35
-53
-63
-66
-69
-70
-64
-50
-26
0
33
77
115
143
161
161
150
136
124
116
106
93
84
71
58
47
38
27
11
5
4
1
7
28
52
60
59
66
70
64
58
62
65
62
60
61
51
29
3
-20
-54
-96
-124
-134
-141
-151
-159
-149
-139
-143
-142
-120
-91
-77
-65
-46
-39
-47
-53
-55
-59
-58
-53
-45
-42
-45
-42
-40
-52
-68
-79
-78
-72
-59
-35
-7
17
35
46
60
73
83
94
106
132
161
183
195
194
174
136
93
60
36
21
22
31
32
40
53
55
41
22
19
15
19
31
56
75
72
63
50
22
-11
-42
-62
-78
-84
-84
-83
-84
-87
-93
-112
-130
-142
-147
-145
-127
-100
-76
-55
-36
-26
-27
-26
-14
-1
11
18
29
40
36
23
11
-5
-27
-48
-56
-51
-41
-34
-23
-4
17
37
48
59
65
73
82
90
99
106
108
98
81
67
55
51
43
37
33
30
30
19
13
17
17
14
5
15
31
37
38
41
49
48
33
18
5
-8
-19
-29
-37
-45
-56
-65
-75
-81
-86
-90
-93
-90
-74
-58
-48
-42
-39
-36
-36
-32
-24
-16
-9
-5
-6
-12
-24
-35
-52
-75
-93
-100
-102
-93
-86
-76
-62
-48
-26
-1
22
36
50
68
86
109
129
148
158
155
144
124
104
87
67
48
32
19
13
8
-3
-16
-20
-18
-11
5
24
45
55
64
72
81
91
93
84
67
46
21
-5
-29
-49
-69
-90
-108
-114
-118
-120
-118
-106
-95
-89
-80
-73
-64
-62
-56
-35
-17
-4
6
11
6
-5
-25
-41
-51
-57
-55
-47
-45
-51
-59
-70
-76
-74
-61
-43
-18
17
59
95
125
154
172
170
156
139
121
101
79
57
40
21
0
-13
-26
-38
-38
-33
-15
7
32
66
95
110
112
105
96
90
80
65
48
29
8
-20
-49
-72
-86
-101
-121
-134
-141
-132
-122
-107
-81
-56
-37
-17
-3
6
11
15
18
14
4
-9
-21
-42
-66
-90
-106
-120
-132
-136
-132
-121
-107
-92
-64
-25
15
52
84
115
143
160
178
191
199
194
175
151
121
96
70
33
-1
-32
-56
-73
-87
-85
-75
-61
-50
-32
-6
19
47
69
92
110
127
142
148
145
128
97
54
4
-39
-75
-99
-116
-132
-149
-168
-184
-191
-185
-171
-152
-128
-100
-67
-32
-6
12
24
30
29
20
11
6
-2
-20
-35
-46
-56
-64
-69
-75
-76
-71
-61
-43
-15
21
54
82
108
131
147
161
170
175
172
160
148
133
116
92
58
26
4
-12
-25
-30
-22
-7
2
11
26
51
72
81
85
91
92
87
80
70
52
23
-13
-54
-88
-111
-129
-144
-158
-170
-177
-180
-177
-163
-139
-119
-97
-73
-50
-29
-13
-1
9
14
12
6
-6
-24
-47
-77
-106
-124
-137
-139
-134
-124
-105
-77
-43
-9
24
54
88
122
158
193
222
242
247
242
231
209
180
147
116
90
65
46
29
13
-5
-20
-30
-32
-23
-6
19
43
69
94
118
135
148
158
152
134
105
69
28
-21
-68
-113
-153
-187
-214
-239
-264
-283
-295
-294
-274
-243
-201
-152
-110
-75
-55
-48
-39
-30
-23
-25
-32
-40
-49
-64
-81
-93
-107
-116
-123
-124
-110
-86
-53
-15
26
63
98
131
165
202
238
263
279
286
283
269
244
210
179
155
134
116
98
78
64
52
42
42
50
56
64
71
75
76
76
76
74
64
49
34
17
-4
-29
-55
-82
-109
-135
-156
-171
-186
-196
-206
-214
-223
-217
-200
-182
-159
-138
-120
-108
-100
-92
-79
-65
-50
-43
-41
-40
-45
-54
-62
-67
-61
-54
-47
-38
-21
-7
8
23
39
54
69
88
109
132
157
177
185
190
191
190
177
156
134
115
95
75
61
52
46
35
23
18
18
28
40
53
69
78
82
78
68
61
51
33
14
-5
-21
-37
-59
-83
-101
-115
-125
-133
-132
-132
-139
-145
-144
-134
-115
-96
-81
-69
-60
-46
-38
-34
-29
-30
-40
-54
-64
-73
-76
-78
-80
-81
-79
-71
-59
-47
-31
-8
9
24
43
65
90
109
120
130
136
134
131
128
130
128
117
101
80
68
58
46
30
13
-2
-14
-15
-8
8
31
48
58
63
68
73
74
70
64
50
34
14
-6
-24
-42
-65
-89
-108
-121
-127
-132
-134
-129
-124
-118
-110
-94
-76
-62
-49
-36
-21
-8
8
23
28
31
29
19
5
-9
-18
-24
-29
-33
-33
-35
-29
-21
-10
0
8
18
27
38
55
71
84
94
97
101
103
103
97
86
72
59
53
49
50
43
24
1
-10
-15
-18
-14
-9
0
4
7
12
17
20
15
7
0
-4
-6
-11
-17
-24
-36
-46
-56
-66
-70
-73
-73
-69
-71
-71
-72
-73
-72
-68
-63
-58
-51
-37
-20
-7
5
18
22
16
4
-6
-12
-18
-20
-21
-21
-24
-31
-34
-34
-31
-27
-16
0
18
37
55
72
81
86
90
86
78
69
62
58
52
53
55
56
51
38
30
21
14
12
17
24
31
33
34
29
23
18
12
7
3
2
3
4
6
6
1
-11
-26
-43
-56
-63
-66
-66
-68
-71
-77
-81
-78
-73
-67
-59
-46
-32
-20
-8
4
11
13
9
3
-1
-7
-10
-12
-13
-11
-11
-12
-15
-15
-13
-9
-4
4
16
27
36
50
63
74
84
88
89
86
82
77
71
66
59
48
36
22
9
-2
-11
-18
-19
-21
-22
-24
-26
-27
-26
-24
-19
-17
-16
-15
-16
-17
-20
-24
-32
-41
-51
-60
-63
-66
-65
-69
-73
-76
-81
-80
-81
-81
-76
-66
-53
-43
-32
-20
-12
-3
6
16
26
33
33
32
32
38
48
52
51
49
46
44
40
38
42
42
40
43
49
57
67
73
79
84
87
86
82
78
76
78
78
80
76
64
50
36
24
11
0
-11
-22
-29
-37
-43
-48
-50
-52
-49
-47
-45
-41
-38
-33
-34
-39
-44
-53
-64
-74
-86
-94
-101
-103
-106
-103
-99
-96
-90
-81
-68
-57
-48
-36
-22
-7
9
22
32
36
37
36
37
38
38
38
39
41
41
40
37
35
32
32
30
30
34
37
42
45
51
59
69
79
85
85
84
83
78
71
62
51
40
29
19
6
-4
-17
-31
-46
-57
-69
-74
-72
-63
-49
-37
-31
-30
-30
-31
-32
-37
-37
-36
-37
-40
-44
-48
-55
-67
-74
-78
-75
-70
-66
-58
-51
-44
-34
-27
-20
-17
-14
-6
1
7
12
18
24
29
29
27
26
22
23
28
38
50
58
64
64
62
62
63
67
68
67
66
67
71
76
80
82
81
77
72
66
61
58
53
48
39
31
21
12
2
-7
-13
-18
-20
-20
-22
-22
-26
-34
-41
-45
-52
-55
-55
-56
-58
-58
-61
-70
-79
-89
-94
-100
-103
-105
-105
-105
-109
-110
-108
-100
-91
-81
-71
-61
-52
-43
-32
-20
-8
5
14
21
29
33
41
50
57
62
64
67
72
79
85
87
90
88
85
84
85
88
87
84
82
79
76
71
67
64
59
53
51
49
43
38
29
19
12
3
-4
-9
-14
-22
-29
-36
-40
-43
-46
-50
-54
-57
-60
-61
-62
-66
-68
-71
-73
-77
-76
-76
-75
-69
-67
-65
-64
-63
-62
-58
-51
-42
-33
-23
-13
-3
6
18
27
37
46
53
60
63
66
67
66
64
62
61
60
58
51
46
43
40
39
40
38
37
37
37
38
40
39
37
34
28
20
13
5
0
-8
-16
-24
-32
-41
-48
-51
-53
-54
-53
-54
-50
-46
-40
-36
-36
-34
-35
-36
-36
-36
-36
-39
-41
-44
-44
-41
-40
-40
-42
-43
-44
-49
-49
-47
-40
-28
-16
-3
9
17
26
33
47
61
74
83
88
91
90
87
81
73
65
58
50
48
44
42
39
32
29
24
24
22
22
25
31
38
45
48
44
37
25
12
0
-6
-12
-21
-33
-42
-47
-48
-50
-53
-56
-58
-59
-60
-56
-48
-41
-38
-37
-33
-31
-30
-33
-39
-43
-46
-45
-42
-39
-36
-35
-38
-43
-46
-47
-48
-47
-43
-30
-16
0
13
24
34
40
39
42
46
50
53
55
61
62
60
52
42
32
22
15
11
12
14
21
27
31
36
36
34
29
26
29
31
35
38
32
26
15
9
5
-2
-11
-19
-24
-25
-25
-23
-20
-21
-24
-30
-34
-37
-37
-34
-32
-25
-16
-10
-9
-14
-22
-31
-37
-40
-40
-38
-36
-35
-40
-45
-51
-58
-61
-59
-50
-40
-27
-14
-4
3
7
8
10
15
24
34
46
54
63
64
63
58
52
49
47
45
48
52
56
62
69
71
69
62
57
52
51
51
51
51
45
32
15
2
-7
-12
-17
-22
-24
-27
-30
-31
-30
-27
-29
-33
-37
-42
-45
-47
-48
-44
-42
-41
-42
-43
-45
-48
-51
-52
-48
-42
-38
-33
-32
-33
-39
-46
-46
-46
-41
-33
-27
-20
-15
-10
-6
-3
-2
-2
2
12
22
34
45
52
55
55
53
51
50
49
48
47
48
49
51
50
45
38
31
24
20
18
17
19
19
19
16
12
7
2
-2
-4
1
4
6
4
0
-4
-9
-13
-16
-18
-22
-25
-28
-33
-39
-43
-46
-48
-49
-48
-47
-46
-43
-39
-35
-32
-27
-29
-31
-32
-30
-26
-23
-21
-22
-19
-17
-16
-16
-16
-17
-16
-13
-8
-1
7
16
24
32
40
47
50
54
59
64
69
76
82
87
89
86
79
70
61
53
48
45
44
40
33
25
18
11
4
-2
-5
-6
-4
-2
-1
0
-5
-10
-19
-27
-34
-38
-38
-38
-36
-36
-41
-50
-62
-72
-78
-82
-82
-80
-78
-71
-61
-52
-45
-43
-46
-49
-50
-47
-40
-32
-18
-4
4
8
8
6
2
-2
-2
-1
4
11
21
30
39
46
50
50
49
50
54
61
72
82
88
91
87
78
68
55
47
37
31
28
27
28
24
16
7
-2
-8
-13
-13
-7
3
11
14
14
10
2
-5
-11
-16
-20
-26
-29
-34
-37
-45
-54
-63
-71
-77
-76
-72
-67
-60
-54
-46
-40
-37
-37
-42
-43
-45
-45
-37
-26
-18
-12
-10
-11
-11
-14
-15
-11
-7
-4
0
8
16
21
25
28
32
37
40
47
57
66
70
69
67
60
52
45
40
40
41
42
42
41
37
30
22
14
7
2
2
5
14
19
18
13
3
-8
-18
-25
-26
-26
-25
-26
-26
-32
-39
-48
-55
-59
-57
-52
-45
-35
-26
-20
-16
-12
-7
-7
-7
-7
-7
-8
-9
-5
-1
0
-3
-5
-7
-8
-7
-7
-5
-3
0
3
5
9
14
18
22
26
30
35
38
45
52
58
59
59
54
44
36
29
27
25
22
19
17
11
1
-9
-17
-22
-25
-25
-22
-17
-12
-11
-12
-15
-19
-21
-21
-16
-10
-2
3
2
-4
-11
-24
-34
-41
-45
-45
-43
-41
-37
-33
-29
-28
-27
-25
-23
-18
-16
-12
-8
-2
0
-1
-4
-9
-11
-14
-16
-11
-7
-4
0
1
4
5
6
8
12
14
18
22
27
35
41
43
42
38
32
24
20
18
23
29
33
34
30
21
10
-2
-8
-11
-9
-4
5
13
15
11
6
2
1
0
2
7
14
19
18
15
5
-6
-20
-29
-32
-31
-28
-25
-17
-11
-9
-9
-10
-14
-14
-11
-5
2
9
16
21
24
22
16
8
3
0
1
4
10
12
10
5
0
-6
-12
-17
-14
-8
-4
0
4
6
8
6
3
-3
-7
-12
-16
-15
-9
-4
-4
-7
-12
-19
-29
-40
-44
-42
-40
-37
-30
-21
-15
-12
-12
-11
-9
-7
-5
-1
6
12
13
10
6
0
-7
-12
-12
-8
-5
-2
4
12
19
20
22
24
24
24
27
31
35
35
34
36
37
34
29
25
22
19
17
15
16
16
13
9
6
7
7
9
11
15
17
16
18
20
18
12
2
-6
-16
-25
-31
-30
-26
-25
-26
-23
-19
-19
-21
-24
-25
-21
-18
-13
-5
1
4
-3
-11
-20
-27
-33
-35
-31
-25
-20
-15
-12
-11
-14
-20
-26
-31
-33
-30
-22
-11
3
14
21
26
24
20
17
17
20
22
22
23
24
24
21
18
13
8
3
3
8
14
20
23
26
29
29
28
27
27
26
24
28
32
36
36
26
13
-2
-17
-25
-29
-31
-31
-33
-31
-28
-27
-27
-29
-32
-33
-32
-29
-23
-16
-10
-10
-12
-13
-14
-20
-31
-37
-34
-25
-18
-14
-10
-3
-1
-5
-11
-11
-5
-1
-1
0
7
19
25
23
17
15
19
22
24
22
20
23
28
29
30
35
41
44
40
34
33
32
28
21
13
14
21
24
21
17
15
16
16
14
13
11
6
1
-8
-13
-15
-13
-13
-20
-28
-33
-36
-36
-37
-39
-35
-33
-30
-28
-26
-25
-24
-24
-25
-25
-25
-25
-25
-26
-25
-22
-16
-13
-11
-7
-4
-1
0
-2
-8
-12
-12
-15
-14
-12
-8
-1
4
7
6
1
-3
-8
-11
-11
-5
6
20
32
39
43
42
37
28
19
13
10
13
22
30
34
33
27
22
20
19
20
24
26
27
27
23
20
16
8
-4
-12
-17
-17
-13
-8
-3
0
0
0
1
0
0
3
9
16
22
25
21
12
-1
-12
-19
-22
-23
-22
-19
-16
-15
-17
-23
-28
-37
-42
-45
-44
-39
-34
-25
-14
-5
-2
0
1
-4
-10
-15
-14
-7
4
15
24
29
26
18
7
-4
-13
-18
-21
-14
-6
0
2
3
4
3
-1
-2
-3
1
6
14
21
26
23
15
3
-12
-22
-28
-27
-22
-15
-4
6
14
16
14
9
6
7
14
24
34
38
37
30
22
13
5
-1
-3
0
3
8
12
10
6
3
-2
-4
-5
-4
-2
6
16
25
30
31
26
16
4
-6
-13
-13
-11
-6
0
2
3
3
-1
-7
-14
-18
-18
-14
-9
-4
-2
-4
-12
-20
-26
-31
-35
-35
-31
-22
-15
-10
-6
-3
-7
-15
-22
-23
-26
-25
-21
-15
-13
-9
-5
-4
-3
-3
2
9
18
27
31
28
23
17
9
1
-5
-8
-14
-15
-14
-12
-13
-15
-14
-12
-6
1
4
8
11
14
18
26
32
33
31
27
20
15
13
13
13
12
10
7
3
2
5
10
13
16
19
20
21
19
16
14
9
3
-2
-2
-3
-3
-4
-3
-2
-4
-5
-7
-11
-11
-9
-4
-1
0
1
1
-1
-2
-1
0
2
7
11
15
16
12
9
2
-8
-17
-26
-31
-34
-35
-33
-32
-31
-30
-27
-23
-18
-12
-6
0
6
7
11
15
15
12
8
4
-1
-3
-1
4
10
14
17
13
7
-1
-7
-10
-13
-12
-7
1
9
14
11
7
4
-2
-5
-3
3
7
10
10
9
2
-8
-18
-23
-24
-20
-12
-4
3
6
7
7
5
2
-1
-3
-2
1
6
12
12
7
0
-11
-20
-24
-22
-18
-12
-7
-2
1
1
-1
-2
-1
2
7
11
13
13
17
19
19
16
12
11
8
10
15
20
24
26
28
29
30
25
19
13
8
2
-3
-5
-1
4
4
1
-1
-3
-6
-11
-13
-13
-14
-17
-19
-19
-20
-24
-26
-31
-37
-41
-38
-32
-27
-21
-18
-15
-13
-15
-19
-22
-22
-21
-21
-20
-17
-16
-14
-16
-16
-19
-22
-24
-23
-20
-15
-7
2
11
18
23
30
34
39
38
36
37
42
45
47
49
50
49
45
40
35
29
22
18
17
21
22
28
33
35
31
21
11
0
-12
-20
-24
-21
-17
-15
-15
-15
-16
-18
-20
-21
-19
-17
-12
-8
-6
-8
-12
-16
-21
-29
-33
-37
-37
-35
-28
-19
-8
1
7
9
6
2
-5
-11
-15
-15
-18
-15
-11
-8
-8
-9
-9
-9
-9
-7
1
13
25
36
41
43
40
35
27
22
18
15
12
14
14
13
12
10
10
8
4
3
5
9
14
15
17
15
10
4
-1
-4
-8
-13
-18
-21
-22
-23
-22
-18
-14
-13
-10
-7
-3
-3
-6
-9
-9
-11
-12
-13
-14
-16
-23
-29
-32
-34
-32
-29
-24
-16
-9
-3
0
-1
-4
-9
-13
-15
-14
-13
-11
-6
-3
3
7
11
14
15
12
16
21
29
35
42
45
49
45
40
34
28
24
22
23
26
34
40
44
42
38
31
24
19
14
8
3
1
-5
-9
-16
-22
-26
-32
-36
-37
-36
-33
-31
-29
-25
-20
-19
-19
-22
-21
-18
-16
-15
-14
-16
-20
-20
-22
-21
-20
-24
-28
-31
-30
-26
-20
-15
-11
-5
-2
1
3
4
3
1
3
6
8
13
15
15
16
18
26
34
43
48
50
49
47
43
37
32
28
23
19
13
10
8
8
6
5
6
13
14
11
6
1
-2
-8
-12
-18
-22
-28
-35
-38
-38
-35
-31
-29
-25
-22
-20
-21
-23
-22
-18
-13
-7
0
7
9
6
0
-4
-8
-11
-13
-10
-5
-2
0
1
1
2
2
2
4
9
12
12
14
15
14
8
1
-4
-10
-18
-21
-19
-13
-4
3
11
13
14
15
15
16
14
13
13
16
19
21
20
15
10
2
-5
-10
-10
-7
-5
1
7
12
12
7
2
-4
-12
-21
-24
-22
-16
-9
-5
-4
-5
-10
-15
-18
-20
-20
-16
-5
11
24
31
29
26
19
11
3
1
2
5
9
16
22
26
24
16
8
2
-2
-2
1
6
11
13
12
9
2
-8
-21
-30
-33
-30
-23
-14
-3
3
7
4
-1
-6
-9
-11
-8
-2
5
8
7
3
-4
-14
-22
-26
-25
-20
-14
-9
-5
-6
-10
-16
-22
-26
-25
-21
-11
0
6
9
11
10
8
2
-5
-12
-15
-12
-3
9
20
27
28
25
20
13
8
5
6
11
22
32
37
37
31
20
9
-2
-4
-2
4
12
20
26
25
19
8
-2
-11
-18
-19
-18
-14
-10
-8
-7
-11
-19
-27
-31
-29
-23
-14
-4
4
6
7
5
4
1
-2
-5
-7
-6
-2
-1
0
-2
-6
-12
-16
-20
-19
-15
-9
-2
3
7
8
7
5
-1
-6
-9
-7
-3
3
9
15
17
14
9
4
3
4
7
13
18
23
27
27
25
20
14
10
9
8
10
13
14
15
12
6
2
-2
-5
-7
-7
-9
-10
-13
-17
-23
-28
-33
-36
-34
-28
-22
-15
-10
-9
-8
-8
-6
-6
-5
-4
0
4
8
12
13
12
8
2
-5
-11
-14
-14
-11
-8
-5
-4
-4
-2
-2
-4
-5
-2
3
9
17
24
27
25
18
9
-1
-5
-5
-2
5
12
18
20
18
15
8
1
-5
-6
-3
-1
1
3
6
8
8
6
6
8
10
16
20
24
22
19
13
6
-2
-8
-14
-17
-15
-12
-12
-14
-15
-16
-18
-18
-15
-14
-13
-10
-8
-6
-6
-8
-9
-10
-7
-5
-3
-1
1
0
-4
-7
-10
-14
-18
-20
-20
-15
-11
-6
-2
-1
-2
-3
-4
-2
3
7
12
14
14
14
12
9
5
5
7
10
14
16
17
17
13
7
4
0
-1
-1
2
5
9
15
19
21
23
19
15
11
9
7
7
7
8
10
10
8
5
-1
-6
-9
-11
-9
-7
-3
-2
-2
-5
-7
-10
-13
-16
-19
-18
-14
-8
-2
1
1
-4
-8
-13
-19
-22
-24
-22
-20
-16
-13
-9
-8
-8
-9
-9
-7
-4
3
8
13
16
13
11
6
1
-4
-6
-6
-2
3
7
12
13
11
9
4
3
3
5
7
8
8
7
6
4
0
-3
-4
-3
0
1
4
5
3
3
0
-4
-4
-5
-6
-7
-6
-6
-5
-5
-4
-4
-3
-4
-1
-1
-2
-1
2
7
11
13
15
16
16
14
11
7
4
1
-3
-5
-5
-5
-3
-3
-2
-1
3
5
8
10
12
13
11
11
9
5
-1
-5
-8
-9
-10
-10
-9
-6
-4
-2
0
2
2
1
1
1
3
2
1
0
1
1
2
1
1
1
0
-1
-2
-1
0
0
3
2
-1
-4
-6
-8
-9
-12
-11
-9
-6
-3
-3
-5
-9
-12
-12
-12
-10
-10
-9
-6
-5
-5
-7
-10
-12
-14
-14
-13
-12
-10
-9
-8
-7
-7
-5
-2
2
7
8
11
13
15
16
16
16
16
16
15
15
14
13
12
10
10
10
12
15
17
18
18
16
11
6
2
2
3
4
7
9
11
11
10
5
2
-1
-4
-6
-5
-4
-1
0
-1
-4
-10
-16
-18
-18
-15
-14
-13
-10
-11
-9
-10
-9
-9
-9
-8
-7
-4
-3
-2
-3
-2
-1
1
0
-2
-2
-1
1
2
5
6
5
6
5
5
2
2
-1
-3
-1
-1
-1
2
5
6
7
7
6
7
8
9
8
10
10
12
10
6
-1
-5
-8
-9
-9
-8
-8
-7
-9
-8
-6
-6
-7
-8
-8
-8
-7
-7
-6
-5
-4
-3
-3
-3
-5
-8
-12
-12
-11
-9
-7
-4
-1
4
5
5
3
1
0
-2
1
4
6
14
18
18
18
17
15
12
11
10
11
12
14
14
13
11
8
4
1
0
-2
-3
-2
-2
1
3
3
4
3
2
-1
-1
0
1
2
2
5
5
5
4
1
-1
-3
-5
-7
-8
-10
-11
-13
-17
-19
-22
-22
-21
-19
-17
-13
-10
-8
-8
-6
-6
-7
-7
-7
-6
-5
-6
-6
-6
-4
-5
-5
-5
-6
-7
-7
-7
-4
-1
1
2
2
4
6
9
11
11
12
15
16
19
20
20
18
17
18
19
20
23
24
24
24
21
17
12
9
6
5
2
2
0
-3
-4
-8
-10
-12
-13
-12
-10
-9
-6
-4
-3
-2
-4
-8
-12
-16
-17
-16
-15
-15
-15
-14
-12
-13
-14
-17
-18
-17
-18
-15
-13
-13
-11
-9
-9
-9
-6
-5
-1
1
4
8
11
15
19
21
24
25
25
25
24
22
19
18
18
20
20
18
15
12
10
8
8
8
11
11
11
14
14
12
9
5
0
-4
-6
-7
-9
-9
-11
-12
-13
-13
-12
-12
-14
-15
-15
-16
-16
-17
-18
-20
-21
-21
-22
-22
-23
-23
-22
-22
-21
-19
-17
-15
-14
-14
-15
-16
-18
-18
-17
-15
-14
-12
-10
-6
0
7
14
19
20
20
20
23
26
29
32
35
36
37
39
38
33
26
17
12
7
7
6
7
9
10
10
11
12
12
11
11
11
15
18
22
25
23
18
12
5
-2
-5
-7
-8
-8
-9
-10
-11
-13
-17
-23
-29
-32
-32
-30
-25
-23
-21
-19
-19
-20
-21
-21
-20
-18
-16
-12
-10
-6
-5
-7
-11
-14
-16
-16
-15
-14
-12
-9
-7
-5
-3
-2
-2
0
1
4
10
15
20
23
26
26
26
25
22
21
20
19
18
17
17
18
17
17
16
14
11
10
9
7
8
9
10
12
10
10
8
6
2
-2
-7
-10
-14
-16
-17
-18
-18
-19
-22
-23
-22
-23
-23
-21
-18
-13
-12
-8
-8
-7
-8
-9
-12
-12
-12
-11
-7
-5
-2
-1
-1
-3
-4
-3
-1
2
3
4
4
3
3
3
2
4
5
6
7
10
11
13
16
19
20
21
20
21
23
25
25
23
20
17
14
13
10
7
6
3
2
2
4
5
4
3
3
2
2
1
-1
0
-1
-2
-3
-6
-7
-8
-11
-13
-12
-13
-11
-11
-9
-9
-11
-14
-16
-18
-20
-22
-23
-24
-25
-26
-27
-24
-24
-20
-20
-18
-17
-17
-15
-13
-11
-9
-8
-7
-5
-5
-5
-5
-4
-2
2
7
11
14
16
17
17
19
20
21
22
24
25
26
26
27
26
24
24
21
20
17
18
19
21
20
20
20
20
19
17
14
14
12
13
13
15
17
16
13
8
4
-2
-4
-7
-6
-7
-10
-13
-18
-24
-29
-34
-36
-38
-37
-36
-34
-32
-31
-31
-30
-28
-27
-25
-22
-19
-16
-14
-13
-13
-12
-13
-13
-12
-10
-7
-5
-4
-2
-2
-1
0
0
1
3
5
9
11
14
17
19
21
21
20
20
21
20
21
22
23
22
22
20
19
19
19
16
15
13
11
12
12
13
12
10
7
3
0
0
1
4
6
6
6
7
7
6
4
0
-5
-10
-13
-14
-12
-13
-13
-13
-14
-14
-15
-14
-14
-13
-12
-10
-7
-6
-5
-5
-4
-4
-6
-9
-12
-14
-16
-17
-15
-14
-13
-14
-15
-15
-15
-16
-15
-13
-12
-6
-3
-1
1
4
4
4
4
6
7
9
11
14
16
17
17
15
14
11
10
10
10
9
9
9
10
11
12
10
11
10
11
12
14
17
21
22
21
21
19
16
12
8
4
1
-2
-5
-7
-7
-8
-8
-10
-12
-13
-16
-16
-15
-13
-10
-9
-9
-10
-12
-15
-16
-19
-20
-23
-23
-22
-20
-18
-16
-14
-13
-16
-15
-15
-15
-14
-12
-7
-4
-2
0
2
3
5
6
6
7
9
9
11
14
15
18
18
19
18
17
17
17
16
16
15
13
13
10
9
10
12
13
13
14
14
15
16
18
20
19
17
14
11
9
6
4
1
-3
-8
-10
-12
-13
-14
-14
-13
-14
-13
-12
-12
-11
-10
-10
-12
-12
-11
-10
-10
-10
-10
-11
-12
-13
-14
-13
-10
-7
-6
-5
-5
-7
-8
-7
-7
-7
-7
-7
-7
-6
-5
-5
-6
-6
-5
-4
-1
0
3
6
8
10
12
12
9
7
5
3
3
2
2
1
-1
-3
-5
-4
-3
-2
-1
2
4
7
11
16
19
20
20
20
20
20
17
16
14
12
11
8
5
1
-3
-7
-10
-11
-11
-10
-9
-6
-6
-5
-4
-3
-2
-3
-3
-4
-3
-1
1
0
1
0
-4
-8
-10
-10
-10
-8
-6
-5
-5
-6
-8
-10
-11
-10
-10
-8
-5
-3
3
7
11
13
13
14
16
18
18
18
16
14
12
11
9
7
2
0
-2
-6
-7
-8
-9
-9
-8
-4
-2
2
4
1
-1
-1
-2
-3
-1
-2
-3
-3
-5
-7
-9
-10
-12
-14
-14
-13
-12
-9
-8
-7
-7
-8
-11
-10
-11
-9
-6
-4
-1
1
3
4
5
6
6
5
4
5
7
11
16
18
19
18
15
12
11
12
12
14
16
17
17
15
14
10
6
2
-1
-1
-1
-1
1
0
-1
-2
-5
-7
-10
-11
-11
-11
-10
-11
-10
-8
-7
-6
-7
-9
-10
-14
-15
-15
-15
-13
-10
-9
-8
-8
-11
-12
-11
-9
-6
-1
1
4
7
6
7
7
7
5
4
4
8
9
11
12
13
12
10
7
8
9
10
11
12
12
14
13
12
10
7
4
1
1
2
3
4
4
2
1
-1
-3
-5
-7
-8
-9
-7
-6
-4
-3
-4
-7
-9
-11
-13
-12
-12
-11
-8
-6
-6
-7
-9
-10
-11
-11
-8
-6
-4
-3
-2
-2
-3
-3
-5
-6
-6
-6
-3
0
1
4
5
5
5
5
6
6
6
7
8
10
11
13
15
14
12
11
8
7
5
6
8
11
12
11
10
6
2
1
0
0
1
2
2
0
-2
-4
-4
-5
-4
-3
-2
-2
-1
0
0
2
2
3
2
2
-1
-2
-5
-7
-9
-10
-11
-11
-11
-11
-12
-13
-13
-13
-13
-11
-9
-6
-5
-4
-3
-3
-4
-3
-1
0
2
1
-1
-2
-4
-5
-4
-3
-4
-3
-3
-5
-4
-4
-3
-2
-1
1
4
6
9
10
10
11
12
12
14
16
17
17
17
16
17
15
14
12
11
11
9
9
8
7
7
5
3
3
3
1
1
2
2
0
-1
-2
-2
-4
-6
-7
-8
-9
-10
-10
-11
-12
-14
-17
-18
-19
-17
-16
-15
-16
-15
-15
-16
-15
-15
-12
-12
-11
-8
-6
-4
-2
-1
1
1
2
0
0
1
1
3
5
9
10
11
11
10
10
9
10
12
15
17
18
19
18
16
15
13
12
11
11
11
12
11
10
8
5
2
-1
-3
-4
-5
-5
-6
-7
-7
-8
-10
-11
-12
-12
-12
-12
-12
-12
-9
-8
-5
-3
-2
-3
-2
-1
0
1
-1
-3
-4
-6
-8
-9
-10
-10
-11
-12
-12
-12
-12
-9
-7
-3
-1
1
1
2
3
4
7
8
10
13
13
14
14
14
14
12
12
10
11
11
11
9
9
7
6
6
6
6
3
1
0
0
1
2
2
3
3
3
3
4
5
6
6
7
6
5
3
-2
-5
-8
-12
-14
-16
-16
-18
-20
-21
-19
-15
-12
-9
-6
-5
-5
-6
-6
-6
-3
-3
-1
0
0
-3
-5
-7
-9
-10
-10
-10
-8
-7
-5
-1
2
4
8
10
12
12
12
13
14
15
15
16
16
12
11
7
5
6
4
4
3
1
0
-3
-4
-4
-3
-4
-4
-3
-1
0
0
1
2
4
5
4
3
2
0
-2
-5
-7
-10
-9
-8
-9
-10
-9
-9
-8
-9
-9
-8
-6
-6
-4
-4
-2
-1
2
2
3
5
7
9
9
9
9
8
7
5
4
-1
-4
-4
-4
-2
-1
2
5
8
11
13
14
16
16
15
14
16
17
19
19
16
12
7
4
1
-1
-2
-4
-3
-1
0
-2
-5
-7
-13
-17
-20
-24
-24
-24
-24
-23
-22
-20
-18
-17
-15
-14
-12
-12
-10
-9
-6
-6
-5
-4
-6
-6
-8
-10
-10
-10
-7
-4
0
5
7
10
10
11
12
12
13
15
17
18
17
19
19
18
19
18
19
19
18
17
17
17
17
17
16
15
14
11
9
5
2
0
-3
-3
-4
-3
-2
-3
-4
-8
-12
-13
-16
-17
-16
-16
-15
-15
-15
-16
-17
-19
-20
-20
-20
-18
-16
-15
-15
-16
-15
-14
-13
-12
-11
-10
-7
-4
-2
2
2
3
4
3
3
4
3
3
4
5
6
9
12
14
14
13
12
11
14
15
17
19
20
22
23
22
22
21
21
19
21
19
19
19
18
18
17
15
14
11
7
3
-1
-4
-6
-9
-11
-13
-13
-14
-15
-18
-18
-19
-21
-21
-18
-16
-16
-16
-16
-16
-16
-16
-17
-18
-20
-21
-22
-22
-21
-22
-23
-23
-21
-19
-17
-15
-14
-12
-11
-11
-8
-4
-3
-2
-1
2
6
9
12
16
18
18
20
22
22
22
20
19
17
17
17
17
18
17
17
15
15
17
19
20
23
25
27
25
24
22
20
18
16
13
9
6
4
2
1
0
-1
-3
-4
-7
-9
-11
-14
-17
-19
-21
-21
-20
-20
-19
-19
-19
-19
-17
-15
-15
-14
-12
-12
-12
-13
-13
-14
-15
-15
-18
-19
-19
-21
-20
-19
-18
-17
-15
-14
-12
-12
-10
-8
-6
-4
-1
1
4
7
9
13
16
17
18
19
21
22
24
24
26
26
25
25
24
22
22
21
22
24
24
25
23
22
21
20
19
19
17
15
13
12
9
5
2
-1
-3
-4
-6
-8
-12
-16
-19
-20
-21
-20
-21
-22
-25
-27
-27
-27
-27
-25
-23
-21
-20
-20
-20
-21
-23
-22
-19
-16
-14
-13
-11
-11
-12
-13
-13
-12
-12
-8
-4
0
2
5
8
10
15
18
23
26
27
26
26
25
24
23
22
20
19
18
17
16
15
13
10
8
7
8
9
8
6
4
2
0
0
0
0
-2
-2
-3
-3
-2
-2
-2
-2
-4
-5
-6
-8
-9
-11
-12
-13
-11
-10
-9
-8
-7
-9
-9
-8
-8
-5
-3
1
4
3
4
4
3
4
4
3
3
3
0
-1
-2
-4
-5
-6
-6
-6
-8
-7
-6
-6
-6
-4
-3
-2
-1
1
1
0
0
1
0
0
0
1
1
1
-1
-3
-4
-4
-3
-3
-1
0
1
3
3
4
4
4
5
6
8
9
8
8
8
9
9
9
8
9
8
6
5
4
3
3
2
0
0
-1
-1
-3
-3
-5
-5
-5
-4
-4
-3
-3
-3
-3
-4
-3
-1
-1
-2
-2
-3
-5
-6
-8
-9
-10
-10
-9
-9
-7
-7
-6
-4
-3
-1
0
2
5
6
6
7
5
5
5
4
2
2
2
1
1
1
1
3
5
5
3
1
0
0
-1
-1
1
2
2
1
1
0
2
2
3
6
8
10
11
10
9
7
7
6
7
6
6
5
5
4
3
2
0
0
-1
-3
-5
-6
-8
-10
-11
-11
-10
-9
-10
-8
-9
-9
-7
-3
-1
-1
-1
-1
-2
-3
-4
-3
-4
-4
-3
-2
-3
-3
-4
-4
-5
-4
-4
-3
-4
-4
-5
-6
-5
-4
-4
-2
-2
0
3
4
5
4
2
3
2
3
4
5
5
3
2
2
2
3
2
2
3
4
6
7
6
