-6
-4
-4
-4
-3
-4
-3
-5
-7
-7
-4
-3
-2
0
0
2
3
3
2
2
5
5
7
10
9
9
8
7
7
6
6
4
2
0
-3
-5
-3
-4
-2
-1
-3
-4
-4
-5
-5
-5
-3
-2
-1
-1
-3
-3
-4
-5
-4
-2
-1
0
0
-2
0
-1
-1
-3
-3
-2
-3
-5
-6
-6
-7
-9
-10
-9
-7
-6
-4
-3
0
3
6
8
11
13
13
13
12
12
13
13
12
12
13
13
11
11
9
10
9
6
6
7
7
7
7
6
6
6
7
5
7
9
7
4
2
-1
-3
-6
-10
-12
-12
-15
-17
-16
-14
-13
-11
-11
-9
-7
-6
-8
-10
-11
-12
-13
-15
-18
-16
-16
-14
-13
-10
-6
-4
-4
-4
-2
-1
-4
-4
-5
-7
-8
-9
-8
-5
-2
0
0
2
4
9
11
14
15
17
18
16
15
16
16
16
16
14
15
16
15
16
15
18
18
17
12
10
6
1
-4
-8
-7
-6
-5
-4
-3
-2
-3
-5
-7
-8
-7
-7
-8
-9
-8
-7
-6
-4
-2
1
2
2
-2
-4
-5
-7
-8
-8
-7
-6
-7
-7
-7
-7
-8
-9
-9
-5
-5
-5
-4
-5
-5
-3
-2
-2
-2
-2
-1
-2
1
3
5
6
5
8
10
10
10
11
11
10
11
9
10
12
11
9
9
9
9
7
4
4
4
3
4
5
3
4
2
4
2
3
3
1
0
-2
-4
-7
-8
-9
-7
-6
-8
-9
-11
-12
-13
-14
-13
-11
-10
-10
-11
-13
-14
-14
-15
-16
-17
-17
-16
-14
-13
-11
-8
-7
-5
-6
-5
-4
-3
-3
1
3
4
4
7
8
11
12
17
20
22
24
23
23
23
23
23
24
24
25
24
21
18
16
14
14
12
12
12
9
6
4
4
2
2
3
3
2
-1
-3
-7
-9
-10
-12
-12
-12
-13
-13
-12
-12
-12
-13
-14
-14
-15
-16
-18
-20
-23
-25
-26
-23
-23
-23
-19
-18
-15
-13
-11
-7
-5
-4
-4
-4
-2
-2
0
-2
-2
0
0
2
5
9
12
15
14
14
15
18
19
17
16
17
15
13
11
8
6
7
6
6
8
8
9
8
8
9
10
8
6
5
3
1
0
0
-2
-2
-4
-6
-7
-8
-8
-8
-7
-7
-8
-8
-9
-8
-7
-6
-4
-5
-5
-4
-3
-4
-3
-4
-5
-6
-8
-6
-6
-7
-5
-3
-2
0
0
1
3
4
5
7
9
11
10
8
7
6
5
4
3
4
5
6
6
6
8
8
9
7
6
5
5
5
5
4
3
3
1
0
1
0
-1
-1
-3
-3
-4
-4
-4
-5
-5
-4
-2
-2
-1
-3
-4
-5
-6
-8
-7
-6
-5
-5
-6
-6
-8
-7
-6
-5
-4
-4
-4
-6
-9
-10
-11
-10
-11
-8
-6
-6
-6
-4
-2
0
3
3
3
2
0
-2
-1
1
1
2
3
5
3
4
4
5
6
6
6
6
9
7
8
7
6
7
5
6
6
6
7
7
10
12
14
15
14
11
10
10
9
9
8
8
5
2
0
1
2
4
5
6
7
6
6
6
3
2
3
1
-2
-4
-5
-7
-8
-10
-11
-11
-11
-13
-16
-17
-20
-22
-23
-25
-24
-24
-23
-22
-22
-21
-20
-19
-19
-18
-14
-12
-10
-11
-10
-7
-4
-2
1
3
5
8
9
9
10
11
14
16
17
18
17
18
17
16
15
17
16
16
16
17
19
20
20
20
21
20
18
16
14
14
12
10
6
3
2
-1
-3
-5
-6
-7
-11
-11
-12
-12
-11
-9
-8
-6
-4
-4
-5
-6
-7
-8
-9
-11
-13
-14
-12
-9
-7
-3
-1
0
0
-1
-1
-2
-3
-4
-5
-5
-4
-5
-4
-5
-5
-4
-4
-3
0
2
3
4
4
2
2
1
0
0
0
1
2
2
4
6
7
7
6
6
3
2
1
-3
-3
-1
-1
0
3
4
6
9
9
9
9
11
10
9
9
8
7
6
5
4
3
1
-1
-2
-5
-5
-6
-7
-7
-9
-10
-14
-17
-18
-20
-21
-20
-18
-16
-13
-10
-9
-7
-6
-3
-2
-1
0
0
1
1
0
0
0
1
-1
0
1
4
6
6
8
11
11
11
12
12
14
15
17
18
19
20
17
15
13
11
10
7
5
7
7
8
8
7
8
8
4
-1
-5
-8
-10
-11
-11
-11
-10
-9
-10
-9
-10
-10
-10
-11
-11
-11
-11
-11
-14
-14
-14
-13
-12
-11
-9
-7
-6
-5
-7
-6
-6
-5
-5
-5
-5
-5
-5
-5
-3
-1
1
2
2
5
10
15
17
16
16
16
14
14
14
14
15
13
10
8
7
7
7
6
7
7
6
5
3
3
4
3
3
3
1
-1
-2
-1
0
1
3
4
4
5
4
5
5
4
4
5
3
2
2
0
-3
-7
-9
-10
-11
-13
-15
-16
-17
-18
-18
-18
-16
-17
-16
-15
-15
-15
-15
-15
-14
-15
-13
-12
-11
-10
-10
-8
-6
-5
-3
-3
-3
-2
-2
-1
-1
0
3
4
6
6
9
10
12
12
14
15
15
15
16
17
18
18
17
17
16
15
15
13
14
14
14
14
13
12
10
8
5
3
0
0
-2
-3
-2
-2
-2
-2
0
-2
-2
-3
-6
-5
-5
-6
-8
-9
-7
-7
-8
-7
-7
-5
-7
-7
-7
-4
-3
-4
-7
-9
-11
-12
-13
-13
-11
-7
-5
-4
0
1
1
0
-1
-3
-3
-3
-4
-3
-2
-1
-1
1
3
4
5
7
6
7
7
8
11
10
10
11
10
10
8
8
7
6
4
4
3
2
4
2
2
0
-1
0
-1
-2
-1
-1
-2
-3
-4
-6
-7
-8
-8
-9
-8
-7
-7
-7
-7
-8
-7
-6
-6
-5
-5
-5
-7
-7
-7
-6
-4
-4
-3
-5
-5
-7
-7
-6
-4
-2
0
1
3
2
3
2
3
5
5
8
9
10
12
13
14
15
14
12
10
9
7
7
7
7
5
5
5
6
7
6
4
4
2
2
1
1
2
0
-1
-1
-3
-5
-4
-3
-2
0
2
2
2
1
-1
-3
-7
-8
-8
-9
-9
-9
-9
-8
-6
-4
-4
-3
-1
0
0
0
-1
-1
-1
-3
-4
-6
-9
-10
-12
-11
-10
-10
-8
-7
-6
-4
-3
-3
-2
-1
0
2
3
5
6
7
9
7
7
5
5
3
2
1
1
2
1
3
4
3
5
5
7
7
8
9
9
9
10
8
8
6
4
4
4
5
7
8
7
6
5
1
0
0
0
-1
-1
-1
-2
-3
-6
-6
-6
-8
-7
-7
-9
-6
-8
-8
-8
-7
-6
-6
-5
-4
-3
-4
-5
-4
-6
-7
-8
-8
-7
-5
-4
-2
-2
-1
0
0
2
3
4
5
4
2
2
1
2
4
4
5
5
5
2
2
2
4
5
6
6
6
6
5
4
5
3
3
3
2
0
1
-1
-3
-3
-5
-5
-6
-5
-5
-3
-1
-1
-2
0
-1
-2
-4
-4
-4
-3
-4
-3
-3
-1
1
1
1
0
-1
-1
-1
0
1
2
2
0
-3
-4
-4
-3
0
3
5
7
7
8
9
7
6
6
4
4
2
2
3
3
4
2
2
1
1
1
-1
0
-1
-1
-1
-3
-2
-2
-2
-1
-1
0
0
1
2
0
1
0
-1
-2
-3
-1
-1
-1
-1
-1
-1
-1
0
-2
-2
-1
-1
-1
-3
-4
-4
-5
-5
-6
-5
-3
-3
-2
-3
-3
-1
-1
-1
0
0
2
1
1
2
2
2
1
1
0
-2
-3
-4
-3
-3
-2
0
1
1
0
0
0
0
-1
2
3
5
7
7
7
6
3
1
1
2
2
2
2
1
3
2
3
2
4
3
3
3
3
4
3
1
0
-1
0
-2
-2
-4
-3
-2
-1
-2
-1
-1
-1
-2
-3
-3
-3
-5
-5
-5
-5
-5
-3
-3
-3
-4
-1
-2
-4
-4
-3
-3
-4
-4
-3
-2
-3
-2
0
0
0
1
-1
0
2
2
2
3
2
1
1
0
1
2
3
3
4
5
3
6
5
5
7
6
6
7
7
6
6
7
5
5
4
4
3
4
4
2
3
0
1
1
2
3
2
0
-1
-3
-3
-5
-6
-5
-5
-5
-6
-6
-5
-6
-4
-4
-3
-2
-3
-3
-3
-6
-6
-6
-7
-6
-6
-6
-4
-5
-6
-7
-9
-10
-11
-9
-7
-5
-2
1
2
2
2
3
2
3
3
3
4
4
3
3
5
5
6
5
4
6
4
4
6
5
6
7
7
8
7
5
5
3
0
0
-1
-1
0
1
2
5
5
3
2
1
-2
-2
-2
0
4
5
7
6
4
1
-1
-2
-3
-4
-4
-3
-1
-1
-2
-4
-7
-8
-10
-9
-8
-7
-7
-5
-3
-3
-2
-3
-3
-4
-4
-1
1
4
6
8
9
9
8
7
4
1
-2
-2
-2
-2
-2
0
1
1
1
0
-1
-2
-1
-2
-1
0
1
2
3
5
3
1
0
0
-1
0
0
1
5
6
5
4
2
-1
-3
-5
-5
-4
-2
0
2
3
3
2
1
-2
-5
-6
-6
-6
-6
-4
-5
-5
-4
-4
-3
-1
-1
0
0
1
2
2
1
0
0
-2
-3
-3
-4
-4
-3
-3
-1
0
2
4
4
3
3
1
1
3
4
4
5
7
7
8
8
7
7
6
5
4
1
0
0
0
0
2
2
3
2
2
0
-2
-2
-1
-1
0
0
1
0
-1
-3
-5
-6
-6
-5
-5
-3
-3
-3
-2
-3
-3
-5
-5
-5
-6
-4
-5
-4
-4
-4
-4
-3
-3
-2
1
1
1
3
3
2
2
1
0
2
2
3
3
4
4
3
2
2
1
1
1
0
0
-1
-1
0
2
3
4
4
2
2
0
0
0
0
2
3
5
4
3
1
-1
-2
-1
0
2
4
4
4
1
0
-1
-3
-4
-4
-3
-2
-2
-1
-1
-1
1
1
2
1
2
2
1
1
2
1
1
-2
-3
-5
-6
-6
-5
-4
-3
-2
-1
-1
-2
-3
-4
-5
-4
-3
-2
0
2
3
3
4
3
2
1
-1
-2
-2
-2
-1
0
1
1
1
0
2
2
1
1
3
3
5
6
7
7
6
5
3
1
0
0
1
0
0
1
2
2
3
1
1
0
-2
-2
-4
-3
-2
-3
-2
-3
-3
-2
-3
-3
-4
-6
-6
-7
-6
-6
-6
-4
-4
-2
0
0
1
1
1
2
2
3
3
2
1
0
0
1
2
2
2
1
0
1
1
1
2
2
2
3
2
4
3
3
2
2
1
2
3
4
4
4
4
2
2
0
0
-1
-3
-2
-1
0
2
2
2
2
0
0
-1
-1
-1
-2
0
-2
-3
-3
-4
-4
-4
-3
-3
-2
-1
-1
0
-2
-2
-2
-2
-3
-2
-2
-2
-2
-2
-4
-4
-3
-2
-1
-2
0
1
1
1
2
3
2
3
3
3
4
4
4
4
4
4
3
2
0
-1
-2
-2
-2
-2
-1
-1
0
-2
-1
-1
-1
-1
-1
-1
0
0
1
2
1
1
1
0
-1
-1
0
-1
-1
-2
-3
-4
-2
-1
-2
-1
0
0
1
1
1
3
2
1
3
4
4
5
4
4
4
4
3
2
1
2
2
2
3
2
2
2
1
1
0
0
0
0
1
-1
-2
-2
-3
-3
-2
-3
-2
-3
-2
0
-1
-1
-1
0
-1
-1
0
0
-1
0
0
0
-1
-1
-2
-2
-3
-3
-2
-4
-3
-3
-4
-3
-3
-2
-2
-2
0
1
2
3
2
3
2
2
2
2
2
1
1
2
3
2
2
0
-1
-2
-2
-3
-4
-3
-3
-3
-3
-3
-3
-3
-2
-1
-1
0
1
2
2
2
3
3
3
2
3
2
2
1
1
1
0
0
0
0
0
-1
-2
-2
-2
-1
-2
0
0
1
2
3
5
5
6
6
5
5
4
5
6
5
7
6
6
5
4
3
2
0
0
-1
-2
-3
-2
-2
-3
-4
-5
-6
-6
-5
-6
-5
-4
-3
-3
-2
-1
-1
0
0
0
0
0
0
1
0
1
0
-1
-1
-2
-2
-2
-2
-2
-2
-2
-2
-3
-3
-3
-4
-3
-3
-3
-2
-1
1
1
1
1
1
0
1
2
2
3
3
2
1
1
0
0
0
0
0
0
-1
-1
-1
0
0
0
1
2
3
3
4
4
4
2
2
1
2
1
3
3
2
3
2
2
1
1
2
2
3
2
2
2
2
2
1
0
-2
-2
-2
-3
-2
-2
-1
-1
-2
-2
-2
-2
-2
-3
-2
-3
-3
-3
-3
-2
-3
-3
-3
-2
-2
-2
-1
-1
1
0
-1
-1
-1
-2
-1
-2
-2
0
0
0
0
0
0
1
1
1
1
2
2
2
1
1
0
0
0
2
2
2
3
3
3
3
4
4
4
4
3
3
2
2
1
1
1
2
1
2
1
1
0
0
-2
-2
-2
-3
-2
-2
-1
-1
-2
-4
-4
-4
-6
-4
-3
-1
-1
0
0
-1
-1
0
0
1
1
1
1
-1
0
0
0
0
1
1
2
2
4
3
3
2
2
1
2
1
2
2
0
0
-1
0
0
0
0
0
0
0
-1
-2
-3
-3
-4
-5
-4
-3
-3
-4
-3
-4
-5
-4
-4
-2
-3
-2
-1
-1
0
0
0
1
1
2
1
2
3
2
2
1
2
3
4
4
4
4
4
3
4
4
4
4
2
2
1
1
2
2
1
2
1
2
2
2
1
1
1
1
1
0
-1
-2
-2
-2
-2
-3
-5
-4
-4
-5
-4
-3
-4
-3
-3
-4
-5
-6
-5
-4
-3
-2
-1
-1
0
0
1
1
0
1
0
0
1
1
0
0
-1
-2
-1
0
0
0
1
2
1
3
3
3
3
4
4
4
4
4
5
4
4
5
6
5
4
5
4
4
3
1
0
-1
-1
-1
0
-1
-1
-1
-2
-3
-4
-4
-5
-5
-4
-3
-3
-2
-3
-3
-3
-4
-4
-3
-4
-3
-3
-2
-2
0
0
1
0
-1
0
0
-1
0
0
1
1
0
-1
-2
-3
-3
-2
-2
-1
-2
-1
-2
0
-1
0
0
0
0
0
1
1
0
0
-1
0
0
2
2
4
4
4
5
4
3
3
3
3
4
3
2
3
1
1
-1
-1
-2
-1
-1
-1
-1
-1
-1
-1
-1
-2
0
1
2
2
2
1
1
-1
-2
-1
0
-1
-1
-1
-1
-2
-1
-1
0
2
2
3
3
1
1
0
0
-2
-3
-3
-3
-3
-4
-4
-4
-4
-4
-5
-3
-3
-1
1
2
3
2
1
1
1
-1
0
0
0
0
0
0
1
-1
-1
-2
-2
-1
-2
-1
-1
-1
-2
0
1
2
3
4
5
4
4
3
3
4
5
5
4
5
4
3
3
2
2
0
0
-1
-1
-1
-1
-3
-2
-4
-3
-4
-4
-3
-3
-2
-1
-1
-2
-2
-3
-5
-4
-6
-4
-2
-2
-1
0
1
1
1
0
-1
-1
0
0
1
1
2
2
2
2
2
1
1
1
1
1
1
0
1
1
2
2
3
2
2
1
1
2
4
5
4
3
3
2
1
0
-3
-5
-7
-6
-6
-5
-5
-2
-1
-2
-1
1
1
0
0
-2
-2
-3
-1
0
1
2
3
1
1
0
-1
-1
0
1
1
1
1
-1
-2
-2
-1
-2
0
2
2
1
2
1
2
0
0
1
2
3
4
4
3
2
0
-1
-3
-3
-1
-1
1
0
0
1
0
-1
-2
-3
-3
-2
-2
1
2
4
5
5
6
5
4
4
3
2
3
2
2
1
0
-2
-3
-6
-8
-8
-8
-7
-5
-4
-3
-2
-2
-2
-2
-2
-2
-3
-1
0
1
1
0
-1
0
-2
-3
-3
-1
-1
3
4
5
6
6
5
4
4
3
2
1
1
0
0
0
-2
-1
-1
-1
-2
-1
-3
-2
-2
-2
-1
-1
-1
-2
-2
-1
-1
-1
-1
-1
-1
1
0
1
1
1
0
0
1
0
1
1
2
2
1
1
2
2
1
2
2
1
1
-1
-2
-3
-3
-3
-2
0
2
2
3
3
3
2
1
0
1
1
1
1
0
0
0
-1
-1
-2
-3
-2
-2
-2
-2
0
1
1
0
0
-1
-2
-2
-2
0
0
2
-1
1
1
1
1
0
-1
0
0
1
0
0
0
1
1
2
0
1
0
-1
-1
-1
-1
-1
-2
-2
-1
0
-1
-2
-3
-3
-3
-2
-1
-3
-4
-3
-2
-2
-1
0
2
2
2
3
3
3
3
4
4
6
5
5
2
1
1
0
-1
-1
0
1
2
1
2
2
2
1
1
2
0
-2
-3
-4
-3
-3
-1
0
0
1
2
3
3
3
3
3
3
2
1
1
0
1
0
-1
-2
-4
-6
-7
-6
-5
-3
-1
-1
1
0
0
0
0
2
3
3
5
6
6
4
3
0
-4
-8
-10
-13
-17
-19
-21
-22
-20
-18
-15
-11
-8
-4
0
5
8
12
14
15
15
15
15
13
12
11
9
7
6
4
2
0
-2
-5
-7
-7
-7
-6
-3
1
6
11
14
19
21
21
22
21
20
17
16
16
13
10
7
3
0
-6
-9
-12
-14
-17
-18
-19
-18
-17
-18
-18
-18
-15
-13
-11
-9
-5
-2
3
7
11
15
16
16
16
14
11
8
5
3
-1
-7
-11
-18
-25
-31
-36
-38
-38
-45
-52
-52
-47
-41
-36
-24
-9
-1
4
12
27
39
44
50
52
52
48
40
34
26
20
11
0
-12
-19
-24
-29
-34
-36
-32
-27
-25
-21
-12
-1
8
16
28
39
50
59
63
68
70
69
62
50
40
31
18
1
-10
-21
-31
-42
-51
-53
-57
-58
-57
-53
-47
-37
-28
-24
-13
0
8
14
21
30
34
37
40
41
42
39
35
25
16
7
-5
-16
-26
-31
-37
-44
-48
-50
-46
-41
-36
-25
-13
1
13
24
39
50
59
66
71
77
76
76
69
57
46
31
12
-12
-34
-57
-80
-99
-116
-133
-144
-148
-150
-154
-145
-118
-91
-66
-37
2
36
58
80
102
121
129
130
127
118
106
88
66
42
15
-12
-36
-62
-85
-96
-101
-103
-104
-96
-79
-60
-41
-14
19
54
83
113
143
166
183
190
188
178
158
133
101
66
31
-4
-37
-72
-99
-123
-143
-160
-174
-175
-170
-165
-154
-135
-112
-98
-75
-45
-20
8
32
63
88
105
125
137
143
141
137
117
90
67
35
-3
-37
-62
-87
-109
-120
-124
-122
-112
-94
-73
-52
-21
12
36
62
90
114
126
139
147
147
144
135
123
106
88
73
49
26
4
-15
-37
-55
-64
-73
-76
-74
-69
-61
-53
-47
-40
-38
-43
-52
-62
-75
-96
-116
-125
-134
-138
-138
-122
-105
-91
-62
-32
-3
20
49
70
76
77
72
62
45
23
10
-4
-19
-33
-44
-52
-61
-65
-65
-58
-49
-42
-24
-6
15
34
63
95
118
146
173
199
215
217
220
208
185
157
125
90
47
10
-24
-56
-81
-102
-114
-123
-128
-124
-118
-110
-98
-95
-91
-76
-72
-61
-49
-31
-19
-11
14
35
60
80
96
110
106
109
101
82
60
45
22
-14
-35
-48
-62
-77
-79
-69
-62
-48
-36
-26
-11
7
23
28
43
61
67
77
88
98
103
102
101
91
86
83
72
51
35
18
-11
-45
-76
-101
-125
-149
-183
-221
-246
-277
-320
-355
-364
-355
-349
-331
-287
-215
-145
-66
29
119
204
272
323
349
356
352
325
280
224
171
115
45
-23
-78
-121
-158
-191
-206
-201
-187
-176
-152
-106
-56
-7
49
116
187
249
304
353
386
398
400
383
340
287
231
161
79
-5
-78
-142
-202
-260
-302
-324
-333
-338
-340
-323
-293
-268
-252
-215
-164
-129
-87
-35
19
71
128
189
236
282
319
345
343
323
307
263
203
138
74
5
-59
-110
-163
-193
-206
-210
-203
-180
-137
-95
-56
-9
39
86
126
168
199
222
247
259
260
252
239
208
166
125
74
17
-41
-106
-170
-229
-279
-351
-436
-503
-573
-626
-671
-667
-631
-599
-526
-432
-305
-165
-17
149
294
427
518
580
615
608
580
522
446
352
245
141
33
-69
-165
-235
-298
-361
-393
-409
-412
-397
-360
-289
-206
-99
13
137
274
392
505
597
666
703
695
662
591
495
375
234
92
-65
-200
-323
-429
-507
-582
-605
-613
-611
-574
-524
-440
-364
-288
-195
-107
-3
85
188
283
374
469
520
566
596
609
585
541
481
384
284
151
22
-96
-207
-291
-373
-413
-421
-396
-354
-304
-213
-130
-44
48
117
183
238
285
303
309
326
314
301
270
232
206
149
90
13
-73
-149
-236
-333
-443
-544
-652
-784
-878
-936
-955
-916
-865
-774
-639
-477
-293
-92
136
351
547
684
776
841
852
824
758
660
539
414
276
122
-2
-114
-211
-293
-370
-415
-442
-458
-460
-438
-373
-293
-186
-64
77
247
392
540
674
767
836
854
825
752
649
514
320
126
-65
-244
-398
-552
-649
-705
-753
-771
-762
-722
-665
-595
-526
-448
-339
-241
-146
-31
107
247
383
510
636
754
821
866
875
835
760
642
486
307
133
-42
-208
-340
-447
-508
-534
-537
-498
-426
-335
-232
-130
-24
82
168
237
306
382
423
451
482
491
492
461
414
345
245
136
9
-124
-281
-486
-689
-909
-1114
-1265
-1372
-1389
-1379
-1338
-1221
-1055
-840
-598
-295
25
299
545
741
903
1010
1062
1077
1047
974
863
729
574
411
252
92
-50
-196
-326
-436
-530
-609
-658
-643
-596
-513
-380
-214
-2
214
434
657
854
1021
1119
1160
1148
1067
914
717
508
272
29
-191
-372
-540
-697
-804
-880
-946
-999
-1007
-985
-971
-931
-869
-788
-672
-515
-323
-104
128
372
612
827
1023
1183
1269
1283
1230
1110
935
720
490
245
7
-197
-374
-496
-562
-587
-577
-540
-473
-382
-293
-187
-62
29
126
235
337
441
543
643
719
772
781
751
681
580
464
289
93
-152
-455
-794
-1210
-1460
-1613
-1761
-1805
-1848
-1705
-1546
-1450
-1182
-801
-384
-107
137
415
615
765
818
889
951
957
946
870
770
681
620
474
301
177
29
-123
-340
-554
-666
-722
-747
-761
-634
-428
-211
43
301
653
946
1128
1283
1351
1368
1282
1109
888
646
427
150
-89
-270
-411
-503
-600
-658
-704
-721
-757
-841
-902
-942
-955
-989
-993
-898
-749
-572
-362
-74
244
562
858
1078
1258
1359
1371
1273
1092
905
646
356
69
-166
-333
-455
-519
-542
-512
-429
-342
-266
-153
-63
2
77
121
215
305
390
522
622
734
828
879
878
854
797
632
433
137
-266
-756
-1234
-1540
-1810
-2004
-2098
-2066
-1910
-1814
-1575
-1154
-658
-212
105
418
667
815
840
822
833
786
728
631
533
473
420
362
245
174
113
13
-147
-378
-532
-661
-778
-844
-835
-673
-462
-208
106
511
964
1304
1569
1743
1832
1814
1644
1393
1070
718
317
-115
-526
-810
-949
-1099
-1179
-1152
-1034
-925
-896
-829
-729
-650
-642
-641
-597
-520
-411
-339
-224
12
303
562
790
1018
1217
1326
1292
1176
1038
831
541
209
-105
-344
-521
-698
-810
-789
-687
-561
-415
-253
-49
142
241
310
397
492
562
599
630
740
846
858
884
866
814
748
581
413
150
-206
-751
-1337
-1646
-1967
-2185
-2307
-2289
-2057
-1972
-1793
-1315
-698
-171
236
621
910
1151
1208
1167
1170
1139
1046
854
662
509
432
308
88
-23
-117
-219
-376
-645
-810
-891
-987
-1079
-1029
-800
-559
-266
47
460
977
1354
1646
1854
1983
2018
1854
1570
1240
948
535
-10
-418
-720
-936
-1128
-1271
-1259
-1185
-1166
-1175
-1083
-1002
-920
-884
-918
-819
-661
-508
-364
-126
225
574
898
1149
1441
1664
1696
1633
1460
1242
974
602
165
-192
-453
-699
-895
-995
-961
-862
-757
-634
-469
-259
-100
19
125
260
418
510
619
754
912
1054
1120
1173
1151
1100
993
756
528
238
-196
-898
-1590
-1938
-2268
-2565
-2764
-2680
-2357
-2278
-2086
-1508
-740
-83
341
759
1172
1481
1500
1424
1433
1403
1290
1033
775
606
546
394
115
-40
-136
-210
-442
-810
-959
-1019
-1135
-1297
-1284
-968
-606
-267
75
615
1289
1747
2045
2243
2403
2429
2155
1721
1317
927
399
-169
-694
-1058
-1205
-1324
-1428
-1464
-1344
-1206
-1219
-1261
-1189
-1040
-1067
-1168
-1118
-937
-724
-519
-238
151
642
1084
1426
1734
1986
2111
1994
1717
1417
1071
643
162
-266
-588
-783
-930
-1053
-1042
-882
-671
-551
-451
-230
-73
20
101
183
370
525
687
878
1098
1341
1473
1498
1483
1457
1265
993
680
271
-503
-1565
-2123
-2564
-3032
-3383
-3535
-3117
-2980
-3005
-2466
-1500
-564
-1
495
1073
1586
1732
1636
1658
1723
1704
1481
1165
936
910
831
457
185
34
-48
-247
-795
-1173
-1260
-1369
-1605
-1751
-1468
-974
-538
-145
436
1316
2023
2473
2779
2957
3086
2892
2373
1828
1397
850
139
-501
-1006
-1238
-1401
-1596
-1681
-1651
-1546
-1541
-1620
-1700
-1560
-1489
-1687
-1634
-1415
-1091
-742
-433
61
666
1223
1625
2004
2265
2419
2374
1990
1607
1226
767
221
-276
-596
-784
-874
-1030
-1025
-828
-620
-454
-418
-277
-64
41
50
137
357
575
778
963
1254
1595
1811
1868
1810
1793
1631
1275
864
375
-442
-1742
-2630
-3139
-3677
-4146
-4434
-4004
-3673
-3737
-3245
-2087
-867
-49
554
1203
1917
2186
2065
2075
2086
2135
1938
1478
1117
943
875
485
52
-245
-430
-567
-1157
-1695
-1786
-1819
-1930
-2080
-1788
-1030
-307
281
1045
2093
2979
3538
3814
3948
4040
3776
3100
2304
1685
1059
196
-593
-1187
-1434
-1589
-1878
-1981
-1983
-1912
-1912
-2105
-2182
-1979
-1921
-2174
-2217
-1930
-1439
-1000
-624
90
883
1491
1991
2319
2652
2888
2719
2219
1700
1265
692
-5
-622
-977
-1110
-1245
-1363
-1337
-1130
-845
-639
-591
-380
4
105
181
364
664
1105
1366
1663
2117
2477
2679
2693
2506
2363
2107
1474
834
173
-1084
-2708
-3717
-4348
-4914
-5457
-5673
-4954
-4548
-4607
-3816
-2262
-770
278
1016
1769
2682
2954
2789
2913
2886
2893
2616
1920
1462
1150
813
218
-436
-988
-1379
-1728
-2532
-3125
-3102
-2984
-2860
-2677
-2005
-722
427
1296
2420
3724
4727
5337
5446
5360
5276
4668
3687
2623
1601
900
64
-928
-1540
-1796
-1952
-2262
-2610
-2779
-2679
-2769
-3206
-3347
-3248
-3047
-2942
-2911
-2301
-1329
-454
232
983
1921
2744
3215
3264
3400
3482
3097
2400
1533
886
402
-267
-1001
-1377
-1455
-1572
-1749
-1942
-1745
-1361
-1240
-1124
-905
-475
-30
287
661
1253
2043
2555
2958
3392
3744
3977
3769
3472
3049
2465
1733
817
-130
-2020
-3832
-4828
-5721
-6345
-7215
-7072
-6013
-5906
-5852
-4666
-2428
-629
404
1387
2623
3725
3645
3591
3885
3981
4043
3350
2507
1992
1526
881
-124
-965
-1726
-2378
-3168
-4319
-4822
-4753
-4490
-4171
-3805
-2480
-626
791
2133
3795
5454
6518
6944
6967
6858
6585
5725
4536
3194
2059
1316
194
-850
-1410
-1775
-2090
-2723
-3301
-3586
-3727
-4034
-4437
-4574
-4485
-3958
-3698
-3355
-2180
-997
189
1151
1984
3084
3871
4143
4186
4196
3985
3568
2727
1666
1082
477
-391
-1122
-1611
-1784
-2026
-2563
-2842
-2689
-2497
-2337
-2125
-1784
-1131
-400
53
707
1755
2710
3490
4034
4482
4948
4961
4638
4329
3694
2952
2169
1107
-871
-3408
-4890
-6013
-7033
-8235
-8859
-7576
-7159
-7532
-6724
-4497
-1800
-375
651
2189
3826
4250
3909
4337
4683
5032
4898
3890
3357
2799
1997
1130
-134
-1208
-2119
-3276
-4658
-5766
-6159
-5984
-5506
-5032
-3863
-1777
7
1672
3498
5245
6728
7307
7548
7501
6876
6168
5228
4082
2869
2062
1346
339
-345
-937
-1316
-1894
-2869
-3533
-4185
-4772
-5178
-5576
-5618
-5104
-4471
-3871
-2866
-1500
-161
950
1875
2800
3587
3923
4091
4160
3974
3875
3565
2762
1979
1476
942
237
-462
-918
-1241
-1963
-2695
-2920
-2912
-2816
-2639
-2378
-1881
-1136
-482
243
1142
2073
3008
3703
4318
4787
4923
4884
4661
4268
3523
2958
1839
-1060
-3451
-4919
-5909
-6874
-8799
-8498
-7250
-7798
-8000
-6733
-3939
-1679
-985
-90
1713
2973
2745
2761
3298
4151
4949
4421
3924
4022
3673
2907
1573
170
-623
-1847
-3869
-5571
-6397
-6326
-5888
-5706
-4884
-2597
-197
1231
2688
4558
6281
7000
6376
6197
6360
5601
4559
3343
2474
2377
2004
1172
586
411
255
-517
-1898
-2665
-2695
-3506
-4600
-5015
-5099
-4541
-4070
-3798
-2654
-1376
-354
420
719
1398
2386
2481
2288
2647
2805
2786
2606
2358
2493
2298
1697
1137
505
-101
-401
-969
-1717
-1866
-2026
-2327
-2320
-1945
-1367
-1010
-722
-121
663
1152
1842
2796
3256
3674
3914
3844
3778
3559
3248
2909
1966
-530
-2963
-4604
-5807
-6332
-7374
-6768
-5275
-6198
-6666
-5229
-3106
-1421
-918
382
2044
1271
111
1033
2359
2729
2681
3374
4217
3946
2878
2484
2558
1121
-627
-2014
-3527
-4710
-6157
-6413
-5366
-4726
-3660
-1638
617
2184
3198
4547
5879
6217
5536
5191
5052
4140
3266
2711
2261
2132
1932
1793
1595
734
-32
-679
-1683
-2601
-3311
-3760
-3963
-4275
-4525
-3920
-2959
-2154
-1230
-541
-26
251
376
813
1195
1224
1398
1727
1627
1645
1947
2179
2283
1893
1504
1050
243
-296
-500
-673
-982
-1212
-1199
-1139
-1141
-1158
-1016
-669
-466
-428
17
626
1281
2182
2951
3686
4055
4013
3950
3620
3010
2492
2008
-11
-2757
-4777
-6459
-6589
-6353
-5833
-4004
-3753
-4201
-3904
-3785
-2328
-418
319
972
624
-343
-280
20
1061
2675
3908
4618
4544
3914
2660
1627
592
-839
-1853
-3372
-4853
-5470
-6202
-6128
-4956
-3451
-1168
845
1845
2658
3053
3266
3899
4378
4444
4450
4180
3425
2907
2643
2686
3313
3316
2690
1894
404
-860
-1679
-2667
-2918
-2912
-3254
-3166
-3317
-3460
-2974
-2431
-1566
-764
-385
-60
235
324
484
1111
1692
2209
2578
2564
2486
2154
1716
1515
1250
804
430
-51
-400
-472
-781
-790
-653
-856
-1055
-1375
-1641
-1640
-1570
-1311
-574
133
803
1808
2540
3282
3871
3773
3613
3089
2420
1903
1220
438
-989
-2838
-4813
-5968
-5831
-5414
-3960
-2612
-2563
-2757
-3956
-4657
-3508
-2545
-958
700
619
577
58
-492
822
2248
3739
5330
5487
4535
2958
1029
-565
-1441
-2084
-2402
-2217
-2751
-3495
-3684
-4088
-3620
-2149
-702
1264
2570
2690
2865
2452
1969
2327
2834
3731
4538
4407
3845
3101
2132
1446
1251
1070
1007
856
147
-555
-1431
-2358
-2544
-2590
-2466
-1928
-1682
-1602
-1732
-2242
-2424
-2157
-1634
-715
176
735
1153
1155
939
1047
1276
1572
1816
1832
1719
1501
1180
938
853
655
476
316
-51
-465
-945
-1438
-1690
-1796
-1783
-1491
-1082
-623
-183
110
516
958
1227
1449
1532
1547
1535
1532
1564
1561
1564
1483
1428
1342
1270
1246
929
280
-706
-1888
-2871
-3524
-3752
-3552
-3149
-2812
-2731
-2828
-2828
-2575
-2245
-1791
-1112
-522
-200
-50
113
316
503
615
795
1011
990
893
681
243
-283
-955
-1480
-1584
-1463
-1111
-625
-157
143
23
-118
39
372
814
1267
1742
1988
1882
1797
1842
1987
2203
2415
2589
2486
2052
1463
792
235
-158
-364
-217
45
169
72
-206
-578
-1083
-1473
-1515
-1379
-1220
-1110
-900
-663
-524
-197
273
637
758
809
904
925
849
772
745
676
462
191
68
102
213
247
301
295
143
-6
-121
-32
98
197
316
325
232
195
319
416
520
732
913
975
909
857
877
738
513
266
20
-161
-352
-487
-767
-1278
-2050
-2926
-3521
-3657
-3251
-2500
-1691
-1285
-1514
-2094
-2660
-2789
-2415
-1619
-699
-317
-475
-915
-1288
-1208
-619
459
1473
1936
1865
1371
773
306
72
120
254
374
505
627
764
859
886
919
1040
1269
1530
1831
1961
1723
1288
894
754
881
1195
1573
1686
1421
1002
657
490
530
741
854
641
102
-557
-1103
-1509
-1577
-1328
-939
-565
-386
-262
-276
-424
-550
-578
-366
-142
-50
18
-50
-200
-329
-330
-55
379
811
1109
1247
1171
989
877
785
806
936
927
810
653
480
427
321
152
130
107
38
109
324
643
851
752
559
272
-250
-804
-1207
-1349
-1233
-982
-582
-499
-1157
-2319
-3517
-3963
-3570
-2669
-1424
-789
-1384
-2701
-3808
-3691
-2354
-743
554
826
-220
-1528
-2021
-1067
711
2046
2643
2250
1071
1
-272
353
1001
984
606
164
-148
1
597
1351
1667
1371
1174
1234
1403
1732
1972
1990
1678
1219
1220
1482
1639
1754
1641
1300
652
-34
-213
-233
-308
-317
-265
-188
-458
-829
-911
-976
-1018
-1045
-1021
-925
-1005
-1021
-694
-391
-242
-166
-195
-160
-126
-34
347
696
894
1166
1459
1708
1788
1659
1456
1187
962
867
907
930
704
451
199
-67
-183
-341
-534
-639
-621
-261
234
535
777
978
981
666
206
-181
-394
-392
-75
586
243
-1861
-4712
-6779
-6582
-4865
-2809
-692
-144
-1784
-4057
-5029
-3323
-240
1743
2643
2242
322
-1000
-855
598
2321
2650
2445
2011
321
-1509
-2202
-1985
-1538
-1477
-1479
-1322
-1681
-2265
-1794
-379
689
1304
1853
2152
2479
3185
4356
5666
5708
4719
4137
3469
2810
2558
2101
1414
319
-788
-1168
-1554
-2287
-2540
-2254
-2039
-1919
-1681
-1473
-1533
-1804
-1674
-879
-269
-205
11
181
13
101
417
742
836
589
875
1469
1339
1060
1020
903
835
766
809
866
394
-74
75
329
328
262
15
-489
-866
-922
-596
-248
-267
-39
522
877
1256
1840
2288
2414
2086
1540
1210
798
465
636
1229
1263
-704
-4160
-7441
-8463
-7056
-5292
-3211
-1482
-1852
-3761
-5549
-4908
-1498
1220
2233
3028
2432
776
-121
245
2276
3737
3491
3341
2243
-545
-2733
-3234
-2804
-2466
-2526
-2228
-1882
-2733
-3337
-1903
-115
630
1295
2250
3159
3712
3976
5115
6181
5498
4715
4349
3382
2465
1798
1319
752
-633
-1662
-1760
-2294
-2850
-2301
-1450
-1329
-1727
-1821
-1355
-1027
-929
-88
1018
875
241
122
-54
-242
-205
214
805
529
130
562
630
281
405
766
924
471
62
401
478
133
255
698
759
321
40
42
-234
-662
-628
-345
-494
-784
-410
242
614
1104
1943
2693
2718
2283
2203
1933
1026
378
226
265
206
91
514
676
-1204
-4728
-8083
-9521
-8084
-5647
-3457
-1091
-94
-1402
-3698
-4845
-2819
604
2282
3060
3294
1928
284
-426
582
2661
3313
2923
2147
-360
-3140
-3810
-2802
-1536
-1095
-1097
-817
-1479
-2865
-2379
-220
1270
1911
2692
3693
4317
4252
4614
5629
5318
3997
3196
2345
1380
908
974
1062
149
-1188
-1605
-1958
-2700
-2433
-1212
-591
-1122
-1638
-1167
-601
-638
-414
365
418
-530
-888
-408
-157
-252
-178
206
236
-112
220
891
657
50
6
130
85
190
903
1655
1308
490
225
-57
-717
-963
-541
-82
-69
-233
-4
224
162
557
1189
1195
797
740
1229
1723
1965
2335
2636
2106
1084
615
620
481
38
-521
-1110
-1971
-2670
-2308
-2260
-4295
-6953
-8021
-6620
-4351
-3157
-1454
428
-433
-3328
-5328
-3928
-175
2046
3135
4456
4077
2171
458
-8
1074
1930
2455
3041
1711
-835
-2004
-1748
-1509
-1850
-1794
-1102
-1496
-3041
-2966
-633
1462
2425
3182
3766
3772
3309
3447
4617
5154
4901
5084
4710
3331
2059
1415
1208
262
-1301
-1888
-2172
-3124
-3558
-3106
-2480
-2245
-2734
-3072
-3022
-3077
-2289
-688
281
643
916
1091
1163
826
688
1206
1179
578
403
546
682
624
330
45
-340
-792
-723
-329
-148
143
506
407
-42
-387
-335
6
145
311
887
1247
1312
1576
1851
1953
1856
1787
2033
2132
1742
1242
685
-4
-358
-567
-669
-564
-813
-1093
-1506
-2276
-2547
-2644
-2650
-1983
-1947
-3420
-5540
-6875
-5684
-3268
-1926
-294
1306
474
-2531
-5244
-4274
-347
2350
3567
4571
4164
1954
-498
-1332
-36
1593
2569
3074
1990
-302
-1475
-1317
-1093
-902
-360
361
115
-1393
-1571
319
1916
2799
3477
3823
3842
3389
3358
4259
4722
4631
4396
3139
1310
82
-461
-573
-843
-1431
-1993
-3076
-4429
-4615
-3847
-3139
-2384
-1720
-1432
-1409
-1473
-782
377
711
704
808
600
484
587
887
1377
1347
769
27
-1047
-1781
-1567
-990
-345
290
595
509
74
-222
335
1253
1740
1912
1839
1613
1590
1682
1816
1816
1405
947
570
218
202
380
388
171
-298
-884
-1380
-1634
-1553
-1294
-986
-556
11
211
-211
-636
-921
-1147
-1201
-1117
-561
143
491
535
-925
-4248
-6931
-7074
-5028
-2871
-1723
-90
852
-1532
-4987
-5468
-2215
1619
3192
3939
4760
3663
1158
-66
914
3150
4881
5399
4615
2245
-108
-895
-1045
-1169
-561
464
471
-1014
-2340
-1901
-734
-343
-70
607
990
1083
1498
2554
3676
4005
3664
2895
1632
675
636
875
830
466
-220
-1457
-2963
-3651
-3111
-2172
-1785
-1750
-1683
-1915
-2195
-1956
-1111
-49
471
384
349
576
911
1153
1011
777
741
686
695
973
1497
1852
1633
1011
494
317
160
21
138
454
820
926
729
465
93
-451
-997
-1439
-1612
-1434
-1050
-546
-173
-112
-312
-597
-768
-790
-354
450
1147
1526
1334
870
493
108
101
394
335
-49
-669
-1443
-2024
-2500
-2729
-2405
-2071
-1763
-1283
-1692
-3357
-5026
-5080
-2939
-431
1003
2296
3022
1438
-1437
-2537
-245
3321
4986
5294
5410
4156
1512
-627
-716
796
2095
2466
2095
589
-1637
-3263
-4031
-3911
-2740
-1183
-223
-425
-1090
-979
-481
-287
299
1493
2654
3424
3823
4334
4751
4100
2750
1478
533
204
126
66
156
-58
-904
-2198
-3763
-4756
-4429
-3370
-2088
-1131
-662
-60
27
-510
-459
413
1523
2018
1850
2128
2651
2369
1729
1207
837
675
245
-273
-669
-1105
-1338
-1481
-1571
-1190
-650
-700
-1151
-1344
-1018
-549
-348
-41
517
892
979
800
543
463
417
263
111
105
379
655
561
353
259
162
-133
-624
-894
-923
-798
-470
-284
-232
-290
-492
-694
-1050
-1229
-733
-49
363
704
900
946
900
677
256
-969
-2458
-2398
-899
574
1300
1483
1002
-1042
-3991
-4895
-2499
861
2913
3503
3179
1825
-570
-2435
-2213
-458
1344
2393
2411
1641
562
-659
-1692
-2133
-1655
-480
266
262
158
78
-242
-730
-865
-258
655
1239
1593
1837
1685
1174
546
254
585
1094
1496
1641
1178
294
-692
-1636
-1963
-1475
-562
305
568
239
-408
-1162
-1423
-953
-229
323
645
644
408
158
-18
-76
-144
-139
50
244
391
508
260
-369
-769
-832
-571
-30
418
698
492
-188
-775
-1145
-1226
-866
-342
89
429
480
245
-12
-147
26
357
647
999
1178
1126
1068
967
683
237
-127
-331
-587
-953
-1028
-816
-739
-700
-606
-395
-246
-371
-225
83
146
331
549
840
1251
1430
1671
2007
1830
777
-1028
-2657
-2630
-1202
115
840
596
-659
-2552
-4383
-4242
-1866
700
1861
1498
559
-205
-715
-627
731
2497
3295
2862
1482
156
-668
-1124
-908
-208
511
729
33
-1181
-2160
-2613
-2519
-1694
-479
633
1246
1110
749
420
137
126
371
887
1596
2094
1958
1265
386
-289
-553
-678
-463
95
450
224
-669
-1429
-1366
-899
-546
-311
-92
-37
-344
-669
-284
513
888
815
346
-109
-96
207
692
1031
1043
924
619
229
178
354
441
561
586
523
474
191
-65
-188
-146
214
377
90
-300
-538
-534
-230
140
379
394
48
-187
-218
-190
63
225
224
134
-4
85
186
40
-309
-611
-661
-469
-229
-39
235
250
2
-294
-342
-56
53
197
532
641
550
232
98
79
-682
-1679
-2198
-1848
-837
-122
-90
-582
-1595
-2909
-3547
-2686
-502
1656
2141
1274
122
-952
-1328
-927
302
1860
2519
2160
1268
182
-824
-1471
-1491
-833
91
435
63
-825
-1918
-2529
-2608
-1911
-460
765
1197
864
274
-7
134
619
1499
2499
2904
2661
2046
1343
945
699
671
1015
1328
1394
1002
191
-512
-855
-879
-590
-137
231
246
-279
-897
-1018
-686
-221
136
210
271
367
406
671
1117
1461
1521
1263
959
813
799
695
527
489
419
357
45
-559
-1068
-1611
-1999
-1853
-1302
-707
-575
-910
-1330
-1453
-1270
-995
-395
264
740
879
744
794
896
845
873
1138
1403
1317
953
533
138
-250
-566
-555
-605
-843
-1066
-1331
-1425
-1331
-1158
-782
-454
-232
-4
55
-25
81
419
864
1477
1450
805
-89
-957
-909
-430
-243
-485
-1380
-2478
-3299
-3312
-2353
-1022
-416
-1213
-1991
-2310
-2139
-1230
-133
1299
2184
1935
1429
872
272
-145
30
784
1628
1990
1413
287
-1153
-2213
-2178
-1340
-124
797
913
411
-113
-245
137
912
1724
2449
2856
2706
2372
2118
1975
1978
2069
2199
2273
1902
1157
470
14
-210
-422
-354
154
501
90
-741
-1134
-1083
-902
-465
440
1352
1311
565
-90
-393
-273
61
562
981
933
386
-375
-915
-1149
-1273
-1339
-1168
-940
-1113
-1606
-1955
-1970
-1767
-1357
-713
-202
-266
-702
-969
-968
-695
-200
383
831
862
526
45
-380
-663
-703
-446
25
593
911
682
161
-346
-612
-544
-186
358
924
1093
831
607
443
483
546
352
189
67
98
170
96
78
-100
-438
-828
-885
-786
-1232
-1915
-2250
-1704
-710
-178
-368
-1190
-2097
-2801
-2750
-1462
254
1373
774
-600
-1217
-1297
-830
-148
754
1455
1246
690
318
160
-53
-61
411
1131
1749
1692
1110
405
50
331
1051
2095
2690
2513
1752
1023
1054
1436
1976
2517
2710
2398
1737
1203
893
783
781
1024
1375
1370
1067
477
-124
-413
-389
-183
-4
218
211
-232
-839
-1174
-1206
-1267
-1249
-1058
-921
-1228
-1819
-2132
-2199
-1971
-1458
-979
-764
-1015
-1552
-1921
-1800
-1238
-529
-49
97
4
-487
-1192
-1429
-1045
-484
-84
194
293
22
-455
-780
-595
-157
152
424
619
633
546
478
469
639
815
849
862
812
763
712
627
658
736
669
381
143
-16
-185
-166
-69
3
-72
-246
-308
-293
-330
-384
-352
-355
-296
-57
79
38
-133
-412
-715
-772
-646
-870
-1108
-1135
-898
-682
-821
-789
-974
-1602
-1809
-1067
92
750
1013
1034
553
-40
-144
494
1270
1772
2062
1992
1503
850
514
330
415
935
1350
1381
999
500
139
34
387
997
1421
1368
975
549
451
855
1340
1500
1351
1194
811
233
-17
66
204
126
99
182
-80
-718
-1323
-1484
-1356
-1103
-760
-498
-419
-781
-1300
-1478
-1249
-974
-930
-784
-553
-513
-692
-854
-854
-892
-950
-798
-534
-476
-654
-795
-816
-725
-543
-307
-158
-252
-361
-371
-211
119
436
615
619
598
559
477
421
367
444
523
465
451
432
234
-72
-230
-228
-108
-24
48
182
224
253
263
180
83
-27
-100
-51
117
315
401
335
156
-34
-147
-62
29
64
122
156
186
128
177
332
357
221
90
58
33
9
201
623
677
257
-43
-91
-188
-483
-444
174
272
-193
-284
5
91
-248
-298
106
132
-226
-213
137
226
56
43
235
246
-65
-191
-62
142
351
411
472
346
-64
-420
-462
-162
104
148
125
92
-65
-266
-230
-21
123
40
-72
-2
68
114
147
214
309
265
205
178
173
167
96
107
224
322
275
104
-89
-290
-443
-508
-434
-316
-307
-371
-468
-592
-696
-691
-597
-573
-612
-613
-529
-397
-249
-80
8
-25
-42
32
141
229
278
330
351
325
324
262
173
43
-57
-16
19
29
-36
-152
-233
-224
-124
-18
45
6
-10
8
86
226
241
213
176
224
411
577
649
569
409
298
329
376
339
370
376
296
196
144
161
12
-175
-280
-228
-8
106
222
259
166
61
67
196
258
246
61
-108
-87
-15
-80
-238
-170
-370
-836
-921
-613
-452
-659
-643
-454
-484
-750
-843
-713
-780
-882
-727
-300
14
-13
-129
-200
-226
-223
-97
199
430
365
135
179
371
344
199
203
328
310
302
478
609
572
493
571
733
764
690
644
659
662
671
720
770
679
397
151
44
8
-34
-33
5
-40
-114
-178
-235
-295
-385
-459
-447
-329
-234
-242
-282
-388
-543
-636
-584
-426
-351
-386
-426
-447
-497
-588
-603
-576
-552
-461
-313
-169
-152
-172
-228
-233
-88
36
220
372
431
378
286
321
323
323
293
285
311
258
210
161
145
72
57
129
137
108
35
24
70
194
339
401
448
362
191
114
154
240
314
467
569
561
511
387
308
216
170
221
321
420
303
204
51
-115
-218
-382
-385
-377
-398
-621
-693
-573
-770
-969
-926
-720
-855
-892
-708
-719
-772
-764
-504
-444
-436
-473
-568
-458
-338
-181
-128
-3
89
-36
-93
-59
70
38
12
229
407
532
552
691
770
667
683
804
986
1068
1129
1166
1173
1170
1001
868
809
767
717
671
708
562
341
164
75
27
-121
-208
-272
-287
-350
-397
-312
-305
-401
-544
-576
-526
-546
-579
-611
-646
-752
-860
-840
-800
-865
-978
-988
-970
-1030
-1010
-897
-775
-696
-628
-525
-455
-344
-221
-44
219
392
506
571
591
575
589
690
729
749
723
662
601
529
461
309
230
220
224
265
262
216
136
101
99
168
302
388
424
385
347
317
332
377
403
464
421
325
202
127
48
-14
93
102
99
50
-49
-168
-280
-221
-162
-28
14
-33
-74
-254
-411
-430
-259
-216
-240
-132
-291
-602
-746
-654
-566
-540
-387
-452
-602
-624
-654
-649
-539
-314
-324
-324
-170
-158
-244
-298
-141
-32
-5
65
163
241
113
49
140
230
261
343
529
540
465
384
346
419
491
564
597
631
549
371
306
314
353
351
359
339
218
141
36
16
26
-6
5
-17
-11
-78
-144
-194
-247
-236
-218
-141
-133
-182
-259
-311
-311
-344
-258
-166
-150
-157
-159
-180
-248
-247
-194
-130
-88
-57
-49
-83
-128
-158
-144
-142
-115
-60
-18
-41
-86
-68
-55
-57
-55
-32
-27
-18
-11
11
55
75
85
92
111
155
183
229
318
357
346
362
455
467
408
459
538
557
521
578
578
502
462
404
455
448
441
421
378
358
228
205
126
51
4
-169
-254
-263
-306
-510
-555
-413
-626
-819
-741
-771
-965
-988
-808
-905
-988
-884
-963
-1051
-1017
-966
-1001
-872
-679
-698
-622
-471
-403
-434
-388
-251
-167
-62
1
130
234
231
311
454
539
508
550
633
648
747
849
882
880
887
860
817
889
919
882
885
886
831
758
759
721
654
574
488
431
374
324
243
187
86
-24
-109
-204
-234
-273
-302
-309
-348
-409
-482
-539
-612
-655
-651
-667
-675
-659
-656
-685
-680
-644
-609
-588
-550
-500
-475
-468
-435
-319
-238
-177
-123
-97
-85
-62
24
132
278
375
403
407
424
444
458
557
656
674
631
615
611
571
551
546
553
525
473
424
389
358
297
237
235
236
172
150
145
75
-28
-39
-13
-100
-139
-157
-238
-336
-369
-443
-529
-539
-619
-660
-680
-682
-747
-649
-630
-845
-781
-628
-609
-721
-503
-423
-643
-520
-420
-435
-506
-339
-359
-502
-279
-319
-355
-222
-27
-134
-222
69
71
51
156
351
438
419
510
510
583
565
556
730
814
813
744
782
744
656
702
719
818
827
742
653
648
640
443
435
520
521
472
427
408
259
208
143
90
129
94
41
-20
-22
-171
-299
-267
-285
-368
-464
-445
-476
-544
-564
-571
-518
-518
-521
-509
-486
-456
-471
-442
-378
-312
-299
-312
-283
-260
-250
-240
-170
-113
-121
-92
-71
-82
-97
-67
-14
10
55
81
77
76
89
110
123
142
132
118
123
118
107
89
90
83
58
34
8
18
48
59
50
84
139
113
71
76
127
158
161
171
150
122
116
132
140
143
183
151
100
117
111
101
80
99
22
19
127
-47
-195
-163
-147
-304
-288
-74
-238
-340
-296
-343
-436
-345
-223
-434
-367
-272
-385
-363
-202
-169
-319
-138
-35
-145
-104
-13
14
-54
2
39
94
163
70
117
241
282
247
319
460
449
483
527
553
591
565
499
464
520
450
360
417
433
369
297
294
251
187
186
184
193
183
138
55
31
-19
-126
-150
-119
-140
-235
-277
-333
-437
-521
-563
-575
-602
-610
-646
-675
-683
-696
-686
-665
-587
-522
-460
-387
-320
-253
-234
-177
-134
-96
-67
-52
5
26
60
48
38
35
21
58
85
143
164
193
220
209
245
272
296
292
308
333
341
385
394
406
397
378
386
378
376
337
315
244
187
225
223
194
158
156
45
-22
21
44
71
46
61
-6
-29
-13
-25
-19
-82
-83
-166
-141
-76
-167
-266
-325
-295
-438
-455
-348
-416
-501
-517
-470
-570
-533
-446
-543
-528
-475
-474
-465
-272
-197
-305
-216
-120
-126
-99
35
80
57
129
128
151
223
229
240
334
405
342
382
460
432
427
485
511
501
530
489
458
503
495
448
470
517
450
411
452
410
306
261
234
175
150
100
4
-51
-79
-155
-224
-228
-281
-397
-461
-494
-540
-574
-582
-604
-641
-653
-680
-663
-592
-559
-535
-449
-361
-341
-302
-248
-201
-129
-75
-21
41
96
105
101
142
140
132
153
206
244
258
270
242
258
272
271
293
325
323
284
324
360
391
409
406
406
389
391
381
406
404
371
333
300
288
218
178
155
137
115
70
70
33
-11
-56
-60
-54
-65
-48
-49
-33
-41
-44
-41
-43
-66
-86
-72
-102
-115
-93
-188
-326
-330
-347
-480
-500
-373
-520
-655
-539
-540
-660
-591
-404
-574
-578
-399
-460
-475
-279
-164
-310
-170
-44
-159
-107
46
55
11
166
177
122
220
233
204
303
420
353
388
485
408
412
512
542
498
576
581
481
539
556
467
459
516
426
354
413
353
268
271
241
135
104
94
-41
-93
-83
-177
-271
-275
-309
-438
-453
-447
-513
-525
-504
-519
-541
-491
-508
-529
-466
-435
-433
-402
-341
-326
-258
-187
-160
-101
-59
-53
-20
62
97
107
179
214
186
203
225
217
217
230
208
200
218
202
205
241
279
278
295
294
250
237
224
208
223
231
182
140
122
68
18
14
17
7
-13
-30
-37
-63
-71
-76
-50
-30
-55
-57
-57
-34
-59
-30
38
19
13
23
26
-58
-37
0
-68
-69
11
-52
-274
-213
-187
-343
-340
-128
-198
-441
-286
-314
-472
-398
-223
-362
-466
-245
-432
-503
-269
-197
-353
-259
-63
-275
-218
-30
-49
-43
110
120
30
204
177
85
255
373
307
341
499
384
366
495
456
469
559
520
392
518
549
398
478
522
368
299
379
310
231
281
181
87
125
93
-33
-35
-28
-183
-235
-193
-227
-302
-317
-340
-406
-409
-431
-456
-438
-425
-440
-412
-350
-371
-397
-386
-366
-353
-303
-247
-217
-169
-150
-131
-51
12
11
43
107
138
163
222
275
285
290
288
297
317
303
277
291
320
303
293
318
290
221
194
182
163
161
145
105
81
60
8
-23
-16
-8
-12
-10
39
73
30
11
40
14
-19
-1
2
-44
-25
-33
-72
-22
-31
-86
-103
-46
-104
-110
-26
-86
-108
-118
-135
-267
-232
-255
-396
-318
-303
-339
-400
-272
-367
-481
-343
-401
-422
-410
-341
-459
-432
-311
-401
-291
-231
-207
-205
-76
-17
-24
149
149
190
264
313
296
350
446
370
456
517
496
509
570
587
538
624
599
551
571
519
474
459
460
355
323
345
263
237
228
173
67
16
-34
-115
-121
-186
-253
-308
-359
-423
-455
-446
-497
-495
-510
-508
-484
-473
-448
-433
-393
-407
-380
-336
-329
-283
-260
-233
-182
-100
-53
-20
66
89
108
162
205
230
272
312
307
347
379
365
372
385
359
333
357
339
306
297
267
226
196
163
109
102
79
7
-13
-15
-58
-79
-60
-82
-113
-113
-124
-151
-151
-129
-128
-122
-116
-112
-119
-105
-86
-79
-56
-34
-5
-23
-21
12
1
-6
15
6
-8
26
-5
-35
-21
-46
-100
-89
-99
-166
-147
-150
-190
-196
-176
-229
-268
-234
-290
-306
-252
-271
-319
-276
-261
-304
-252
-226
-264
-243
-193
-214
-176
-83
-90
-90
-13
-2
-5
92
119
111
190
238
232
301
356
319
366
421
397
420
492
473
448
498
468
444
479
452
391
387
388
325
313
292
232
198
178
130
89
70
11
-20
-60
-106
-132
-163
-199
-230
-235
-274
-266
-262
-307
-319
-310
-325
-342
-300
-305
-322
-283
-256
-247
-205
-167
-179
-134
-91
-86
-44
-5
-8
1
29
16
40
71
55
47
70
61
54
95
88
63
73
67
43
60
66
34
35
26
-14
-9
13
-1
-2
15
13
17
45
48
50
50
35
28
27
21
19
24
16
9
14
12
17
30
23
22
46
43
29
48
36
5
14
-4
-35
-26
-38
-51
-41
-33
-44
-45
-26
-59
-58
-44
-67
-46
-48
-69
-82
-57
-62
-92
-40
-74
-101
-56
-25
-53
-41
36
-18
-8
34
13
18
54
58
7
55
56
36
71
65
39
34
55
11
18
22
-15
-2
-13
-18
-22
7
1
2
24
1
24
37
21
14
40
30
11
37
14
-5
7
-1
-25
-27
-33
-56
-43
-53
-64
-56
-53
-65
-77
-63
-68
-53
-38
-58
-59
-34
-30
-39
-4
10
-23
-11
20
26
25
46
65
71
74
65
83
103
96
91
80
63
63
60
32
25
4
-34
-52
-56
-65
-77
-61
-49
-51
-64
-61
-46
-44
-68
-88
-80
-81
-80
-84
-78
-76
-69
-62
-63
-43
-27
-16
4
24
24
43
70
68
67
77
83
95
109
107
112
124
117
124
125
116
114
106
74
71
72
33
38
42
23
18
36
27
12
26
18
13
1
-8
-6
-6
-25
-28
-14
-36
-30
-34
-60
-58
-36
-41
-49
-36
-37
-38
-30
-41
-60
-58
-72
-85
-92
-99
-86
-87
-91
-97
-93
-105
-116
-97
-104
-104
-92
-86
-85
-74
-61
-51
-42
-41
-20
-14
-13
5
17
7
11
29
12
19
45
50
54
81
87
80
106
105
103
120
123
116
124
128
129
156
150
137
153
150
134
145
151
126
127
141
120
110
116
108
98
87
88
88
82
63
64
50
28
23
-6
-22
-28
-49
-84
-105
-115
-142
-147
-153
-169
-179
-182
-173
-186
-193
-187
-178
-176
-169
-163
-153
-122
-132
-129
-87
-79
-76
-37
-27
-32
3
18
7
36
50
20
40
50
24
36
48
43
53
72
53
41
61
50
35
30
19
7
23
12
-8
14
7
-4
-8
-24
-26
-15
-10
-33
-17
-1
-11
17
26
34
38
41
51
51
67
61
75
95
85
77
84
74
64
59
32
28
22
31
26
22
26
7
20
-2
-8
8
-2
-18
-24
-14
-39
-29
-8
-29
-32
-16
-35
-54
-29
-42
-44
-6
-22
-35
-12
-19
-24
-9
-14
-20
7
6
-18
10
21
2
19
13
-8
-4
0
-8
-11
-8
-12
11
17
-2
20
32
25
37
40
21
14
18
5
6
12
5
24
17
-11
-12
-10
-20
-11
-16
-40
-26
-24
-36
-31
-29
-22
-8
-24
-32
-20
-33
-13
-6
-9
28
28
-3
11
7
-13
18
11
-21
2
20
-11
15
45
43
41
23
12
-14
12
14
-3
24
4
-3
-15
-51
-56
-40
-50
-68
-43
-49
-69
-53
-35
-41
-35
-27
-58
-51
-33
-39
-21
16
43
55
69
61
50
62
53
46
68
75
71
61
46
35
36
47
36
27
13
-5
-8
-5
3
11
28
5
-28
-47
-38
-28
-24
10
12
8
20
2
-11
5
1
-10
10
9
-17
5
6
-17
14
0
-8
-1
-27
-24
-21
-38
-37
7
6
-22
2
-22
-51
-21
-30
-29
9
6
10
23
-4
-16
17
17
2
6
-29
-33
19
-33
-59
5
2
-77
-33
1
-242
-163
98
12
-129
-73
42
29
-161
-175
115
32
-147
33
50
-142
-32
143
-34
-135
68
110
-57
-59
49
47
14
48
49
18
39
77
31
67
159
94
74
121
112
117
104
126
152
57
2
88
119
36
45
134
83
20
84
72
20
30
37
83
55
-28
11
-1
-87
-59
2
-3
-10
-33
-88
-63
-61
-100
-39
-63
-95
-35
-57
-103
-68
-63
-91
-119
-70
-35
-147
-110
11
-130
-288
-52
30
-85
-92
-32
44
-54
-208
-34
162
-70
-38
114
-85
-58
64
-112
102
160
-108
-28
54
84
-49
-8
268
150
-149
65
220
-9
-245
196
530
-281
-180
587
3
-377
289
189
8
60
-9
188
17
-207
141
245
-113
75
100
-93
67
29
-234
87
247
-179
-113
49
-69
-162
-130
-35
35
-127
-141
49
-17
-183
-90
156
-57
-223
-15
-134
-19
-158
-297
156
-9
-395
31
160
-396
3
95
-97
214
-163
-36
497
-174
-151
444
-201
48
420
-354
16
461
-127
-116
71
77
200
55
-282
112
476
-206
-248
266
377
50
-281
138
573
-430
-78
633
-472
233
422
-413
137
113
-110
280
-292
-33
388
-92
-139
-140
308
156
-473
166
184
-328
209
-245
-141
237
-183
-134
198
-427
-21
131
-370
-28
-214
129
-163
-35
-327
-102
4
31
-321
-344
507
-197
-397
-98
498
-244
-213
126
314
-173
-262
303
33
59
-208
105
-21
279
79
-342
-49
537
32
-718
530
440
-673
476
214
-305
183
578
-93
-461
680
26
-43
43
533
-558
221
649
-258
-207
31
842
-269
-547
398
688
-688
456
10
-434
549
52
-300
-271
396
2
-538
-169
451
-280
-687
602
24
-1133
938
277
-1733
1142
579
-1740
761
478
-478
-237
268
-286
-45
313
-395
78
-311
425
85
-809
-447
1281
-352
-1196
551
336
50
-1003
150
886
-898
51
437
-721
707
-39
-713
735
4
-177
307
-57
173
-6
68
499
-646
332
1284
-1189
-296
1584
-247
-1131
967
391
-638
530
-566
410
404
-998
697
208
-691
423
146
-749
197
354
-257
-354
107
531
-735
-307
272
300
-174
-562
259
758
-596
-694
960
50
-493
-89
564
-620
125
666
-901
-266
1098
-95
-1089
616
432
40
-902
445
490
-203
162
-134
47
-514
1508
-777
-1426
1945
666
-2193
86
1748
-837
-121
-435
683
117
-318
57
-412
582
339
-262
-1160
1358
344
-773
-991
915
1323
-2072
-44
1432
-321
-1019
659
-363
188
451
-701
49
535
305
-847
-211
806
582
-1071
-315
1391
-244
-1104
97
1191
-379
-565
52
294
637
-1031
-189
699
538
-1115
100
595
31
-159
-906
970
173
-263
-769
1172
-215
-983
717
-20
-221
-112
455
-816
71
602
-367
-620
578
177
-69
-369
-779
1607
508
-2724
1182
2077
-1702
-1175
1854
478
-1768
566
918
68
-1563
1129
714
-1017
-366
1178
-110
-829
462
79
267
-1247
968
251
-710
-221
565
135
-590
-369
315
755
-722
-655
617
531
-819
-481
535
541
-955
-143
1058
-312
-1378
1530
366
-2048
1324
497
-403
-646
85
1428
-1316
-598
1727
-143
-1714
1621
-36
-958
855
-601
435
641
-928
-262
1347
-755
95
-49
-160
1516
-944
-795
1244
177
-276
-409
207
690
-194
-236
-479
484
969
-514
-2056
2147
964
-1911
-694
1260
1325
-1958
-717
1008
1794
-1985
-932
1356
692
-720
-971
662
335
600
-1419
-171
883
477
-550
-1373
892
1831
-1885
-1301
2312
210
-1611
141
791
202
-436
-528
187
953
-515
-1053
1275
-327
-193
93
-428
161
1017
-1203
-521
1571
-444
-1001
214
1034
-574
-430
-376
779
566
-1213
-294
1059
267
-820
-580
782
743
-872
-678
921
-23
-326
192
-481
513
245
-396
-515
517
360
-527
82
376
-80
-413
207
375
-432
-188
720
95
-862
172
747
45
-1128
485
1334
-1171
-309
850
-42
-333
-141
65
763
-893
300
720
-1336
532
393
-145
-285
65
508
-167
-633
476
97
-289
767
-950
789
102
-1722
1828
553
-2648
1734
1037
-1571
314
-235
767
-48
-739
207
361
-31
-241
-500
739
-517
-278
816
-1035
545
601
-1259
91
966
-691
-312
488
697
-412
-757
-233
1339
149
-1654
37
1780
-118
-1926
183
1351
657
-2065
175
1331
-186
-613
-349
345
738
-315
-969
893
478
99
-1076
22
1394
-452
-980
929
-33
318
-268
-1049
1172
510
-1078
-281
1487
-1373
268
212
-474
470
158
-905
80
1246
-1668
750
173
-376
519
-208
-1257
1203
1285
-2142
246
1134
69
-1151
-239
1326
273
-1647
193
1923
-1205
-1030
1281
438
-1174
-112
885
47
-414
86
23
370
-672
-50
1342
-492
-333
199
395
-679
378
-45
473
-242
-187
753
-1135
-115
197
1857
-1934
-1613
2695
1158
-3145
-1172
3680
-336
-2214
-323
1645
792
-1566
-612
478
829
-582
-140
-332
265
1425
-1342
-1325
1192
1693
-1663
-895
1433
829
-1682
-710
1286
807
-895
-1017
877
488
273
-1847
237
2229
-697
-2082
1671
234
-722
979
-1662
777
1176
-1205
-58
-4
271
1333
-2069
-1012
3449
-1129
-2430
1685
510
297
-1855
50
1621
-561
-109
-184
7
18
1396
-1922
304
1375
-390
-208
-1051
1585
-122
-522
-72
716
-588
-228
447
145
918
-1849
260
996
-106
-560
242
145
390
18
-1673
956
1293
-866
-641
243
198
1073
-992
-833
1304
559
-1312
-163
559
1002
-650
-1938
2058
-168
-367
-244
-374
1014
82
-836
-576
995
169
-474
-928
940
1244
-1677
-703
1365
553
-1602
-375
2335
-486
-1432
-19
1078
832
-2041
-23
1271
367
-628
-1013
433
1009
-210
-1373
612
534
755
-925
-1983
2389
1234
-2138
-1321
2091
1684
-1689
-2677
2682
2409
-3165
-951
765
2006
405
-2877
-425
3201
-285
-2077
-612
1578
2072
-2097
-1736
1176
1674
-514
-1546
-270
1864
236
-1645
-217
558
1280
-573
-2420
1502
1341
-871
-543
-6
787
-73
-1009
-381
1890
-375
-1212
450
714
-620
-448
611
-215
347
-48
-215
329
74
-911
689
433
-1251
1066
403
-354
-584
-188
623
-11
140
-434
481
340
-200
-653
65
869
-134
-917
569
739
-542
-312
-784
959
652
-1033
-745
1503
1056
-2316
-779
1761
427
-789
-573
148
1846
-1014
-1845
1132
807
-253
-480
133
218
282
-277
-867
-99
1553
-56
-577
-471
-35
1294
-441
-1411
720
1504
-782
-444
-360
1069
76
-676
163
408
-397
395
522
-486
-29
-768
1559
-587
-996
610
1275
-1005
-404
65
-749
1965
-967
-322
-81
463
758
-1357
-1536
2439
1561
-3216
-259
1071
1309
-1232
-1275
745
1165
-932
-531
252
-891
2487
-1216
-2090
1090
1409
-1055
-593
835
203
-71
-899
224
420
480
-914
391
684
-580
-508
239
265
422
307
-1229
1093
518
-1312
-110
1042
266
-520
-426
866
142
-1233
944
28
-258
608
-948
454
1030
-1140
554
-763
-245
2091
-1086
-1496
2046
78
-1167
-275
-382
2821
-1326
-1844
1631
598
-1296
-8
262
404
197
-1243
308
509
324
-1103
178
-142
342
979
-1048
-1275
1974
476
-2735
823
1428
418
-1131
-1185
1034
1141
-1608
-813
2003
330
-1429
-686
1256
43
-962
257
454
-3
-13
-901
312
523
-758
641
-281
-283
589
102
-1032
-110
1261
355
-1495
156
1549
174
-1422
-293
818
1218
-693
-1942
2619
711
-2120
-1074
2404
-6
-1198
832
395
-500
-308
-201
112
1428
-1351
471
808
-1557
124
1728
-1746
-404
2284
-310
-1759
286
1461
-178
-928
-467
1626
313
-1197
-525
1156
0
-1112
266
402
-75
-18
424
-1551
-26
1528
-993
-722
834
287
64
-899
-1507
2266
-1
-1993
1582
-12
18
-454
-1171
1540
138
-1023
919
575
-1214
515
-459
-186
1042
-555
491
-230
-375
377
618
-1257
133
1806
-1092
-873
614
896
-454
-1306
434
1536
-518
-1799
1845
649
-1601
299
274
464
-158
374
-550
-193
767
-255
-478
-52
871
358
-1209
-722
1683
-62
-1334
213
802
313
-988
-721
726
399
-700
-455
588
557
-659
-435
-124
396
486
-662
187
562
-368
-161
93
-602
634
569
-858
102
641
163
-920
-771
1776
521
-1815
282
1624
-93
-1817
-322
1810
294
-1611
502
417
-211
247
-601
-252
411
909
-123
-1540
620
1595
-863
-1569
579
1686
-536
-1071
257
1005
-326
-956
38
1135
94
-989
263
-59
174
88
-251
-93
474
158
-522
-368
50
1277
-655
-905
793
257
-765
-52
470
-35
-331
-522
417
110
-511
127
710
-639
-358
296
48
297
457
-865
126
239
-67
261
-585
752
409
-734
-997
1272
212
64
-399
-145
718
-601
324
85
-246
566
582
-1007
-202
390
1037
-234
-1681
1005
1608
-1776
-602
1256
-105
-30
-596
13
774
-492
46
850
-1044
462
645
-1130
294
749
-222
-440
-317
449
304
-1231
329
774
-444
-759
82
738
-204
-560
-362
408
402
-106
-980
934
924
-1541
-505
834
1036
-1054
-928
1202
606
-1325
-160
681
-6
389
-454
-154
281
663
38
-1565
35
2036
-745
-1592
842
1046
-508
-1655
341
1470
-278
-1709
1014
1092
-1287
-109
33
-31
1090
-285
-1050
1668
132
-818
-47
-574
1195
968
-1336
-458
1101
-494
-872
-375
1069
967
-883
-1025
170
783
-216
-371
467
863
-719
-1227
99
1610
336
-985
-755
851
865
-1728
247
1716
209
-1175
-706
306
714
421
-642
442
342
-577
-198
-195
-294
1532
330
-2182
556
924
-708
-781
789
861
-333
-1223
337
814
-428
205
296
80
-1282
400
491
229
533
-594
-355
0
-446
409
397
146
718
-1390
-945
1191
201
-237
607
-1094
466
1096
-1783
120
1577
-513
-771
-381
488
1550
-1255
-1554
1749
-171
-1090
669
580
-263
-245
-500
-4
646
-384
204
-6
-239
91
279
-822
649
849
-952
-688
707
893
-715
-710
473
537
-818
-82
69
405
-208
123
34
-326
-629
528
1006
-1708
796
1096
-649
-1504
-138
1568
240
-1000
291
1170
-1335
-327
680
-173
573
896
-529
-1059
662
1130
-510
-1164
528
1873
-1099
-1397
1008
891
-568
-1288
345
1082
300
-1367
-50
514
786
-603
-1378
1049
1114
-405
-495
-224
575
1288
-1494
-1062
1555
1168
-545
-1035
-404
1392
-679
-751
370
475
765
-1201
-894
394
205
270
214
-1450
1056
388
-1999
346
728
-326
606
-390
-717
199
20
229
31
17
178
203
-429
-169
296
561
-50
-86
11
-561
720
402
-865
-123
631
-177
-779
687
775
-284
-1111
334
922
-501
156
359
74
103
-849
-356
1046
306
-475
-207
94
50
-48
-339
58
139
399
-474
-531
928
410
-994
-779
1341
752
-1045
-350
1021
628
-1280
-736
961
897
-481
-484
-48
122
155
-889
381
131
627
205
-1334
-228
751
92
-455
4
637
512
-1462
-257
857
29
-3
-154
163
237
-591
225
70
-691
917
746
-1594
145
1136
-122
-523
-966
657
1226
-543
-820
645
32
-24
-406
-212
940
142
243
-614
-1018
998
413
-189
-72
35
221
-678
-377
943
-129
-606
811
-346
-105
93
-788
817
486
-1048
164
335
179
-556
-248
228
-106
-17
18
90
-682
-132
820
148
-1478
-179
1435
-223
-798
237
374
100
-899
-311
498
879
254
-547
-622
255
389
133
241
-78
573
-360
-64
44
-24
327
500
-560
-281
815
381
-466
-897
917
593
-744
-378
1165
11
-1433
401
409
26
95
-198
-601
365
557
2
106
-1046
208
724
119
-615
331
428
-558
-485
-430
823
796
-441
-817
-91
1
607
-218
-168
48
-276
81
140
-499
144
887
-930
-493
332
527
-91
-465
-179
586
28
-806
600
20
-423
242
-166
221
531
-997
-1
465
-248
246
109
168
147
-569
-216
901
-617
125
595
-131
-154
-54
394
-149
151
-130
-400
413
1098
-605
-896
-191
570
748
-1594
-119
1592
-77
-1165
-374
478
705
-137
-800
303
361
262
-277
-377
225
198
79
-440
276
798
-351
-439
-36
195
22
-277
131
173
56
-208
-376
-33
556
-529
-55
282
-56
491
-399
-437
117
329
378
-276
-766
753
837
-869
-496
-125
1045
497
-1776
391
936
-36
-274
-805
-75
908
289
-569
-313
10
632
-217
-822
-451
1242
1006
-1867
-190
1084
-9
-344
-662
749
787
-489
-163
10
-325
605
108
-167
-205
-41
1068
-798
-978
1122
523
-641
-860
-52
947
194
-543
-236
-281
7
117
-285
808
133
-42
-355
-796
200
680
158
102
-77
-133
405
-1006
36
838
313
-388
-235
251
589
-768
-797
977
278
-24
-476
-441
581
754
-1180
-227
426
324
201
-657
221
634
182
-646
-162
-628
836
1226
-702
-787
180
485
-273
-994
-10
1550
113
-490
-718
-384
492
693
-669
-450
969
653
-279
-1433
-339
1233
819
-826
-642
487
1155
-374
-1768
176
1744
253
-1188
-652
679
1153
-186
-1142
-575
642
1470
-797
-1537
1115
1640
-1138
-2335
372
1506
805
-721
-956
-244
984
-372
-1098
555
1071
869
-1318
-1550
887
1289
-728
-203
569
349
-227
-671
-271
617
393
-259
19
-187
42
-115
-399
-323
667
573
-672
-498
272
466
-40
-402
-21
243
-1
-106
-191
724
351
-370
-467
-556
286
929
132
-365
254
-644
-84
-235
-112
718
485
-43
-463
-632
231
553
-465
254
251
396
-326
-267
-14
100
331
44
-444
96
550
121
-49
-874
485
274
-672
5
700
420
-66
-885
-557
541
143
285
259
110
-479
-541
214
-50
-295
876
604
-1064
-461
531
288
-518
-184
566
4
-200
152
160
-254
-338
38
307
-328
89
885
-45
-919
-93
584
-220
-317
298
961
-54
-673
-92
-250
-113
-71
470
297
115
-37
-435
-574
-492
977
564
-452
-236
619
79
-743
-404
118
531
-269
74
125
437
-85
-666
-668
-349
660
543
392
-546
376
-419
-1167
22
539
612
-352
134
10
-37
-703
-229
545
-151
176
133
-139
33
603
-537
-770
234
674
547
-487
-65
744
-143
-818
138
457
301
258
23
-107
-232
176
170
8
-198
330
714
-324
-272
-118
232
518
-297
-244
539
23
-363
163
-313
62
243
-101
-63
-122
-108
52
-180
-574
143
400
22
-327
-139
-161
30
-151
-35
267
20
123
-283
-144
-154
32
74
-64
-192
115
240
-416
-466
2
213
-31
12
20
320
-233
-412
236
272
34
160
394
-144
-124
161
79
-235
94
375
-28
-328
-29
353
-290
-326
166
309
-102
-156
213
16
-242
-28
163
-148
268
412
-66
115
-94
-206
23
-26
150
453
325
-283
-260
-280
-15
248
75
194
181
-76
-306
-164
-28
219
73
-193
48
24
-193
-89
-7
-123
-379
-209
299
348
-189
-157
111
-219
-247
-112
186
337
172
130
-78
-509
-144
425
-43
-57
430
268
-194
-447
-20
374
37
-126
239
108
59
72
-45
15
-5
103
-20
-65
181
469
46
-434
-292
104
182
-256
-62
359
290
-185
-439
-180
122
103
-213
-71
157
182
-140
-550
-326
236
204
-195
7
50
99
18
-426
-186
275
144
-157
-8
-52
24
165
-374
-306
54
136
174
-20
-194
73
51
-420
-265
158
309
33
-66
-10
-61
-44
-97
-28
65
307
365
37
-171
-127
112
-18
-166
170
387
105
-40
-134
-89
241
53
20
136
204
273
-77
-158
-20
-80
17
58
161
197
-16
-174
-123
-18
24
151
205
181
166
65
-59
-19
17
44
85
120
215
167
-108
-253
-193
-64
-13
29
68
-40
-211
-318
-298
-305
-179
39
139
39
-155
-159
-102
-198
-226
-4
218
269
-40
-339
-193
-58
-96
-72
80
108
31
-166
-182
-54
9
52
-102
-129
56
286
106
-112
-63
151
177
-57
93
337
314
13
-181
8
242
136
5
30
22
120
71
24
7
10
167
74
-37
59
232
147
-104
-125
58
145
50
61
16
52
57
-81
-75
-45
-63
-51
-20
-85
-80
-12
-99
-145
-148
-83
44
-28
-99
-86
87
2
-163
-7
25
-41
-83
-28
-110
-108
-70
-158
-61
-17
16
45
-89
-79
-26
-10
14
-76
1
76
56
40
84
110
-15
15
-16
-86
24
78
41
50
137
-8
-156
-13
63
34
67
125
133
133
56
25
131
117
94
114
46
35
39
0
31
51
31
53
29
-5
49
32
-78
-99
-19
60
26
-73
-102
-57
-67
-137
-69
-15
-35
-64
-105
-99
-80
-70
-139
-150
-84
-48
39
35
-65
-26
-10
-11
17
-36
30
55
-13
-67
-30
83
36
-36
-78
-55
-4
-18
-58
-105
-4
95
111
117
91
45
-6
31
93
139
219
284
184
37
53
-2
-42
-11
16
114
121
53
-56
-96
-126
-164
-150
-70
70
27
-25
-93
-15
152
142
129
70
66
61
44
39
55
57
-57
-56
-78
-111
-59
-149
-210
-242
-276
-176
-81
-14
-54
-115
-81
-131
-140
-110
-92
20
124
152
131
167
68
-71
-27
-52
-19
39
41
71
54
18
-88
-123
-62
-60
2
124
99
40
46
20
46
99
138
158
98
19
16
55
56
69
71
37
44
50
69
79
43
-9
-35
14
29
13
66
129
113
76
37
-65
-62
-8
-14
69
128
59
-46
-189
-227
-105
4
42
-32
-59
-18
-46
-86
-72
-9
-22
-85
-124
-40
63
57
-18
-153
-151
-83
-76
-74
-74
8
31
-117
-203
-181
-99
-9
-51
-28
86
99
-16
-140
-50
106
149
103
29
56
54
-81
-147
-101
16
130
77
3
17
-18
-54
-154
-150
123
233
180
136
37
45
34
-92
16
210
178
147
5
-91
83
46
-39
26
57
113
54
-39
-8
32
44
39
26
64
162
152
53
31
56
87
72
15
42
84
28
-16
-59
-101
-53
-96
-176
-98
-82
-117
-94
-80
10
41
-34
-24
-38
-27
69
111
149
118
9
-16
-67
-101
26
50
-15
-30
-98
-134
-154
-175
-121
-51
3
-40
-66
-12
-38
-107
-115
-49
-10
4
43
-1
-67
-66
-74
-32
9
10
37
-6
-93
-132
-130
-115
-71
-37
51
93
-21
-40
-46
-74
-70
-89
15
66
24
19
-22
-40
-52
-42
22
79
102
123
90
44
67
87
111
89
119
152
94
95
80
93
109
111
128
145
156
102
56
55
134
165
125
133
101
93
61
28
78
63
49
-15
-52
23
38
4
-59
-77
-39
-17
-23
-50
-66
-75
-66
-44
-28
2
-9
-68
-131
-147
-103
-82
-64
-52
-63
-62
-89
-159
-181
-137
-102
-37
42
41
-53
-119
-117
-109
-73
-42
-4
42
33
-9
-20
-23
-72
-118
-118
-66
-3
3
-18
-71
-138
-134
-115
-79
-6
21
2
-83
-104
-22
-5
-8
-16
-30
-5
-12
5
16
26
66
28
-24
-11
74
106
79
95
79
54
92
114
90
141
218
194
138
140
123
71
83
108
105
126
152
169
144
91
75
31
-10
-1
56
129
162
166
91
-1
2
15
19
49
52
33
-15
-31
-47
-94
-88
-82
-73
-47
-9
13
-28
-67
-98
-135
-144
-138
-99
-26
13
-21
-76
-132
-155
-138
-91
-9
35
55
27
-48
-104
-128
-82
-39
8
63
56
34
-15
-90
-133
-153
-147
-82
-45
-47
-27
-65
-144
-154
-143
-115
-55
0
10
-27
-65
-94
-90
-76
-22
44
22
16
22
-3
-33
-48
-39
-57
-51
-25
15
83
105
77
14
-42
-75
-66
-13
54
104
132
151
121
83
75
56
88
163
223
269
282
247
167
111
77
77
112
146
172
133
100
90
81
101
113
118
88
74
76
44
37
25
21
23
13
-9
4
50
38
20
2
-51
-69
-61
-44
-55
-63
-60
-134
-208
-216
-150
-82
-63
-57
-60
-42
-31
-61
-93
-119
-134
-129
-80
-43
-43
-44
-88
-158
-191
-149
-88
-42
-43
-68
-55
-46
-74
-124
-123
-83
-47
-10
-13
-27
-37
-61
-73
-90
-68
5
29
-18
-38
-19
-28
-70
-80
-68
-21
62
90
30
-24
-30
-33
-16
14
51
86
72
34
9
16
50
57
64
93
152
194
176
134
103
88
106
155
137
126
164
159
158
130
109
91
72
89
76
83
80
48
-2
-34
-5
18
27
1
-29
-34
-26
8
-8
-20
3
-5
-32
-53
-54
-70
-119
-129
-107
-86
-24
-1
-28
-53
-53
-54
-79
-91
-105
-104
-99
-52
8
24
57
61
32
-15
-52
-17
26
82
133
120
67
45
10
-78
-106
-57
3
64
94
76
60
82
80
11
-46
-7
49
51
31
10
-7
-29
-53
-105
-111
-72
-56
-83
-143
-149
-112
-97
-107
-125
-102
-87
-123
-196
-248
-228
-160
-95
-73
-15
44
42
19
-50
-88
-74
-52
-17
14
57
93
110
36
-28
0
34
99
164
188
151
123
131
84
68
114
136
149
180
156
104
125
117
88
124
136
151
185
159
105
105
129
118
95
84
55
37
31
-5
1
22
-16
-53
-39
-73
-107
-75
-89
-80
-60
-106
-90
-52
-84
-95
-66
-73
-61
-20
-53
-64
-38
-28
-9
-16
-22
-19
-1
-36
-96
-100
-100
-99
-75
-70
-90
-60
-58
-103
-80
-94
-119
-54
-53
-70
-37
-45
-59
-70
-129
-156
-107
-84
-67
-57
-38
13
5
-46
-89
-103
-66
-37
-15
48
66
47
27
-17
-19
20
44
99
122
96
127
122
91
99
97
114
158
168
167
168
131
144
159
135
156
141
137
166
119
82
82
68
58
67
94
125
108
73
52
-17
-27
-11
-44
-27
3
21
25
-31
-85
-103
-124
-135
-112
-88
-61
-50
-83
-97
-115
-134
-96
-68
-49
-39
-55
-41
-36
-69
-93
-69
-36
-53
-85
-107
-85
-46
-15
8
12
26
40
16
-12
-30
-10
63
81
43
33
22
26
19
-35
-24
38
49
9
-26
-38
-39
-50
-41
-29
-15
4
-10
-35
-78
-102
-61
-12
-4
-13
-20
-35
-43
-64
-99
-73
-14
0
-12
-12
-6
4
-1
-23
-27
2
24
38
52
46
57
64
42
15
4
11
10
7
19
40
66
86
60
29
13
-1
25
42
45
65
81
92
61
16
19
39
63
69
66
94
82
30
-12
-31
-3
26
47
60
54
21
-17
-37
-56
-30
29
71
85
51
19
11
-6
-8
-16
13
61
56
46
19
-1
-8
-16
-7
1
24
38
22
12
-11
-22
-29
-46
-39
-39
-34
-41
-63
-73
-113
-107
-81
-90
-57
-46
-68
-72
-84
-97
-98
-80
-69
-68
-39
-26
-48
-49
-49
-66
-75
-88
-96
-81
-51
-53
-60
-42
-49
-73
-76
-66
-48
-16
13
31
24
21
32
20
27
35
36
57
53
39
29
65
118
100
103
116
97
97
81
73
89
104
113
96
84
71
44
47
56
61
69
74
75
38
27
73
78
65
53
16
16
25
21
7
7
46
22
-3
-8
-34
2
22
20
2
-26
-27
-48
-45
-38
-27
21
25
-12
-39
-68
-64
-42
-32
-22
-17
2
-23
-69
-67
-70
-42
-7
-16
-25
-40
-28
-35
-58
-29
-23
-21
-10
-19
-30
-50
-53
-73
-97
-94
-91
-77
-78
-86
-68
-48
-38
-71
-105
-96
-66
-37
-11
-1
-2
-10
-35
-52
-70
-67
-15
29
36
14
-3
7
14
25
50
84
105
100
95
66
46
51
64
81
96
94
83
76
46
19
25
53
69
74
88
81
63
64
56
43
29
32
41
39
43
46
57
51
26
4
-21
-24
0
12
16
8
-17
-28
-43
-64
-68
-38
0
1
-3
-8
-42
-58
-51
-48
-31
-2
20
19
0
-22
-37
-25
-14
-13
0
4
11
11
-17
-31
-19
0
-1
-14
-27
-42
-35
-16
-20
-34
-20
-17
-29
-50
-57
-52
-58
-54
-63
-67
-72
-78
-68
-78
-85
-51
-14
-12
-22
-27
-25
-23
-8
2
9
35
49
27
7
-4
10
41
48
55
70
102
99
73
61
44
62
81
76
81
87
82
57
26
23
44
78
86
74
66
57
61
49
27
23
42
50
29
2
-14
-35
-44
-38
-23
3
6
11
1
-30
-30
-12
-5
-24
-27
-25
-43
-61
-76
-70
-62
-64
-75
-83
-77
-77
-71
-62
-57
-51
-47
-52
-54
-42
-36
-26
-25
-38
-25
-16
-27
-49
-62
-46
-32
-8
11
11
20
10
-12
-12
1
26
44
37
31
23
12
6
2
-6
3
21
23
9
6
11
20
33
37
51
69
65
45
33
18
7
29
55
63
67
56
29
5
-1
7
30
56
48
41
27
-11
-20
5
21
17
27
24
-2
-7
-14
-18
-4
10
10
-5
-9
-20
-30
-17
-10
7
31
24
20
9
-17
-24
-18
-14
-3
30
38
16
6
-7
-19
-14
-20
-16
7
7
5
5
-19
-33
-36
-53
-65
-51
-32
-24
1
1
-11
-16
-52
-61
-55
-54
-22
6
28
25
-4
-22
-43
-43
-23
-2
12
7
13
11
-20
-31
-29
-26
-10
-1
8
10
3
-2
-6
-9
-1
26
42
27
14
-7
-19
-12
-13
1
12
18
32
30
18
-1
-22
-19
-14
-8
17
51
66
39
2
-27
-44
-36
-1
36
57
75
68
26
-21
-38
-8
34
56
70
64
38
1
-34
-43
-20
17
43
33
11
1
5
-8
-28
-28
-6
21
17
9
3
-11
-18
-20
-17
-11
7
35
40
11
-9
-9
-15
-23
-27
-12
13
15
1
-26
-52
-47
-37
-32
-15
-1
11
8
-16
-36
-38
-23
-12
-5
2
15
17
10
4
-16
-47
-40
-12
-7
-4
12
22
9
-23
-46
-49
-18
-3
-16
-14
-16
-21
-34
-48
-36
-3
21
26
17
6
-7
-10
14
25
45
73
89
63
16
6
2
15
47
55
73
98
80
45
4
-19
-7
8
-4
-6
24
40
8
-14
-22
-18
0
-10
-12
1
20
28
22
27
14
10
16
-12
-14
0
16
32
14
-5
-21
-33
-36
-45
-47
-35
-18
-21
-46
-53
-26
0
-5
-28
-33
-47
-64
-83
-98
-68
-42
-32
-26
-12
6
10
-2
3
16
10
8
22
22
15
17
2
-16
-35
-53
-56
-50
-43
-17
2
19
34
26
16
13
17
9
5
32
53
42
25
22
29
35
42
36
40
42
37
30
26
42
69
65
43
34
26
8
-8
-6
12
23
29
29
17
0
-21
-45
-51
-22
0
4
14
30
26
14
17
21
23
28
27
16
7
-3
-4
-9
-16
-5
16
17
11
-11
-29
-36
-37
-39
-28
-6
1
-7
-15
-27
-36
-27
-23
-28
-22
-5
-11
-28
-43
-55
-56
-34
-17
-14
-12
-10
-17
-38
-55
-44
-20
3
13
-2
-16
-16
-21
-40
-45
-29
-7
-2
-7
-8
4
18
23
22
13
15
21
6
-9
-3
7
14
24
25
10
13
13
-1
-9
0
17
33
41
33
34
38
27
16
19
31
42
38
20
8
8
0
-3
4
5
2
0
-20
-35
-32
-23
-16
-19
-28
-41
-52
-49
-44
-43
-35
-27
-20
-26
-32
-26
-13
-6
-10
-9
3
19
19
3
5
15
14
9
2
13
21
20
16
11
26
53
45
29
27
21
9
3
14
23
29
30
26
32
32
25
33
40
31
35
40
26
30
33
22
21
27
23
17
-2
-21
-28
-35
-36
-33
-28
-20
-10
-16
-30
-45
-44
-43
-43
-36
-25
-7
-7
-28
-40
-45
-41
-24
-17
-15
3
16
8
-10
-26
-22
-17
-30
-38
-21
2
10
2
-3
-6
-11
-13
-28
-26
1
9
-5
3
6
0
-2
-2
3
11
14
23
25
15
3
-6
-6
6
28
42
43
40
31
9
-8
-6
15
34
40
44
55
47
32
23
18
30
45
50
58
52
30
20
20
11
1
5
9
2
-7
-12
-4
20
24
13
17
29
27
5
-10
-9
-13
-18
-18
-9
-8
-8
-5
-11
-17
-16
-8
1
4
4
-5
-16
-29
-52
-69
-73
-62
-57
-51
-43
-38
-27
-22
-25
-34
-39
-47
-64
-74
-60
-44
-35
-16
-6
-9
-25
-39
-40
-33
-21
-6
9
18
16
4
-9
-19
-15
-9
0
22
36
40
42
35
35
38
41
43
45
32
16
19
23
26
21
17
20
18
16
16
26
42
57
45
25
17
18
-1
-13
-12
-11
-9
-7
-6
-3
1
6
16
13
12
21
23
10
-2
-3
1
6
11
10
0
-1
2
9
16
24
33
25
3
-5
-8
-2
13
23
25
27
25
18
4
-11
-10
-5
-7
-12
-10
-11
-11
-9
-18
-24
-29
-34
-33
-32
-24
-2
11
1
-7
-14
-24
-37
-45
-44
-42
-39
-29
-15
-7
-2
-1
-9
-15
-11
-15
-19
-13
-6
-12
-24
-25
-22
-34
-47
-44
-34
-24
-16
-5
10
26
31
23
17
15
16
12
-1
-10
-10
-1
10
15
21
26
15
5
0
5
13
26
32
35
37
36
29
16
15
22
29
38
46
41
31
22
18
16
18
33
32
21
10
1
-12
-21
-15
-1
10
13
11
5
-2
-1
9
9
7
8
8
1
-7
-8
-14
-20
-30
-34
-29
-26
-24
-18
-13
-13
-16
-13
-5
-5
-14
-16
-12
-10
-10
-10
-4
9
12
10
18
23
27
25
17
16
18
15
9
6
-2
-17
-31
-35
-32
-26
-26
-33
-27
-23
-33
-36
-26
-25
-31
-32
-35
-28
-25
-27
-21
-15
-12
-7
-2
3
6
7
1
-6
-6
-4
-12
-1
9
0
-3
-4
-7
-8
-15
-12
-1
5
12
23
31
34
39
36
32
29
29
30
33
45
49
45
38
30
21
15
19
29
36
31
25
20
18
11
4
10
18
17
11
11
17
26
18
11
23
24
10
-3
-8
-9
-7
-5
2
4
-3
-13
-29
-41
-45
-39
-19
-4
7
9
-2
-11
-25
-41
-42
-33
-27
-25
-25
-24
-26
-36
-43
-42
-37
-38
-39
-32
-29
-28
-21
-13
-10
-13
-19
-14
-7
-14
-16
-11
-2
8
11
17
20
16
5
-6
-10
-10
-5
5
18
29
37
35
29
22
16
8
14
26
33
39
37
25
8
-5
-14
-15
-9
-4
6
10
10
9
3
0
-3
0
7
8
5
-1
-7
-10
-8
-4
9
28
32
29
28
17
3
-7
-15
-13
-2
1
-1
-1
-9
-22
-26
-21
-10
5
13
25
37
36
26
17
13
13
10
18
27
24
17
5
-3
-7
-6
-5
-4
-5
-10
-18
-17
-15
-11
-5
-4
-4
-8
-17
-23
-22
-23
-23
-14
-14
-20
-23
-32
-45
-46
-42
-35
-20
-5
8
8
4
-2
0
1
-5
-4
1
8
13
16
16
11
0
-13
-19
-19
-11
1
13
22
22
14
1
-9
-17
-11
1
17
32
34
33
24
19
14
11
5
2
-3
-6
-8
-4
5
10
15
10
2
-2
-5
-4
6
14
22
31
26
16
5
-8
-15
-15
-11
-11
0
10
9
7
6
7
10
8
3
11
14
11
11
12
14
15
18
21
18
16
14
13
11
4
-3
-10
-16
-20
-22
-19
-16
-17
-23
-25
-31
-32
-29
-33
-26
-22
-26
-32
-37
-43
-42
-35
-28
-18
-11
-13
-14
-15
-18
-18
-6
3
6
7
6
5
5
1
3
11
16
19
19
25
23
22
14
6
4
5
14
18
19
26
24
19
13
1
-2
0
9
16
18
31
39
33
18
1
2
4
3
11
21
31
34
26
16
13
7
3
1
0
4
3
4
7
0
0
-1
-10
-13
-14
-5
-2
-1
-3
-12
-15
-24
-29
-24
-23
-27
-30
-28
-27
-26
-17
-11
-9
-12
-23
-25
-24
-19
-18
-22
-22
-20
-18
-22
-26
-27
-21
-24
-29
-20
-1
18
27
26
29
31
32
23
16
13
14
21
25
31
39
35
24
16
8
7
9
11
16
18
17
15
11
5
1
-3
-10
-14
-13
-5
3
9
15
18
12
6
0
-2
-5
-9
-2
5
15
22
23
23
17
4
0
1
7
21
23
20
16
8
0
-4
-12
-15
-19
-25
-26
-29
-32
-35
-33
-27
-18
-10
-14
-20
-23
-24
-22
-18
-18
-22
-23
-30
-30
-22
-12
0
14
17
18
14
6
3
2
8
16
23
29
31
30
25
19
15
15
19
21
20
18
12
10
-2
-15
-23
-30
-30
-29
-24
-19
-14
-11
-9
-14
-19
-21
-22
-18
-12
-9
-6
0
4
5
5
3
5
8
7
1
1
4
7
12
12
11
10
4
-3
-11
-13
-9
5
17
26
31
26
19
5
-6
-12
-8
0
8
13
9
6
-1
-4
-15
-19
-15
-12
-4
-3
-1
3
4
-3
-5
0
2
3
5
8
10
15
16
19
19
11
0
-4
-4
-7
-9
-9
-9
-5
-7
-7
-6
-10
-13
-15
-11
-4
2
11
15
12
7
-5
-13
-13
-13
-8
-4
3
8
8
6
5
2
0
-1
-3
-1
1
2
5
5
5
2
7
13
12
15
14
11
11
10
13
15
9
7
1
-7
-10
-13
-15
-20
-25
-23
-13
-3
1
4
1
-4
-10
-12
-10
-3
-1
-1
-9
-13
-8
-6
-1
-3
6
11
9
18
21
25
22
12
13
14
7
2
-4
-5
-6
-10
-6
-1
8
9
4
0
0
0
-4
-9
-11
-10
-10
-9
-7
1
4
-1
-5
-5
-5
-6
-3
5
8
3
-5
-7
-12
-18
-20
-14
-4
5
12
13
14
11
4
2
-1
-3
-1
-1
2
5
7
8
7
11
12
4
1
2
6
8
5
6
5
-2
-6
-13
-18
-20
-23
-20
-18
-16
-10
-7
-6
-2
-6
-8
-4
-7
-2
5
8
17
17
13
12
7
11
12
13
11
11
9
5
5
3
1
0
-4
-1
4
2
-1
-5
-4
-8
-9
-9
-7
-5
-3
-6
-5
-5
-11
-13
-17
-15
-14
-12
-8
-3
-1
2
1
-3
-4
-14
-17
-15
-13
-5
-3
1
4
4
3
1
1
1
5
8
10
11
13
14
14
15
16
12
13
13
11
13
18
18
18
14
7
6
11
14
17
22
23
24
20
16
13
17
19
19
24
26
27
21
12
6
6
5
-1
-3
-2
-2
-7
-9
-5
-4
-6
-9
-13
-16
-19
-24
-27
-28
-24
-23
-20
-15
-12
-9
-8
-6
-8
-4
0
1
0
-2
-1
-7
-11
-16
-20
-24
-25
-23
-20
-20
-22
-27
-28
-25
-28
-28
-22
-18
-13
-13
-14
-16
-15
-9
-8
-9
-9
-8
-6
-5
-7
-5
4
9
13
14
16
20
16
16
14
14
17
19
21
22
23
22
17
14
14
9
8
10
10
8
11
14
16
18
16
11
13
19
20
23
28
31
32
26
21
19
19
16
16
12
10
12
10
10
9
9
9
10
9
9
10
7
6
1
-1
-4
-6
-12
-20
-18
-20
-20
-19
-19
-20
-27
-29
-29
-29
-27
-25
-26
-25
-19
-17
-19
-21
-25
-27
-21
-18
-14
-3
3
6
8
9
4
-3
-9
-17
-19
-17
-14
-4
4
-1
-6
-13
-19
-17
-18
-14
-8
-1
14
21
23
19
11
7
4
0
3
9
16
25
33
38
36
35
26
18
11
1
-3
3
7
6
7
0
-7
-14
-28
-39
-43
-40
-32
-22
-13
-8
-4
-3
-4
-11
-16
-18
-19
-11
1
11
21
31
37
37
37
27
20
13
9
6
10
14
16
15
9
1
-13
-17
-22
-25
-14
-6
2
15
15
11
7
3
0
-3
-5
-7
-4
3
5
9
14
7
4
6
5
9
13
14
15
10
4
2
-2
-3
-7
-12
-13
-16
-19
-16
-16
-16
-19
-20
-21
-19
-12
-12
-11
-10
-10
-6
1
2
4
6
6
8
9
14
20
17
13
5
0
-3
-5
-1
2
8
11
18
24
26
24
17
9
2
-7
-11
-13
-9
-7
0
2
-1
-4
-8
-11
-13
-17
-11
-3
6
12
9
8
9
5
-1
1
1
1
8
11
13
17
17
11
11
11
2
-6
-5
-8
-10
-7
-5
-6
-3
-3
-14
-14
-22
-30
-25
-23
-20
-9
1
-1
-5
-5
-15
-18
-17
-19
-10
-4
4
12
17
20
21
19
19
17
15
19
18
20
21
12
12
12
11
11
6
-2
-10
-13
-18
-16
-7
-3
-4
-4
-7
-9
-12
-17
-22
-21
-11
-5
-3
1
0
0
1
-3
-1
-3
-4
-2
-6
-2
-1
6
14
18
19
19
20
17
15
16
15
15
18
20
22
23
16
6
1
-10
-16
-14
-13
-12
-14
-16
-16
-20
-23
-26
-34
-35
-32
-32
-24
-20
-20
-13
-14
-12
-12
-12
-6
-5
-1
8
13
17
20
18
17
14
13
13
12
12
10
9
12
5
4
2
-1
-1
-4
0
-3
-3
-4
-4
-4
-7
-6
-6
0
7
12
15
20
23
27
30
29
31
35
38
44
38
31
27
18
14
12
6
8
11
10
11
9
4
-2
-10
-17
-23
-25
-24
-25
-27
-28
-35
-35
-34
-38
-36
-36
-32
-29
-25
-19
-15
-11
-7
-4
-2
2
0
1
3
3
3
2
2
1
0
-1
-8
-10
-11
-16
-14
-11
-9
-8
-9
-12
-13
-12
-16
-16
-13
-14
-13
-8
-4
0
1
0
0
2
6
6
5
6
5
2
3
4
6
6
8
8
8
12
15
17
17
16
14
15
16
13
13
14
8
7
11
8
11
11
8
5
4
5
9
12
15
12
14
14
12
17
19
21
23
25
22
22
21
19
20
20
19
15
15
16
11
7
5
0
-3
-2
-7
-5
-2
-7
-7
-10
-10
-9
-10
-7
-8
-12
-11
-16
-15
-6
-2
4
3
1
-5
-7
-5
-8
-7
-7
-9
-10
-11
-15
-20
-25
-29
-30
-31
-30
-34
-37
-41
-44
-40
-35
-31
-28
-28
-27
-25
-21
-16
-13
-9
-4
-1
2
2
0
0
-2
3
5
9
17
17
18
17
15
17
19
16
18
18
16
16
13
12
13
10
10
11
7
7
9
9
11
10
10
9
7
8
7
6
7
9
12
13
14
15
17
16
13
9
6
5
8
10
8
10
9
8
8
10
12
12
14
13
10
6
-1
-6
-5
-7
-5
-2
-3
-4
-6
-9
-14
-17
-15
-14
-16
-10
-9
-8
-6
-9
-11
-13
-14
-13
-12
-7
-2
0
7
7
3
1
-3
-6
-4
-1
1
8
13
18
21
19
13
11
5
0
-1
-3
-1
-2
-3
-4
-4
-6
-12
-13
-15
-13
-9
-5
-1
6
7
3
0
-10
-17
-17
-19
-16
-10
-7
-3
0
2
1
-3
-6
-9
-9
-8
-6
-1
6
9
9
7
0
-3
-5
-8
-6
-6
-5
-3
-5
-4
-5
-9
-8
-7
-6
-1
3
4
9
12
13
15
16
15
13
9
4
2
2
6
9
13
18
17
17
14
13
15
16
20
22
20
21
15
9
5
0
-3
-4
-7
-6
-3
-2
-2
-5
-5
-5
-9
-8
-10
-14
-12
-15
-15
-15
-17
-16
-20
-22
-19
-20
-16
-13
-11
-8
-5
-6
-3
1
0
0
2
-1
-7
-9
-11
-10
-4
2
5
10
14
16
17
15
14
12
13
13
9
7
5
1
-2
-4
-7
-8
-8
-6
-5
-5
-4
-5
-3
-1
-3
-3
-7
-14
-20
-21
-19
-14
-12
-9
-6
-4
-4
-1
2
5
6
8
9
12
14
14
13
14
17
18
19
22
23
21
17
18
15
14
13
12
9
6
3
-1
-5
-7
-10
-10
-12
-11
-7
-8
-4
-5
-9
-10
-15
-14
-15
-15
-11
-7
-3
2
7
10
9
11
13
13
13
13
14
19
19
18
16
11
7
4
-1
-4
-7
-7
-8
-9
-8
-9
-7
-7
-9
-9
-10
-12
-11
-11
-9
-6
-3
-3
-2
-4
-10
-15
-18
-19
-19
-17
-14
-11
-8
-9
-6
-5
-5
-2
-4
-3
-1
2
7
7
6
4
-2
-6
-7
-8
-6
-4
-1
4
7
12
12
11
10
6
2
0
-2
-3
-2
-1
0
0
0
-1
-4
-5
-6
-5
-4
0
2
6
11
10
7
5
4
6
9
15
22
30
36
36
33
31
25
19
20
15
15
15
14
15
18
20
20
16
11
10
9
5
3
-1
-6
-11
-16
-17
-21
-24
-24
-24
-24
-22
-21
-16
-12
-13
-14
-17
-21
-23
-25
-25
-23
-22
-20
-20
-17
-15
-16
-14
-14
-16
-14
-13
-9
-10
-11
-15
-16
-13
-13
-10
-5
-2
-1
-2
-2
-6
-11
-13
-16
-16
-7
1
10
18
24
26
26
29
26
23
23
17
12
11
11
7
6
5
0
0
0
-2
0
2
4
4
6
7
7
8
7
5
6
8
10
13
13
16
18
20
25
26
32
36
33
34
32
29
28
24
24
21
17
12
6
-1
-5
-8
-12
-12
-17
-21
-25
-28
-28
-25
-21
-18
-16
-12
-7
-4
-1
5
10
9
7
3
-4
-9
-16
-20
-22
-25
-26
-28
-28
-29
-32
-28
-27
-22
-16
-9
-5
-3
-1
-2
-1
-2
-2
-3
-6
-8
-11
-11
-9
-8
-5
-3
-1
-4
-7
-9
-12
-14
-11
-8
-5
3
8
8
10
6
5
2
1
1
-1
1
-1
-2
-3
-5
-2
0
4
7
9
14
14
12
15
13
16
18
18
23
26
28
29
33
37
41
44
46
43
35
27
22
17
14
11
8
6
4
-1
-4
-5
-6
-7
-8
-11
-14
-17
-19
-18
-18
-15
-13
-11
-8
-10
-11
-12
-12
-9
-8
-5
-1
1
4
2
-4
-11
-16
-18
-19
-18
-17
-19
-18
-19
-23
-22
-25
-27
-29
-26
-22
-17
-12
-9
-8
-7
-8
-10
-8
-5
-2
5
12
16
19
19
18
14
11
6
2
-2
-1
2
5
9
14
17
18
18
16
15
15
13
13
14
12
12
9
8
6
3
4
4
5
6
2
-1
-3
-7
-9
-9
-10
-10
-10
-8
-8
-3
1
3
8
11
14
18
18
15
10
6
1
-3
-6
-10
-13
-14
-16
-16
-15
-12
-9
-8
-4
-3
-2
3
5
9
15
18
19
18
17
16
15
12
11
11
10
9
6
3
1
-2
-3
-2
-2
-2
0
0
0
0
1
2
2
-1
-6
-11
-15
-21
-23
-25
-26
-27
-26
-27
-29
-26
-23
-19
-14
-11
-6
-1
0
1
-1
-2
-5
-5
-4
-2
-1
3
3
3
4
1
-1
-4
-10
-15
-16
-11
-9
-1
4
5
10
13
13
16
18
18
17
16
13
12
13
9
6
5
4
2
4
6
8
10
12
15
15
14
10
6
7
5
5
8
10
14
20
18
16
13
13
11
9
9
7
6
6
6
7
6
4
-1
-3
-7
-8
-4
-1
0
2
3
5
4
3
0
-5
-7
-9
-7
-6
-6
-9
-8
-8
-8
-10
-12
-18
-23
-23
-27
-30
-31
-33
-33
-33
-28
-22
-19
-12
-10
-7
-4
-4
0
0
-2
0
-1
-3
-5
-10
-9
-10
-14
-10
-10
-11
-7
-2
4
10
13
15
16
14
12
10
9
8
10
11
13
17
22
25
27
32
31
29
25
19
11
6
2
-1
-2
-3
-4
-3
-2
-3
-4
-6
-8
-9
-8
-5
-3
2
7
10
12
14
13
8
2
-3
-6
-5
-2
4
9
12
13
14
9
2
-2
-5
-7
-6
-4
-2
-3
-5
-7
-13
-14
-15
-15
-11
-7
-2
2
5
6
5
7
4
3
4
4
3
4
9
7
5
3
-4
-5
-4
-4
-1
-2
-1
-1
-3
-4
-5
-4
-1
4
10
10
7
4
-1
-5
-13
-18
-18
-20
-19
-19
-16
-12
-11
-11
-14
-14
-9
-5
0
1
0
-1
-3
-6
-13
-18
-24
-27
-26
-26
-21
-17
-15
-14
-13
-12
-10
-5
-1
7
13
16
19
21
18
14
8
6
10
15
24
32
38
45
47
44
40
35
30
24
19
18
20
22
20
19
19
15
9
3
-1
-4
-4
-7
-9
-8
-8
-8
-11
-14
-13
-15
-17
-15
-14
-7
-4
-3
-2
1
5
4
3
3
6
10
8
6
5
2
-1
-6
-7
-8
-10
-13
-18
-21
-23
-26
-28
-34
-34
-33
-30
-26
-27
-27
-22
-22
-19
-18
-17
-14
-12
-8
-3
2
7
13
14
15
13
7
1
-4
-5
-4
-1
3
10
13
11
12
6
2
0
1
3
5
8
9
11
16
17
18
19
19
20
25
31
33
34
31
22
17
12
12
15
16
16
16
16
14
12
9
6
4
0
-4
-9
-15
-21
-24
-24
-24
-21
-17
-15
-15
-16
-16
-17
-18
-19
-20
-16
-12
-9
-7
-7
-2
-2
-3
-6
-8
-6
-3
-4
-4
-2
3
8
13
14
14
15
14
15
13
12
10
10
10
9
9
9
6
4
5
4
4
3
1
0
-2
-4
-5
-7
-7
-10
-14
-16
-15
-11
-10
-10
-8
-5
1
0
-1
-1
-3
-4
-5
-3
-1
-1
1
-3
-5
-8
-10
-10
-8
-8
-5
-3
-2
-2
-2
-2
-4
-5
-6
-6
-8
-8
-8
-8
-7
-6
-5
-5
1
4
7
9
8
9
7
1
0
-1
1
3
4
6
6
8
8
8
7
8
7
7
6
8
11
13
15
19
22
23
25
22
21
22
19
18
20
24
25
24
23
18
11
6
3
0
-1
-1
0
0
-4
-7
-10
-15
-19
-18
-19
-18
-17
-19
-19
-19
-18
-18
-17
-16
-15
-18
-20
-21
-23
-24
-22
-19
-18
-19
-17
-16
-15
-15
-16
-16
-16
-14
-11
-6
-4
-2
-1
2
2
2
1
-2
-3
-8
-10
-10
-10
-7
-1
5
10
14
16
19
21
21
22
23
24
22
20
18
19
20
21
21
21
22
21
20
20
14
12
7
4
2
-1
-2
0
1
1
2
-1
-2
-5
-5
-5
-5
-2
1
3
4
5
8
8
6
5
4
2
-1
-5
-6
-6
-9
-11
-13
-12
-10
-11
-11
-13
-13
-14
-18
-20
-21
-20
-19
-18
-17
-15
-11
-8
-5
-2
1
3
2
2
3
4
5
2
3
6
7
11
10
13
15
15
17
13
9
7
5
3
0
-4
-3
-3
-4
-4
0
3
4
4
5
6
6
7
6
6
6
5
2
1
0
-4
-5
-7
-7
-7
-7
-7
-7
-10
-13
-15
-15
-15
-14
-13
-12
-12
-10
-8
-8
-4
0
4
9
12
14
16
16
14
13
12
10
8
7
8
6
6
7
8
9
8
7
7
8
8
6
4
0
0
-1
-2
-2
-3
1
1
3
3
2
0
-2
-2
-4
-3
-4
-5
-6
-5
-5
-2
-5
-8
-10
-10
-10
-11
-10
-7
-7
-7
-7
-6
-7
-10
-10
-11
-13
-14
-12
-10
-10
-7
-6
-5
-5
-5
-2
1
3
7
9
12
12
12
11
9
9
11
13
15
15
16
15
15
12
9
8
6
5
6
7
8
8
8
8
9
7
6
4
4
5
5
8
8
6
3
1
-3
-7
-9
-10
-9
-6
-7
-5
-3
-1
2
5
6
8
8
11
10
7
4
0
-5
-9
-14
-17
-21
-24
-29
-31
-32
-29
-27
-24
-23
-21
-17
-15
-14
-10
-6
-4
1
4
6
9
11
15
16
16
15
11
8
5
5
3
1
1
0
-2
-2
-2
-2
-1
-1
-1
1
2
4
4
5
4
4
3
4
3
7
11
10
11
11
11
8
6
5
3
1
-1
0
0
-1
-4
-5
-7
-9
-10
-7
-5
-1
3
6
7
6
7
7
6
7
7
7
7
5
7
6
8
5
3
2
0
-1
-2
-1
-1
0
1
-3
-3
-3
-6
-7
-8
-8
-9
-10
-9
-9
-6
-4
-4
-2
-1
-1
1
2
4
4
5
5
5
5
3
0
-3
-4
-3
-3
-1
-1
4
5
4
3
2
2
2
2
1
2
3
4
5
4
6
8
6
8
7
9
7
3
-2
-10
-11
-12
-13
-12
-9
-7
-5
-2
-1
-1
-3
-7
-10
-16
-17
-18
-18
-17
-14
-12
-9
-7
-6
-5
-6
-5
-3
-1
1
3
5
6
6
6
4
2
0
-1
1
4
5
6
6
6
8
9
13
14
16
18
19
22
24
23
21
15
12
10
9
8
7
6
3
0
-1
-3
-4
-5
-7
-7
-5
-2
2
4
4
3
1
1
1
-1
-4
-7
-9
-8
-8
-9
-11
-14
-18
-21
-20
-21
-21
-20
-21
-21
-21
-20
-20
-19
-19
-16
-14
-8
-5
-2
0
1
1
1
2
2
7
10
14
18
19
19
18
16
14
13
12
11
10
9
8
8
8
6
4
2
2
4
7
12
15
17
19
20
18
16
13
11
8
5
2
-1
0
-1
-3
-5
-5
-4
-1
1
0
-3
-6
-8
-9
-8
-9
-8
-8
-8
-8
-7
-4
-4
-5
-5
-8
-9
-11
-13
-12
-14
-16
-11
-10
-8
-6
-5
-2
-2
-3
-2
0
4
5
6
6
4
2
-2
-7
-10
-11
-10
-7
-7
-6
-3
-1
0
1
4
4
3
3
3
4
7
9
9
6
3
1
-1
-2
-3
-3
-2
-6
-6
-6
-6
-5
-5
-4
-1
2
7
10
13
14
14
13
14
13
9
7
7
8
7
6
6
4
4
5
5
5
4
3
2
1
0
2
2
2
2
1
0
-2
-4
-1
-2
-3
-5
-7
-8
-10
-11
-12
-12
-11
-8
-6
-3
3
6
8
9
8
8
8
8
7
7
7
7
6
6
6
7
7
8
8
7
5
2
2
1
1
-1
-3
-7
-7
-6
-6
-5
-4
-4
-4
-5
-6
-7
-7
-8
-9
-11
-12
-12
-13
-14
-14
-17
-19
-21
-21
-19
-17
-16
-15
-14
-14
-12
-11
-10
-9
-7
-3
0
2
3
5
9
12
15
17
17
15
12
8
7
6
6
5
6
9
12
13
15
15
15
16
17
18
18
18
18
18
17
14
12
11
10
7
6
5
3
3
4
4
5
5
4
3
0
-1
-3
-4
-4
-3
-7
-9
-11
-12
-14
-15
-16
-15
-14
-14
-12
-11
-8
-6
-5
-2
1
1
2
1
-1
-3
-5
-7
-11
-13
-16
-15
-14
-12
-11
-11
-11
-12
-12
-11
-11
-10
-9
-5
-1
3
5
6
6
5
3
2
3
3
4
5
6
6
4
3
4
4
6
8
9
9
12
10
9
8
8
8
6
7
7
7
10
11
12
12
11
11
11
12
13
13
13
12
12
10
7
4
0
-1
-6
-9
-12
-13
-13
-13
-11
-8
-7
-5
-4
-3
-1
-1
1
-3
-4
-5
-5
-6
-6
-8
-9
-10
-11
-11
-11
-11
-11
-10
-10
-10
-8
-9
-8
-8
-9
-6
-4
-2
1
4
9
10
11
13
13
11
9
7
4
1
0
0
-1
0
1
1
-1
-2
-3
-3
-4
-3
-2
-1
0
0
2
2
2
4
4
4
5
6
6
4
1
-1
-2
-5
-6
-7
-6
-7
-7
-5
-6
-1
1
1
1
-1
-2
-1
1
3
4
6
8
7
6
4
4
3
4
4
5
3
0
-4
-7
-8
-7
-4
1
4
7
7
7
6
6
5
6
6
6
5
3
0
-3
-5
-6
-5
-2
0
1
0
-2
-5
-5
-4
-3
0
2
3
4
6
4
4
2
1
-1
-2
-3
-4
-5
-5
-7
-9
-9
-9
-11
-11
-13
-14
-13
-12
-10
-6
-5
-2
-1
-1
-2
0
0
0
1
1
2
3
3
4
2
0
1
2
4
5
6
7
7
7
6
6
6
7
5
8
8
10
11
10
9
9
8
9
7
8
7
5
5
5
6
6
5
5
6
8
9
10
9
9
7
4
3
3
0
-3
-5
-6
-6
-6
-7
-7
-8
-9
-9
-9
-10
-9
-8
-9
-9
-9
-11
-13
-15
-15
-15
-14
-15
-14
-13
-12
-11
-11
-10
-9
-7
-6
-3
-1
0
2
3
3
4
4
4
5
4
5
8
10
11
13
12
10
8
6
5
4
4
4
6
5
7
7
5
4
3
2
3
4
6
7
8
7
4
1
-2
-3
-4
-6
-4
-4
-2
-2
-4
-4
-4
-4
-4
-2
-2
-2
-2
-2
-5
-7
-8
-9
-8
-5
-3
-1
0
2
3
4
5
4
2
0
0
0
-1
0
1
1
2
2
4
5
5
5
4
3
3
4
4
4
3
3
3
3
5
5
6
6
7
8
7
7
6
3
1
4
5
5
4
2
3
0
2
0
0
-2
-4
-7
-8
-9
-9
-9
-9
-9
-8
-7
-6
-7
-7
-8
-9
-9
-9
-8
-8
-9
-8
-7
-5
-3
-1
0
-1
0
0
-1
0
0
0
-1
-1
-2
0
-1
-1
0
0
-1
-2
-1
0
0
0
-1
-2
-3
-4
-3
-2
-1
1
1
2
3
4
4
4
6
5
6
4
4
4
5
5
6
7
8
8
9
8
9
9
8
7
6
6
4
2
2
0
1
0
0
1
2
3
2
2
1
2
0
0
1
0
1
1
-1
-2
-4
-5
-6
-7
-9
-9
-8
-8
-8
-7
-6
-7
-7
-8
-8
-9
-10
-9
-8
-6
-6
-4
-5
-4
-4
-4
-2
-1
1
1
2
3
5
5
5
6
6
7
10
10
12
12
13
12
12
12
10
8
7
6
6
5
4
5
3
3
2
1
3
3
1
1
1
0
-1
-1
-2
-2
-4
-4
-6
-7
-10
-10
-12
-13
-13
-12
-13
-11
-11
-10
-10
-9
-9
-9
-9
-9
-8
-7
-6
-5
-5
-4
-4
-5
-6
-5
-3
-2
0
1
3
4
6
7
9
10
12
14
16
16
16
16
16
14
11
10
10
10
10
10
8
7
7
6
6
7
7
8
7
6
6
4
2
0
0
-1
-3
-2
-3
-3
-4
-2
-2
-4
-5
-7
-7
-8
-7
-6
-6
-7
-9
-10
-11
-10
-11
-11
-10
-8
-7
-5
-4
-3
-2
-2
-2
-3
-3
-4
-4
-4
-5
-4
-4
-4
-3
-4
-4
-3
-2
-1
0
1
2
4
4
4
3
1
1
0
2
4
6
7
6
6
7
6
5
3
2
1
-1
-1
-1
0
1
0
1
0
1
2
1
0
1
0
2
2
2
2
0
-2
-2
-2
-3
-3
-1
2
2
4
5
6
4
2
2
2
3
2
3
3
3
3
3
3
2
3
3
4
4
6
6
5
6
4
2
-1
-1
-2
-3
-2
-2
-3
-3
-3
-3
-3
-3
-3
-1
-2
-1
-2
-1
-3
-2
-1
-2
-3
-3
-2
-2
-1
-1
-1
0
-2
-3
-3
-5
-4
-4
-4
-4
-4
-2
0
-1
-2
-1
-1
1
2
3
2
2
1
0
-1
-2
-3
-3
-3
-3
-1
-1
0
0
1
1
1
2
3
1
1
2
3
3
3
4
4
2
2
1
2
1
1
2
1
1
-1
-1
-1
-2
-1
0
-1
1
1
1
0
0
0
-1
-1
-2
0
2
3
5
5
6
5
5
3
3
2
3
4
4
4
2
0
-2
-3
-4
-3
-4
-3
-4
-3
-4
-4
-3
-1
-2
-3
-3
-4
-5
-5
-8
-9
-9
-8
-7
-5
-5
-4
-4
-4
-4
-4
-2
-2
0
1
1
1
2
2
3
4
4
3
2
3
3
2
3
3
4
4
3
3
3
4
4
3
3
4
4
5
5
4
4
5
4
4
4
3
4
5
7
8
9
7
4
2
2
2
2
0
-1
-3
-4
-4
-4
-5
-5
-4
-4
-3
-2
-2
0
2
2
1
1
0
1
0
-1
-1
-2
-3
-3
-5
-5
-4
-4
-4
-4
-4
-4
-5
-5
-5
-4
-3
-4
-4
-4
-5
-5
-5
-4
-4
-4
-3
-3
-3
-2
-1
0
0
0
1
0
1
1
3
3
2
2
2
0
0
1
0
1
0
2
2
2
3
1
0
-2
-2
-1
-2
-1
0
1
2
3
5
5
5
6
6
3
4
4
4
4
3
4
4
4
4
3
3
1
-1
-2
-5
-5
-5
-6
-7
-6
-6
-6
-6
-6
-3
-2
1
2
4
5
4
3
3
3
2
1
0
0
1
2
4
4
4
3
5
6
6
6
5
4
1
0
-2
-1
-1
-3
-3
-3
-2
0
-1
-2
-2
-2
-2
-1
-2
-1
0
1
2
3
3
0
-2
-3
-4
-3
-2
-3
-5
-6
-7
-9
-8
-8
-9
-8
-6
-5
-2
-3
-3
-4
-5
-4
-3
-1
-2
-2
-2
-2
-1
-1
0
-1
0
2
4
6
7
8
8
8
9
9
9
9
7
6
7
6
3
1
0
0
0
0
3
3
2
3
3
5
7
6
6
8
7
6
6
5
5
2
2
0
-2
-4
-5
-6
-4
-2
-1
1
0
0
0
-1
-1
-3
-3
-4
-5
-7
-8
-9
-10
-10
-10
-11
-10
-9
-8
-6
-3
-3
-2
-1
0
0
0
-1
-2
-4
-3
-3
-4
-3
-1
1
4
3
3
4
3
2
1
0
-2
-3
-5
-5
-5
-3
-1
0
3
4
4
5
4
5
4
4
4
5
5
7
7
8
9
9
10
11
9
6
5
3
1
0
-1
-3
-4
-6
-5
-5
-2
1
3
4
3
4
4
3
1
0
-1
-1
-2
-1
0
-1
-2
-2
1
1
2
-1
-3
-4
-6
-6
-5
-4
-4
-4
-3
-3
-2
0
0
0
-1
-1
-1
-1
-2
-2
-2
-3
-3
-2
-2
-1
-1
1
1
1
1
-1
-3
-5
-5
-7
-4
-4
-2
-1
-1
0
1
1
3
1
2
1
1
1
1
2
2
3
4
3
4
3
2
2
3
2
1
-1
-3
-4
-5
-3
-1
0
1
2
3
2
3
3
4
4
4
4
5
5
4
4
2
2
3
2
4
4
3
2
2
3
1
0
-1
-2
-3
-4
-5
-3
-2
-4
-4
-5
-5
-4
-3
-3
-5
-5
-4
-3
-3
-2
-1
-1
0
-2
-3
-2
-3
-3
-3
-2
0
2
0
0
-1
-2
-3
-3
-3
-5
-3
-2
-1
1
1
2
2
3
3
4
4
5
7
8
8
10
9
8
4
1
0
1
1
3
3
2
2
2
0
-1
0
0
0
-1
0
0
1
1
1
-1
-2
-3
-4
-3
-1
-1
-1
-1
-1
-1
-1
-2
-2
-1
-2
0
2
3
4
4
4
4
2
1
0
-2
-3
-3
-3
-2
-1
-3
-4
-6
-7
-7
-7
-7
-6
-5
-5
-4
-3
-2
-1
-2
-2
0
0
0
1
2
4
4
5
4
4
3
1
0
1
1
3
4
4
4
3
4
4
3
2
2
1
2
3
3
4
4
2
1
0
-3
-4
-5
-5
-6
-5
-4
-2
-1
0
1
1
4
3
3
3
2
3
3
3
2
1
-1
-2
-3
-4
-5
-5
-5
-5
-4
-3
-2
-1
0
1
1
1
0
1
1
1
1
2
1
0
-1
-2
-3
-3
-2
-1
-1
0
2
3
4
2
0
-1
-2
-2
-2
-1
0
-1
0
1
0
-2
-2
-3
-3
-3
-2
1
1
0
0
-1
0
-2
-2
-2
0
1
4
6
7
7
7
6
6
3
3
2
0
0
-2
-2
-3
-3
-5
-4
-4
-2
0
3
5
7
8
9
10
10
8
6
4
3
3
3
2
2
0
-1
-3
-5
-6
-6
-6
-4
-1
1
3
3
3
3
3
4
4
3
1
-3
-4
-4
-5
-4
-5
-6
-7
-6
-5
-5
-4
-4
-6
-7
-7
-5
-3
-2
-1
-2
-2
-3
-3
-3
-5
-6
-5
-3
-2
-2
-3
-6
-7
-7
-6
-4
-3
0
2
2
4
5
5
5
4
5
4
6
8
7
8
9
9
8
8
6
4
6
6
8
9
9
8
4
2
0
-3
-2
-2
-3
-4
-3
-3
-2
-3
-2
-1
-1
-1
-2
-2
-3
-4
-5
-6
-6
-7
-5
-5
-4
-3
-3
-2
-1
-1
-1
0
0
0
0
0
-1
-1
-2
0
0
0
-1
-2
-1
-1
-1
1
2
4
4
2
2
2
2
3
2
2
1
2
2
3
3
1
-1
0
0
1
3
3
3
4
3
2
2
1
1
1
1
2
4
4
3
4
2
3
3
2
1
1
1
2
1
0
-1
-1
-3
-4
-5
-5
-4
-2
-1
-1
-2
-2
-2
-2
-4
-4
-3
-2
-1
-1
0
0
0
0
0
-1
-1
-2
-2
-2
-2
-1
-1
-1
0
0
0
0
0
-1
0
0
0
0
0
-2
-4
-5
-5
-4
-3
0
1
2
1
0
-1
-1
0
1
1
2
1
2
2
1
2
2
1
0
0
1
3
4
6
7
7
6
5
5
4
4
4
4
7
6
5
3
2
-1
-4
-5
-6
-7
-5
-5
-5
-3
-1
0
0
0
-2
-3
-5
-5
-4
-4
-6
-7
-8
-9
-9
-10
-9
-8
-7
-6
-3
-1
0
0
0
0
0
1
3
5
6
5
4
4
5
5
6
5
5
5
5
6
7
9
8
8
6
5
4
3
1
0
0
-2
0
1
-1
-1
-1
-1
-1
0
2
3
4
4
3
2
0
0
-2
0
1
1
0
-2
-4
-4
-6
-6
-8
-8
-8
-8
-6
-4
-3
-3
-2
-3
-3
-1
-2
0
2
1
0
0
0
0
-1
-3
-4
-5
-6
-5
-4
-4
-4
-3
-2
0
1
2
2
3
2
4
5
6
7
6
7
5
4
5
5
4
4
3
3
1
1
1
1
1
1
1
2
3
2
2
3
2
1
1
1
2
2
2
0
-1
-5
-7
-8
-8
-7
-7
-5
-4
-2
-2
0
0
-1
-1
-1
0
2
3
4
2
-1
-3
-5
-6
-5
-4
-3
-2
-1
0
-1
0
-1
-1
-1
0
1
4
5
7
7
5
3
3
1
0
-2
-2
-1
0
1
2
2
1
2
2
3
2
1
0
-1
-1
-1
-1
-1
-1
0
-1
1
1
0
1
0
1
0
0
0
0
1
2
2
2
1
-1
-1
-1
0
1
1
1
2
2
3
3
2
1
0
-2
-1
0
2
2
2
1
0
0
0
-1
-2
-3
-2
-2
-2
-2
-2
-2
-3
-3
-3
-4
-2
-2
-1
-1
0
-2
-2
-1
-1
-1
0
1
0
1
1
1
1
1
0
-1
-3
-5
-3
-2
0
0
0
1
1
0
-2
-2
-2
-3
-2
-2
-3
-1
-1
0
0
1
2
2
2
2
1
1
2
3
3
2
1
2
2
2
2
2
1
0
-1
-1
-1
-1
-2
-1
0
-2
-2
-2
-2
-1
-2
-3
-3
-2
-3
-1
-1
1
0
1
0
0
0
0
1
2
2
3
3
3
1
2
1
