4
4
3
3
3
3
2
1
-1
-1
-3
-4
-4
-4
-4
-4
-3
-2
-4
-4
-4
-4
-6
-4
-5
-4
-3
-2
-2
-1
0
0
1
3
5
6
6
5
5
5
4
4
2
2
1
1
2
3
3
2
1
0
-2
-1
-2
-4
-3
-5
-6
-6
-6
-6
-5
-4
-3
-2
-2
-1
0
-1
-1
-1
0
1
1
2
3
3
3
4
5
7
7
6
5
5
3
3
2
2
2
1
1
1
2
1
2
2
2
1
0
-1
-3
-4
-6
-6
-5
-6
-6
-6
-6
-7
-5
-5
-5
-3
-3
-3
-4
-3
-3
-2
-1
-1
0
2
3
4
5
7
6
8
8
8
7
7
7
6
6
6
4
4
4
4
2
0
0
-3
-5
-6
-8
-7
-7
-7
-8
-8
-8
-7
-6
-5
-4
-2
-2
-2
-2
0
1
3
3
3
4
5
5
6
6
8
7
8
8
6
7
5
3
3
2
1
0
0
-1
-4
-4
-5
-7
-8
-9
-9
-9
-9
-9
-8
-7
-7
-6
-6
-5
-4
-4
-1
0
1
3
3
6
6
7
8
8
10
10
9
11
11
10
10
9
8
6
4
3
2
1
0
-2
-3
-5
-6
-7
-9
-11
-12
-12
-12
-12
-12
-11
-9
-8
-7
-5
-4
-3
-2
-1
1
3
4
6
7
8
8
9
10
10
11
9
9
8
8
6
5
4
2
1
-1
-3
-4
-6
-5
-6
-6
-7
-7
-7
-8
-8
-9
-10
-10
-9
-8
-5
-3
-1
0
2
3
4
6
8
9
9
11
11
10
10
10
10
10
9
8
6
4
3
2
1
-1
-3
-5
-7
-8
-8
-9
-9
-10
-11
-11
-11
-10
-8
-7
-7
-8
-7
-7
-6
-4
-2
0
1
2
5
6
6
7
8
8
8
7
8
6
6
6
4
4
2
2
1
1
1
1
-1
-1
-3
-2
-3
-5
-6
-6
-7
-6
-5
-3
-3
-2
-2
-1
-1
-1
-1
1
1
2
2
3
3
4
4
4
5
5
6
6
5
4
5
4
3
2
1
0
-1
-2
-2
-3
-3
-3
-3
-3
-3
-4
-4
-3
-4
-4
-4
-4
-2
-3
-2
-2
-2
-1
-1
-1
-1
-2
-4
-3
-2
-2
-1
-1
0
0
0
1
2
4
5
6
7
7
7
6
5
5
3
4
4
3
3
3
3
4
3
2
1
0
0
-1
-1
-2
-1
-2
-2
-2
-2
-3
-4
-4
-4
-3
-3
-2
-2
-2
-1
-1
-1
-1
-1
1
2
2
3
3
1
1
0
0
1
0
1
0
0
-1
-1
-1
-2
-2
-3
-4
-4
-3
-4
-5
-5
-7
-7
-6
-5
-5
-4
-4
-4
-3
-1
0
1
2
2
3
4
5
6
6
6
6
5
5
6
7
7
5
5
5
5
5
5
5
4
4
3
3
4
2
1
0
0
0
0
-1
-2
-2
-4
-5
-5
-4
-5
-4
-4
-5
-4
-4
-4
-3
-3
-2
-2
-3
-1
-1
-1
0
1
0
0
0
-1
0
0
0
0
-1
-1
-1
-2
-2
-2
-2
-2
-2
-2
-2
-3
-2
0
0
0
-1
0
1
1
1
0
1
1
1
2
3
3
2
3
2
3
2
2
2
1
2
2
2
3
3
4
4
4
4
6
6
5
4
3
3
3
1
0
1
-1
-1
-3
-3
-3
-2
-2
-3
-3
-3
-3
-4
-2
-3
-2
-1
-1
-1
-1
-1
-1
-1
-1
-1
-1
-3
-3
-4
-3
-3
-2
-3
-4
-4
-4
-3
-2
-2
-2
-1
-2
-1
-1
-1
-1
-2
-2
-2
-1
0
0
0
1
2
1
1
2
2
2
2
3
4
4
3
3
3
3
3
4
4
4
3
4
4
5
4
4
3
3
2
1
0
0
-1
-2
-2
-4
-4
-3
-4
-4
-4
-4
-4
-4
-4
-4
-3
-3
-1
-1
0
0
2
2
2
2
2
1
0
0
0
0
-1
0
0
0
0
0
1
0
1
0
0
-1
-2
-2
-3
-2
-3
-4
-3
-3
-3
-1
0
0
0
-1
0
0
1
2
3
4
3
3
4
4
5
5
5
4
4
4
4
3
4
2
2
1
1
0
1
-1
-1
0
-1
-2
-2
-3
-3
-2
-4
-3
-3
-3
-4
-5
-5
-4
-3
-2
-2
-2
-1
-1
0
-1
0
-1
-1
-2
-2
-2
-1
0
0
0
0
0
1
2
2
1
2
-1
-2
-2
-2
-2
-2
-1
-1
-1
1
0
1
0
0
1
2
2
2
2
3
3
4
4
4
5
4
4
2
3
2
1
1
1
0
-1
0
0
0
0
0
-1
0
1
2
3
3
3
4
4
3
3
2
1
-1
-1
-3
-3
-2
-4
-4
-4
-5
-4
-5
-5
-3
-4
-4
-3
-4
-5
-6
-5
-5
-4
-2
-1
-2
0
1
-1
0
-1
-2
-2
-3
-2
-1
-2
-2
0
0
0
2
1
3
3
4
4
3
3
4
4
4
5
4
3
3
3
3
1
1
0
0
0
-2
-2
-2
-2
0
1
1
3
2
3
4
5
5
6
7
7
7
7
6
4
3
2
1
-1
-2
-3
-3
-4
-4
-3
-4
-4
-5
-6
-6
-6
-5
-6
-5
-4
-3
-2
-1
-2
-1
-1
-1
-1
-1
-2
-2
-3
-3
-3
-5
-4
-5
-5
-4
-2
-1
0
1
2
3
4
4
3
3
4
3
2
1
1
2
1
1
0
-1
-1
-3
-4
-3
-3
-3
-2
-2
-1
0
1
2
3
3
3
4
5
6
6
8
10
10
11
10
10
9
8
8
6
7
5
3
2
0
0
-2
-3
-4
-5
-7
-8
-9
-8
-8
-7
-7
-5
-5
-5
-6
-7
-8
-9
-9
-11
-11
-11
-11
-10
-9
-6
-4
-2
0
3
4
5
6
8
8
10
10
10
10
10
9
8
5
3
1
-2
-4
-7
-9
-9
-9
-9
-8
-7
-7
-7
-5
-4
-2
-1
1
1
3
5
7
10
12
13
13
15
15
15
15
14
13
11
7
5
3
3
2
1
0
0
-2
-3
-4
-5
-5
-8
-8
-10
-10
-10
-9
-9
-9
-8
-8
-8
-8
-10
-9
-10
-10
-10
-9
-7
-5
-2
1
3
4
6
7
7
9
8
9
8
7
6
6
5
5
3
2
-1
-3
-5
-6
-6
-7
-6
-5
-4
-4
-4
-4
-4
-3
-3
-1
1
2
4
6
7
7
9
9
9
9
7
6
6
4
4
3
3
1
1
1
2
2
3
4
5
4
3
2
0
-4
-6
-8
-9
-10
-10
-10
-9
-10
-9
-8
-7
-5
-3
-2
-1
-1
0
-1
1
1
3
2
1
1
1
2
1
1
2
5
6
6
7
8
8
8
8
6
3
1
-2
-6
-9
-11
-11
-10
-11
-9
-7
-7
-7
-7
-5
-3
-1
4
5
8
10
12
12
12
10
10
9
6
5
2
2
0
0
1
2
2
2
3
3
4
6
7
5
5
4
2
-3
-7
-12
-16
-18
-18
-17
-16
-15
-13
-11
-7
-3
-1
3
6
8
8
8
7
4
3
0
-1
-3
-4
-2
0
2
4
5
6
6
6
6
5
4
1
-1
-3
-5
-5
-5
-6
-7
-8
-8
-8
-7
-5
-4
-3
-1
0
1
4
7
9
9
10
12
12
11
10
9
8
8
8
8
8
7
6
4
3
2
1
-3
-6
-8
-8
-8
-8
-6
-7
-6
-6
-6
-6
-5
-5
-6
-5
-4
-2
-1
-1
1
0
2
4
4
4
4
2
0
-2
-3
-2
-1
0
0
0
0
0
3
4
5
5
3
2
0
0
-1
-1
-2
-3
-4
-6
-7
-8
-8
-10
-11
-10
-8
-8
-7
-7
-7
-7
-6
-4
-1
0
1
2
4
5
11
14
17
20
20
20
18
13
9
3
-2
-6
-10
-12
-11
-9
-5
3
8
14
18
20
19
18
15
11
7
3
-2
-6
-9
-12
-15
-17
-19
-19
-18
-16
-14
-11
-7
-2
3
5
7
8
7
5
5
2
0
1
-2
-4
-6
-9
-13
-14
-16
-16
-14
-11
-8
-4
-2
1
4
5
5
2
-1
-6
-12
-18
-21
-22
-23
-24
-24
-18
-10
-1
9
20
32
41
46
47
44
37
30
20
10
-2
-12
-18
-21
-20
-16
-11
-3
7
16
25
34
39
43
44
42
38
33
28
23
17
6
-5
-16
-27
-37
-47
-57
-62
-64
-59
-49
-36
-21
-8
2
8
12
13
15
17
17
16
13
8
0
-7
-13
-17
-18
-15
-9
-3
6
11
15
18
20
21
18
14
7
-1
-9
-18
-26
-30
-37
-40
-40
-35
-28
-19
-9
2
12
20
27
31
32
33
30
28
23
16
10
4
-3
-10
-16
-19
-21
-19
-13
-5
7
19
32
43
50
54
57
57
53
46
35
23
6
-15
-32
-48
-59
-67
-70
-69
-62
-51
-39
-25
-11
2
9
15
18
20
23
23
23
23
17
10
0
-9
-17
-21
-23
-24
-25
-24
-21
-15
-7
1
8
12
18
19
21
18
14
8
0
-7
-14
-20
-21
-17
-12
-5
3
10
17
25
29
29
29
26
21
16
11
3
-6
-16
-28
-35
-42
-44
-38
-28
-17
-6
4
17
29
42
54
61
65
63
60
55
50
42
31
19
3
-13
-28
-39
-49
-56
-61
-60
-56
-47
-39
-30
-21
-14
-7
-3
1
2
3
1
-3
-11
-19
-23
-26
-24
-23
-22
-15
-5
5
16
26
36
43
45
45
42
37
29
23
15
8
-3
-12
-19
-19
-19
-17
-18
-15
-11
-7
-2
0
2
3
2
0
-2
-6
-9
-15
-22
-26
-27
-26
-25
-23
-22
-18
-13
-4
8
18
30
38
49
61
71
78
79
76
70
65
56
43
25
4
-18
-37
-51
-64
-72
-79
-79
-75
-69
-59
-49
-40
-32
-23
-13
-4
6
12
16
16
15
14
11
11
11
12
13
12
12
12
16
21
27
33
36
37
33
26
20
12
5
-1
-8
-15
-24
-28
-30
-30
-30
-28
-25
-19
-14
-10
-7
-3
1
2
5
5
8
8
4
-3
-12
-20
-26
-29
-31
-31
-30
-26
-18
-7
7
22
39
55
68
76
80
79
73
62
49
37
25
8
-9
-26
-39
-48
-52
-52
-51
-49
-44
-40
-35
-26
-15
-3
5
8
8
5
2
-2
-8
-15
-20
-23
-23
-24
-21
-15
-6
9
27
42
53
61
65
64
60
49
36
20
5
-10
-24
-36
-49
-57
-63
-63
-57
-49
-40
-29
-20
-9
5
20
35
45
51
50
46
36
26
16
5
-6
-20
-31
-40
-47
-47
-46
-39
-30
-15
0
16
29
40
46
51
51
47
39
29
21
13
3
-5
-11
-12
-11
-9
-4
-1
3
7
11
15
18
20
16
8
-3
-18
-29
-44
-55
-64
-69
-68
-65
-58
-48
-37
-23
-3
17
36
50
59
65
69
69
64
55
43
32
19
1
-16
-30
-42
-49
-52
-53
-49
-39
-28
-17
-9
1
13
26
36
42
43
39
32
23
11
-1
-10
-18
-24
-25
-25
-20
-15
-10
-1
6
15
22
23
24
20
17
12
6
3
0
-6
-13
-18
-21
-23
-22
-16
-5
8
16
22
26
28
31
35
36
31
25
14
-3
-20
-34
-44
-51
-61
-65
-65
-62
-52
-38
-21
-7
-1
9
20
28
31
33
39
42
40
38
37
32
23
11
8
5
-4
-10
-15
-18
-17
-15
-9
-5
-4
-4
0
5
8
9
5
-2
-11
-20
-24
-23
-21
-18
-15
-16
-15
-11
-2
10
21
27
31
29
20
10
5
3
4
3
4
4
1
-4
-8
-9
-6
-3
1
8
16
24
29
32
27
21
17
14
9
2
-5
-14
-25
-36
-45
-47
-49
-50
-51
-50
-47
-40
-28
-12
6
18
26
33
38
41
42
38
35
30
26
20
13
7
3
2
3
5
6
6
6
6
5
2
-1
-4
-11
-21
-33
-40
-42
-41
-38
-36
-33
-26
-19
-11
0
10
20
25
29
34
40
47
53
52
48
38
24
10
-2
-6
-7
-12
-17
-21
-24
-28
-29
-27
-24
-19
-13
-4
7
15
16
15
13
11
7
3
0
-4
-10
-15
-16
-16
-15
-16
-14
-7
1
11
18
22
23
19
14
9
7
4
-1
-10
-19
-25
-28
-30
-29
-23
-16
-7
1
9
14
19
22
26
31
34
36
37
30
18
3
-7
-16
-19
-22
-23
-29
-40
-47
-47
-38
-25
-11
5
16
22
22
21
21
20
17
14
14
11
10
7
1
-4
-8
-7
-4
1
6
10
12
9
4
0
-6
-12
-15
-11
-8
-3
-3
-3
-6
-10
-11
-10
-3
4
12
15
15
13
13
19
27
33
32
27
18
10
4
-3
-8
-18
-28
-35
-41
-41
-40
-40
-40
-35
-23
-10
0
8
15
19
19
18
21
23
24
22
17
14
11
5
2
1
0
-3
-4
-4
-5
-11
-15
-20
-25
-32
-32
-29
-26
-20
-14
-6
5
13
22
25
30
34
36
38
36
32
23
15
8
4
2
1
-2
-7
-11
-15
-19
-23
-25
-23
-21
-18
-13
-7
-1
5
12
19
23
26
27
32
34
32
28
21
15
8
1
-5
-8
-12
-18
-25
-30
-38
-41
-43
-44
-42
-40
-38
-38
-33
-24
-11
3
14
22
30
37
38
36
33
32
30
27
24
19
12
3
-8
-14
-18
-18
-20
-21
-20
-16
-14
-12
-9
-7
-1
4
4
4
5
4
1
3
9
17
22
25
25
21
14
8
-1
-6
-7
-4
-1
-1
-6
-9
-15
-22
-21
-19
-13
-6
1
7
14
19
18
15
14
16
21
29
34
34
32
26
18
9
0
-14
-23
-30
-37
-42
-47
-49
-47
-44
-38
-29
-23
-20
-14
-9
-2
5
15
24
27
27
24
27
28
25
25
22
16
10
6
1
2
0
-5
-7
-12
-15
-16
-16
-16
-16
-17
-16
-15
-16
-17
-15
-10
-7
-1
7
16
24
28
32
29
26
25
24
26
24
21
16
9
-1
-9
-17
-23
-29
-30
-26
-19
-15
-12
-9
-4
2
12
22
26
27
26
25
21
18
17
14
9
0
-7
-9
-8
-8
-10
-15
-17
-18
-19
-17
-16
-16
-14
-15
-16
-17
-17
-15
-18
-17
-15
-12
-8
-3
-2
-4
-4
-4
-2
6
19
29
31
31
30
28
25
18
15
12
5
-3
-6
-9
-10
-12
-18
-23
-22
-19
-13
-9
-6
-2
-3
-3
-1
3
4
3
-2
-5
-2
2
7
8
7
8
11
13
16
19
18
17
14
13
13
16
18
17
12
7
2
-2
-6
-9
-10
-11
-13
-14
-13
-9
-6
-5
-5
-4
-6
-5
-3
3
9
10
5
-2
-9
-16
-18
-18
-19
-20
-19
-20
-17
-14
-11
-5
-1
1
2
3
5
7
11
18
24
22
19
18
14
11
6
2
1
-1
-4
-8
-11
-12
-12
-15
-19
-25
-28
-26
-22
-16
-9
-8
-10
-9
-2
6
11
11
13
18
24
29
36
38
36
35
30
28
26
24
21
19
14
9
5
0
-2
-4
-4
-4
-3
-5
-7
-8
-8
-9
-10
-11
-13
-16
-19
-19
-19
-18
-17
-17
-18
-19
-20
-22
-21
-17
-14
-11
-11
-9
-12
-12
-10
-6
-2
-1
2
10
16
20
22
25
23
24
23
21
19
14
11
7
4
-1
-4
-9
-16
-24
-32
-35
-35
-33
-30
-25
-20
-14
-7
-2
4
11
12
13
17
25
32
37
38
39
36
30
29
29
27
25
22
20
18
19
19
13
7
1
-5
-11
-15
-17
-15
-11
-11
-10
-14
-20
-24
-24
-23
-18
-15
-12
-11
-9
-8
-8
-11
-12
-19
-23
-24
-25
-24
-22
-23
-23
-20
-18
-14
-13
-8
-5
2
9
13
20
28
32
31
29
28
29
28
24
22
19
15
9
2
-1
-5
-11
-16
-17
-17
-18
-20
-19
-19
-21
-20
-14
-10
-7
-7
-4
4
11
18
26
29
34
38
40
41
38
39
38
36
33
28
24
22
18
9
2
-4
-9
-12
-14
-16
-17
-19
-20
-22
-24
-23
-23
-25
-26
-27
-28
-29
-31
-35
-38
-40
-37
-34
-33
-33
-31
-26
-22
-15
-6
2
5
7
12
16
20
20
20
18
19
16
16
19
21
24
22
22
24
29
29
27
26
24
22
18
18
16
10
3
-2
-5
-8
-13
-17
-23
-29
-32
-32
-32
-26
-20
-15
-12
-7
1
8
15
22
26
26
24
25
26
27
25
21
22
21
21
22
24
26
25
21
20
17
10
2
-4
-9
-16
-25
-33
-41
-48
-56
-63
-68
-68
-68
-67
-65
-59
-52
-44
-34
-24
-14
-7
3
12
22
32
38
39
42
40
42
42
41
38
35
32
28
29
29
27
23
21
20
22
24
22
18
12
6
0
-6
-10
-13
-21
-28
-32
-32
-32
-32
-33
-33
-32
-27
-20
-16
-11
-8
-5
-2
3
7
12
14
16
18
19
21
24
26
28
28
33
39
42
42
41
41
40
35
28
23
12
1
-11
-24
-37
-49
-58
-64
-71
-76
-77
-73
-68
-60
-54
-48
-40
-32
-23
-14
-7
0
3
8
12
15
19
20
19
19
23
24
25
27
29
32
32
35
38
42
41
38
35
35
31
28
24
17
10
3
-2
-6
-11
-15
-16
-16
-14
-15
-13
-11
-9
-9
-11
-14
-13
-13
-15
-18
-21
-21
-21
-20
-15
-12
-8
-3
3
9
15
22
29
33
34
34
35
35
33
30
25
21
18
9
3
-3
-10
-16
-22
-27
-30
-30
-32
-31
-31
-32
-32
-31
-30
-31
-30
-29
-28
-26
-23
-19
-17
-18
-16
-13
-7
0
6
8
12
17
21
26
29
29
29
28
27
26
23
21
20
18
15
12
8
5
4
6
8
10
13
15
16
14
12
11
7
1
-2
-8
-9
-12
-18
-21
-23
-25
-24
-25
-27
-26
-27
-22
-16
-11
-7
0
5
9
14
20
21
22
21
23
27
28
29
25
20
15
11
10
11
10
6
4
3
3
-1
-3
-7
-13
-19
-25
-30
-33
-37
-41
-44
-46
-47
-45
-42
-38
-33
-28
-21
-13
-5
1
5
11
18
24
28
29
30
32
35
39
39
39
37
36
33
30
29
25
23
18
16
12
8
5
0
-3
-7
-12
-14
-17
-21
-24
-26
-28
-31
-34
-35
-34
-30
-24
-19
-14
-8
-1
3
7
10
10
12
15
16
18
20
19
18
18
19
18
18
18
15
13
11
7
5
1
-3
-10
-18
-20
-21
-22
-21
-20
-21
-21
-20
-18
-17
-17
-17
-16
-16
-13
-10
-8
-2
0
5
10
15
18
19
19
19
20
22
22
19
13
12
10
9
8
6
7
6
5
5
5
2
1
-2
-7
-13
-15
-15
-13
-11
-10
-11
-10
-8
-6
0
4
4
3
2
0
1
5
7
7
4
3
4
3
4
5
6
7
5
2
1
1
-1
-4
-7
-10
-14
-13
-10
-7
-6
-3
-3
-3
-2
-1
-3
-5
-5
-5
-6
-6
-6
-5
-2
0
2
3
1
-1
0
1
0
0
-1
-3
-3
-2
0
5
6
9
12
12
13
14
14
15
15
14
12
13
13
12
11
14
15
14
14
12
11
10
5
-1
-7
-12
-18
-21
-22
-22
-22
-22
-23
-25
-26
-23
-21
-18
-17
-15
-14
-14
-11
-7
-2
2
6
9
10
14
17
18
18
18
18
17
14
12
10
5
2
0
-4
-5
-6
-8
-9
-9
-8
-8
-7
-8
-9
-9
-10
-11
-10
-8
-5
-2
-3
-1
0
2
5
8
9
8
7
6
7
9
10
8
9
9
10
13
15
17
17
13
11
11
11
10
9
6
3
1
-2
-3
-2
-3
-3
-4
-7
-13
-16
-18
-20
-22
-24
-25
-25
-27
-26
-23
-20
-18
-17
-16
-15
-14
-9
-4
0
3
5
6
9
12
16
21
23
24
23
22
23
24
23
22
21
19
18
16
14
13
12
9
7
6
4
2
0
-3
-4
-5
-7
-12
-14
-14
-14
-14
-12
-12
-13
-14
-13
-10
-8
-6
-4
-2
0
-1
2
4
5
8
10
10
9
8
7
6
6
8
7
7
6
6
8
8
8
7
4
3
-1
-3
-6
-7
-12
-19
-25
-29
-32
-31
-31
-32
-32
-31
-29
-25
-21
-18
-14
-12
-8
-2
4
6
8
10
13
15
15
18
18
18
18
20
22
24
26
27
26
24
22
21
22
23
24
23
20
17
14
12
7
2
-2
-5
-6
-7
-7
-8
-8
-12
-12
-11
-8
-7
-6
-5
-8
-9
-10
-12
-9
-8
-7
-8
-10
-10
-8
-6
0
3
4
3
4
2
2
1
1
0
0
-1
-2
-5
-7
-11
-12
-13
-16
-16
-17
-17
-17
-16
-16
-14
-13
-14
-12
-9
-7
-4
-1
-1
-1
-2
-3
-3
-2
-1
1
4
3
4
7
10
12
13
14
14
16
16
16
16
16
18
17
18
18
18
19
19
18
17
15
15
13
13
11
10
9
8
6
5
4
3
2
3
3
2
2
2
0
-1
-2
-4
-4
-6
-7
-6
-4
-3
-3
-4
-6
-7
-8
-7
-7
-9
-10
-11
-14
-16
-17
-15
-15
-16
-14
-12
-12
-13
-14
-16
-16
-15
-15
-16
-16
-18
-16
-14
-12
-11
-10
-9
-6
-5
-5
-5
-5
-4
-4
-3
-1
0
0
3
7
8
9
13
13
15
15
16
15
14
12
10
10
8
9
11
10
12
12
12
14
15
16
12
11
11
11
12
13
13
12
11
10
11
12
13
12
11
10
9
7
6
3
1
0
-1
-2
-3
-4
-3
-2
-2
-3
-7
-12
-14
-18
-22
-25
-27
-30
-32
-34
-34
-29
-26
-22
-18
-17
-13
-10
-7
-5
-3
-3
-2
-2
-2
-4
-3
-2
-1
1
4
8
11
13
16
19
21
22
22
22
22
22
21
19
17
15
12
9
6
1
-3
-7
-10
-11
-16
-19
-21
-21
-20
-17
-14
-10
-7
-5
-3
1
3
6
8
10
12
14
15
16
16
17
19
23
26
27
27
27
26
21
18
14
9
6
2
-2
-6
-9
-13
-16
-20
-22
-23
-23
-24
-24
-23
-24
-22
-19
-19
-17
-16
-15
-15
-12
-12
-12
-11
-11
-10
-9
-6
-3
1
4
5
7
11
13
14
15
16
15
15
14
12
9
7
6
4
2
1
-2
-4
-6
-7
-8
-8
-7
-9
-10
-9
-10
-8
-6
-4
-5
-5
-5
-4
-4
-3
-2
-1
-1
2
2
6
10
13
16
16
16
16
15
16
16
16
14
13
12
9
8
6
3
3
0
-1
-2
-2
-2
-4
-4
-6
-8
-8
-10
-10
-10
-10
-12
-12
-10
-10
-8
-8
-7
-5
-5
-2
-2
-1
1
2
4
5
7
8
7
9
10
9
10
9
7
7
5
5
4
3
2
1
-1
0
1
1
1
0
0
-2
-4
-5
-5
-6
-6
-6
-4
-2
-2
-3
-1
-1
-1
0
-1
-2
-1
-2
-2
-2
-2
-2
-3
-3
-3
-4
-5
-4
-5
-4
-5
-6
-6
-7
-6
-5
-5
-4
-4
-3
-4
-3
-3
-1
0
1
0
1
1
2
3
5
6
6
6
7
7
7
6
6
5
5
4
5
5
2
1
2
3
4
5
6
6
6
8
9
10
10
11
11
11
13
13
11
9
8
7
7
5
4
2
0
-3
-4
-4
-6
-7
-8
-8
-7
-6
-6
-6
-5
-7
-8
-8
-9
-11
-13
-13
-14
-15
-16
-18
-17
-16
-13
-12
-12
-12
-11
-12
-12
-11
-8
-9
-10
-8
-6
-4
0
2
4
4
4
4
5
6
6
6
9
10
13
15
17
19
20
21
22
24
24
24
22
19
14
11
8
5
4
3
2
1
1
1
2
2
4
3
1
-1
-6
-9
-13
-17
-19
-22
-21
-18
-18
-16
-13
-11
-7
-5
-4
-2
-3
-3
-3
-5
-5
-3
-2
0
1
0
0
-1
-3
-6
-6
-5
-7
-8
-12
-14
-15
-15
-11
-8
-6
-4
-1
2
5
6
6
6
5
3
2
2
3
6
9
13
15
17
18
21
24
26
26
23
21
16
12
12
10
9
8
6
5
4
3
5
6
6
5
2
-1
-3
-3
-3
-1
-2
-3
-4
-5
-4
-2
-2
-3
-5
-5
-7
-9
-8
-11
-11
-12
-10
-9
-6
-3
-2
1
2
2
4
4
2
-1
-4
-4
-3
1
2
1
0
-2
0
2
3
1
0
-2
-3
-2
0
-1
-1
-4
-8
-10
-10
-11
-9
-8
-7
-8
-7
-8
-9
-8
-9
-8
-8
-5
-4
-1
0
0
0
0
0
-1
-3
-4
-5
-4
-2
-2
-2
-2
0
0
0
0
-2
-2
-1
1
3
3
3
4
2
2
4
6
9
10
11
10
9
10
11
10
8
6
6
7
8
7
6
4
2
2
1
2
1
0
-1
-2
-1
-2
-2
-3
-4
-2
-3
-3
-3
-4
-4
-4
-4
-3
-2
-2
-3
-3
-4
-2
-1
-1
-1
-1
-2
-1
-2
-1
-1
-2
-3
-3
-3
-2
-1
-2
-3
-4
-3
-2
0
1
1
2
2
4
4
5
4
4
4
4
6
7
7
7
6
6
6
6
6
6
6
6
5
5
5
4
3
2
1
-1
-1
-2
-2
-2
-1
-1
-2
-4
-5
-6
-6
-6
-6
-6
-7
-8
-9
-9
-9
-10
-10
-10
-10
-10
-9
-9
-8
-8
-8
-9
-8
-7
-6
-5
-4
-3
-1
0
1
2
3
4
4
4
3
2
2
2
3
5
6
8
8
8
9
12
14
14
14
13
12
12
13
14
13
12
11
10
9
8
7
7
5
4
2
2
1
0
-1
-1
1
2
2
2
0
-1
-1
-2
-3
-4
-5
-5
-7
-8
-9
-10
-9
-10
-10
-10
-12
-12
-12
-12
-11
-11
-11
-10
-10
-9
-10
-10
-9
-8
-7
-5
-6
-5
-4
-3
-2
0
0
2
3
3
6
9
11
11
10
10
10
12
13
12
12
11
9
8
6
6
6
5
5
6
5
6
5
3
0
-2
-3
-5
-6
-7
-8
-7
-8
-7
-6
-5
-6
-6
-5
-4
-3
-1
-1
-1
-3
-4
-5
-4
-5
-6
-7
-7
-6
-4
-3
-3
0
2
4
6
8
10
11
12
13
14
14
14
13
12
12
13
12
11
9
7
6
6
5
7
7
7
7
5
6
6
5
1
-1
-4
-6
-7
-9
-11
-13
-16
-17
-16
-17
-16
-15
-16
-15
-15
-14
-15
-16
-18
-20
-21
-19
-18
-21
-20
-19
-18
-15
-13
-10
-8
-8
-8
-5
-1
1
3
4
6
8
12
14
15
15
16
16
17
19
19
19
18
17
18
18
19
18
17
19
19
19
20
18
17
15
12
10
7
7
6
3
0
-1
0
0
-1
-1
-2
-3
-3
-3
-3
-5
-7
-9
-9
-10
-9
-9
-11
-12
-12
-13
-11
-9
-8
-7
-7
-6
-6
-6
-7
-10
-11
-11
-10
-9
-9
-9
-11
-11
-9
-7
-6
-4
-4
-4
-3
1
2
3
5
5
7
8
9
10
11
13
14
15
14
14
12
10
8
7
6
6
4
2
1
2
2
3
3
1
0
-2
-1
0
0
0
-1
-2
-3
-3
-2
-3
-3
-3
-3
-2
-3
-4
-7
-9
-9
-11
-11
-10
-11
-10
-10
-9
-7
-6
-5
-4
-3
0
2
5
7
8
9
9
9
10
11
11
11
9
8
7
5
3
1
0
0
0
0
0
-2
-3
-3
-1
-1
1
0
0
-1
-1
0
1
1
1
-1
-3
-3
-3
-3
-3
-4
-4
-5
-5
-5
-5
-4
-5
-5
-5
-5
-6
-6
-6
-6
-4
-3
-3
-3
-2
-3
-1
1
2
3
4
3
5
5
8
8
7
6
6
6
7
8
9
9
8
9
9
11
10
10
9
8
9
8
8
7
6
5
4
3
2
1
0
-1
-3
-5
-6
-8
-9
-10
-13
-12
-12
-11
-12
-12
-12
-11
-11
-12
-13
-12
-12
-11
-10
-10
-9
-10
-10
-9
-8
-6
-5
-4
-3
-2
0
1
1
0
-1
-1
-1
0
4
8
10
12
13
14
15
15
17
17
18
17
17
16
15
13
11
10
9
7
6
6
6
6
6
4
3
1
-2
-2
-3
-3
-2
-3
-2
-1
0
-1
-2
-3
-4
-6
-6
-9
-8
-9
-10
-9
-8
-8
-9
-11
-13
-12
-13
-14
-13
-13
-14
-15
-17
-17
-17
-15
-13
-11
-8
-5
-1
3
5
9
11
11
11
11
12
13
13
15
14
15
15
17
17
17
16
16
15
11
9
7
7
5
3
3
3
5
4
4
4
5
6
6
4
1
-1
-2
-5
-6
-10
-12
-13
-13
-12
-11
-10
-11
-12
-12
-13
-15
-14
-15
-16
-18
-18
-15
-13
-10
-8
-5
-4
-2
1
2
4
5
4
4
3
4
5
4
5
5
7
8
9
10
11
11
11
10
9
7
6
6
7
8
10
10
11
11
12
13
12
10
10
6
2
0
-1
-3
-4
-5
-7
-8
-9
-7
-7
-6
-7
-7
-10
-11
-13
-14
-15
-16
-15
-16
-14
-13
-12
-9
-7
-5
-4
-1
0
0
0
1
2
2
4
4
3
4
6
6
7
7
7
7
7
6
7
7
7
5
6
5
5
6
5
6
8
9
10
10
9
9
9
7
5
4
5
3
3
4
5
6
7
6
5
3
1
0
-1
-3
-5
-8
-11
-14
-15
-16
-17
-17
-16
-15
-14
-14
-14
-15
-13
-12
-13
-11
-11
-9
-8
-7
-7
-5
-4
-3
-2
0
1
2
3
3
2
2
1
1
0
0
0
2
4
7
8
10
11
12
13
13
13
14
14
14
15
14
13
14
13
13
15
16
16
16
15
14
12
8
6
3
-1
-4
-6
-7
-9
-10
-11
-11
-12
-14
-16
-16
-16
-17
-18
-17
-16
-16
-15
-17
-15
-14
-12
-11
-10
-10
-10
-8
-6
-5
-4
-3
-4
-4
-4
-3
-1
1
2
3
5
5
6
8
9
10
9
8
9
9
10
12
13
15
16
17
17
18
17
17
17
16
15
13
12
10
10
8
8
7
4
2
1
-1
-4
-5
-8
-9
-11
-12
-13
-16
-16
-17
-19
-19
-18
-18
-18
-15
-14
-13
-12
-12
-11
-9
-9
-8
-7
-6
-5
-6
-5
-4
-3
-2
-1
-1
-1
0
0
3
3
1
1
2
2
2
4
6
7
8
10
11
12
13
15
15
16
15
15
15
14
15
15
14
13
12
12
11
11
10
10
8
7
5
4
3
2
1
-2
-4
-6
-8
-9
-11
-13
-13
-15
-16
-17
-18
-19
-17
-17
-17
-17
-16
-15
-14
-12
-11
-9
-9
-8
-9
-8
-7
-6
-5
-3
-4
-5
-4
-4
-3
-3
-2
0
0
1
2
3
4
7
9
8
7
9
12
20
26
26
16
4
1
9
24
34
34
21
6
-4
-1
12
24
26
13
-3
-11
-12
-8
-3
-1
-2
-7
-17
-20
-12
2
6
-3
-18
-20
-8
6
12
4
-8
-15
-9
-2
1
-1
-4
-7
-10
-14
-17
-18
-17
-13
-9
-10
-12
-11
-7
-4
-6
-8
-5
1
6
3
1
-2
0
1
4
7
12
16
18
16
12
11
10
8
8
10
10
11
10
9
7
10
17
26
31
22
10
2
2
9
14
9
-1
-7
-10
-7
-3
0
6
9
7
0
-12
-24
-31
-33
-31
-31
-32
-29
-22
-17
-13
0
11
21
21
8
-4
-7
5
20
23
-25
-123
-198
-172
2
188
243
141
-67
-216
-205
-48
172
293
217
1
-204
-246
-108
96
212
212
137
39
-22
-35
29
134
161
17
-196
-260
-107
130
175
-2
-199
-255
-102
133
224
148
22
-47
-25
-4
-9
1
41
76
102
94
31
-11
0
44
59
2
-26
29
47
-40
-184
-299
-284
-169
-69
-27
-60
-128
-152
-161
-170
-130
-50
32
69
41
22
53
80
85
60
33
72
161
221
191
82
-7
-5
27
26
6
5
29
39
-20
-114
-186
-186
-95
-9
4
-8
-2
14
5
-31
-47
-3
74
141
142
66
6
6
37
58
43
36
81
141
178
169
89
15
9
42
66
63
52
75
92
51
-14
-71
-82
-32
25
42
21
-34
-103
-166
-209
-194
-121
-47
-12
-35
-131
-218
-249
-160
51
257
378
374
302
252
244
212
154
139
188
260
286
281
214
-42
-477
-897
-1154
-1130
-820
-360
-61
-281
-857
-1333
-1404
-1123
-701
-259
171
442
482
424
405
560
781
915
948
1051
1377
1742
1863
1541
928
322
-58
-97
23
83
7
-217
-545
-965
-1372
-1510
-1399
-1204
-1049
-896
-638
-347
-120
-58
-117
-154
49
544
1096
1477
1587
1551
1476
1334
1134
938
757
624
488
261
-30
-358
-674
-1050
-1491
-1857
-1973
-1839
-1645
-1512
-1468
-1399
-1250
-993
-667
-342
-9
387
810
1167
1487
1716
1882
1921
1829
1722
1617
1573
1569
1510
1257
843
379
-31
-351
-557
-637
-682
-759
-860
-900
-955
-879
-733
-464
-95
246
368
-630
-2639
-4182
-3488
-948
896
698
-472
-1231
-1746
-2590
-3121
-1969
396
2039
1667
341
159
1377
2555
2252
888
-135
70
1467
3211
4217
3861
2366
465
-1362
-2789
-3094
-2084
-643
-277
-1416
-2712
-2715
-1679
-1228
-2068
-3076
-2699
-904
1205
2740
3411
3324
2781
2132
1729
1855
2762
4291
5308
4908
3409
2159
1762
1458
275
-1723
-3270
-3456
-2626
-2009
-2205
-2964
-3788
-4567
-5393
-5660
-4792
-2925
-980
5
190
489
1236
2145
2523
2330
2385
2986
4019
4836
4821
4251
3225
2025
796
-375
-850
-672
-348
-464
-1213
-2038
-2512
-2761
-3056
-3433
-3412
-2628
-1462
-393
320
896
1453
1714
1946
2217
2936
2590
-898
-4699
-5599
-2274
1498
1102
-743
-1800
-2553
-4165
-6586
-5765
-1159
2307
2321
-359
-1279
1817
4734
5148
3239
1158
817
1809
3832
6282
7491
6994
5069
1553
-2349
-4607
-3699
-1300
-747
-3074
-5517
-5080
-2455
-682
-1829
-3875
-4291
-3116
-1722
-195
2141
4577
5673
4781
3032
1860
2340
4010
5004
4106
2322
1552
2042
2438
1330
-1118
-3863
-5780
-6604
-6633
-5977
-4808
-3790
-3970
-5098
-5810
-5050
-3225
-1702
-1113
-737
412
2463
4482
5635
5911
5598
5084
4545
4381
4640
4975
4910
3950
2309
634
-432
-855
-1259
-2139
-3156
-3655
-3332
-2617
-2316
-2306
-2139
-1601
-936
-305
641
1941
3253
4057
4187
4118
4661
5554
6178
2803
-4120
-8587
-8451
-3691
-1986
-4441
-4996
-4847
-5135
-7639
-9883
-6291
-577
941
-1000
-3640
-1024
5221
8016
7721
5196
3270
3110
3903
5657
7316
7341
6246
3878
-708
-4539
-5096
-3125
-2325
-5358
-9689
-10154
-6731
-2658
-1294
-2675
-2528
-674
1025
2192
4029
6686
8456
7675
5848
5094
5597
7601
8705
6918
3272
704
229
743
-373
-2942
-5175
-7456
-8367
-8633
-8309
-6777
-5512
-5644
-7159
-7877
-5758
-1862
859
1709
2027
2865
4512
5977
6307
6339
6512
6457
5609
4190
3942
4495
3652
1038
-1997
-3729
-3666
-3299
-3371
-3952
-4509
-4158
-3708
-3602
-3279
-2400
-1199
-84
927
2460
4394
5965
6962
6926
6654
6658
6878
7249
7020
6302
1192
-6780
-11544
-11635
-7269
-7125
-10147
-9805
-8790
-7764
-8988
-9381
-4050
1489
2100
-744
-2893
1377
8588
11441
10945
9049
8009
8050
7781
7465
6829
4763
2093
-946
-5673
-8309
-7061
-5051
-5478
-10338
-14706
-13766
-9461
-4845
-3115
-2904
-183
4058
6949
8449
9891
11500
11580
9108
7262
7200
8245
9400
8575
4943
416
-2097
-2551
-2635
-5036
-8098
-10428
-12042
-11941
-10861
-8975
-6582
-4463
-3540
-3127
-2591
240
3984
5626
5785
5045
5485
6875
7873
8028
7138
5744
4718
3164
1055
-184
-750
-1394
-3267
-5202
-5508
-4758
-3849
-3219
-3165
-3099
-2694
-1845
-742
92
979
2190
3239
4407
5787
6657
7074
6572
6324
6035
4896
4542
3710
3617
-50
-9516
-15814
-17719
-13098
-9724
-12645
-12037
-9998
-7334
-6339
-7184
-2123
5612
8274
5285
848
2765
10607
14351
13280
10739
8712
7553
5472
3704
2908
1326
-1937
-5734
-10286
-12787
-10489
-7402
-6006
-8491
-11519
-9877
-4902
1186
4402
5189
7041
10510
12766
13039
13675
14745
14064
9731
4847
2924
3062
2421
310
-3474
-7186
-8738
-8961
-7724
-7506
-8369
-8896
-9592
-9074
-6981
-3805
-180
2157
2402
1765
923
1868
3779
4299
3360
1298
596
874
880
864
655
708
690
122
-640
-1115
-1008
-676
-1386
-2749
-2917
-1586
262
1156
1276
1750
2402
3111
3497
3428
2818
2218
1807
1763
2067
2485
3387
3477
3566
3687
3696
3681
3362
2873
2154
-3684
-13502
-18156
-18106
-12268
-9849
-11928
-8520
-5340
-1736
-458
-614
5245
11066
11479
6449
1535
3955
10763
12675
9622
6806
4506
2973
583
-1387
-2079
-3784
-6273
-8852
-11975
-13292
-9913
-6099
-4295
-5768
-7216
-4038
1117
6033
8146
7895
8815
11407
12619
11569
10832
10416
8878
4203
-927
-2316
-2336
-2766
-4271
-6643
-8075
-8039
-6728
-4554
-3619
-3948
-3829
-3954
-3193
-1228
1207
3767
4563
4191
3440
2735
2596
1823
385
-3228
-6126
-6244
-5486
-3288
-1984
-281
1858
2363
3103
3496
3510
3409
2125
144
-1711
-2356
-1313
-206
-277
206
1237
2170
2751
2651
2836
2333
1241
358
40
391
1219
2057
2617
3300
4327
5850
6430
6390
6073
5196
3905
-4341
-13899
-17908
-18027
-12772
-13185
-13808
-8315
-4067
785
1318
1964
8216
13012
12089
5648
1557
5065
10784
9904
4924
2406
1513
1305
-1331
-4377
-5165
-5949
-7216
-10361
-14251
-14188
-9782
-6081
-5726
-6989
-5775
-629
4711
7822
8562
9261
11730
13991
13445
10582
9327
8867
6691
1917
-2900
-3714
-3337
-4108
-5886
-7425
-6825
-5150
-3593
-2550
-2347
-2150
-1529
-1136
-709
352
2787
3906
3256
3238
2785
3447
2595
918
-76
-3331
-5277
-6675
-7227
-6097
-4040
-203
2395
3987
5418
6875
7174
5395
3396
1042
-496
-1685
-2831
-2976
-2193
95
2007
2317
2176
2743
3291
2221
89
-1266
-853
-114
-285
-69
1208
3664
5896
6502
6064
5790
5939
5994
3444
-6568
-15994
-20134
-20267
-16027
-16998
-15707
-8997
-4330
480
316
1553
8263
13038
12488
5895
2673
6406
11102
9994
4659
2565
2274
1489
-1492
-4998
-5198
-4601
-5497
-8747
-12622
-12857
-8890
-5225
-4775
-5205
-3750
974
6247
9133
10452
11797
14064
16235
15276
11428
8888
7814
6052
1992
-3250
-4922
-4073
-4130
-4864
-6040
-5659
-3976
-2895
-2641
-3482
-4039
-3599
-2868
-2731
-2359
-610
1157
2489
2717
2123
2049
1483
940
-559
-3549
-5313
-6426
-6840
-6475
-5187
-1316
2684
5171
6551
7365
7971
7036
4419
1081
-1524
-3402
-5251
-6095
-5604
-3473
-727
1064
2274
3306
4191
4381
3469
2214
1661
1428
1008
1401
2642
4508
6506
7295
7462
6535
5451
4803
4510
1068
-9152
-17712
-22460
-21604
-17085
-17133
-13312
-7201
-2522
1306
113
3127
10186
15404
14386
6895
4509
7086
10297
8884
3376
1712
524
-1459
-4320
-7241
-6060
-4389
-4990
-8104
-11659
-11853
-8663
-5349
-5102
-5492
-4021
128
5937
9276
11243
13871
16758
19064
16976
11794
8313
6659
4632
-288
-6187
-8181
-6952
-5682
-5714
-6334
-5632
-3773
-2344
-2662
-3957
-4672
-4027
-2832
-3001
-3033
-1290
1716
4694
5466
4794
4409
4338
3910
2041
-1171
-3853
-4708
-5018
-5370
-5046
-2977
363
2769
4080
4621
4566
3767
2009
-234
-3085
-5721
-6763
-6215
-4875
-3151
-723
2004
4250
5564
5803
5450
4783
4196
3186
1732
1253
2046
3636
5069
5488
5766
5735
5116
4705
3866
3503
-1369
-11009
-17880
-21712
-18877
-14964
-14024
-9187
-4833
-652
1367
681
4884
10799
15399
12638
5842
4613
5828
7935
5294
514
-136
-1632
-3334
-5830
-7749
-5657
-3549
-3953
-7195
-10508
-10720
-8112
-5580
-5844
-5922
-3937
28
5201
8219
10691
14261
17333
18718
16161
11601
8579
6861
4116
-1105
-5787
-7304
-6240
-5203
-5885
-5931
-4766
-2697
-728
-1471
-3116
-4270
-4345
-3620
-4122
-3980
-2348
311
3018
3640
3662
4195
5069
5871
4158
768
-1740
-3005
-3215
-3866
-4307
-2814
-244
2382
3315
2962
2957
2692
2018
-107
-3345
-5080
-5042
-3747
-2472
-1831
-185
2328
4644
5768
5444
4975
5038
5057
4296
3083
2597
3368
4470
4606
3777
2722
2493
2658
2249
1184
-4797
-12952
-18006
-20583
-18067
-15571
-14060
-9285
-5143
-1997
-1204
-228
4196
9616
13298
9616
5579
5796
6359
8269
5524
1999
1936
-247
-2024
-3650
-4660
-2729
-1290
-2430
-5285
-7715
-8286
-6215
-4535
-5308
-5314
-4383
-1360
2931
5033
7475
10973
14462
16747
15027
11755
9813
8755
7081
2982
-955
-2476
-2593
-2500
-3341
-3983
-3256
-1684
-680
-1565
-3575
-5428
-5503
-5188
-5889
-5917
-5783
-4045
-1846
-1424
-592
93
1664
3427
2242
555
-604
-1282
-1137
-1552
-1612
-343
1166
2132
2637
2336
1725
1358
52
-1790
-3540
-4982
-4921
-4102
-3314
-2321
-1345
113
1904
2957
3375
3641
4141
5038
5647
5921
6523
7356
8118
8145
7232
6030
5128
4446
3889
2303
-3599
-10301
-14343
-15834
-13124
-11233
-10074
-6816
-4573
-3600
-4584
-4399
-1357
3186
5740
1931
44
1293
2956
6089
4356
2862
3890
2046
912
-449
-1087
1188
2199
1091
-1294
-3661
-4522
-3385
-2553
-3750
-4651
-5362
-4465
-2157
-1369
20
2286
5524
8515
7768
5803
4861
5363
6126
4379
2220
1383
1613
2600
2688
2196
2508
3578
3882
2358
-573
-3265
-3658
-3613
-4349
-5097
-6457
-6063
-4691
-4872
-5101
-5592
-4973
-3033
-2758
-2898
-2560
-1332
989
2366
3274
4179
5314
6633
6868
6273
5013
4013
3562
2567
1186
-327
-1097
-905
-687
-1061
-2020
-2726
-2784
-2554
-2802
-3218
-2825
-1544
169
1310
2287
3990
5980
7649
7860
6595
5605
5128
5189
4468
-433
-5889
-9029
-10123
-7464
-5576
-4742
-2478
-1535
-2839
-5855
-7724
-6990
-3265
-1325
-4984
-6214
-5096
-2599
1778
1022
452
1934
806
868
400
223
2908
4529
4655
3293
1399
743
1339
2219
1312
-281
-1749
-2011
-680
-395
-357
274
2157
4310
3566
1618
193
683
2532
2332
1489
1186
1680
3625
4620
4580
4773
5255
5666
4665
2048
-604
-1201
-650
-419
-1105
-2774
-3131
-2711
-2846
-3842
-5793
-6450
-6193
-6093
-6140
-6290
-4955
-2586
-467
1036
1842
2441
3412
4251
3826
2826
1918
1705
2370
2243
1507
1259
1664
2549
2596
1452
49
-951
-1152
-1706
-2709
-3104
-2830
-1555
-376
397
1793
3338
4928
5534
4694
3797
2832
3075
1424
-3830
-7421
-9469
-7768
-3213
-1314
500
2260
1920
-455
-3076
-4557
-3594
-318
-1891
-5011
-4980
-5133
-2096
-119
-1516
-452
-872
-2269
-1951
-2005
-296
1845
2532
2771
2167
1695
1610
2617
3934
3642
2697
1372
1413
2399
2543
2575
2657
3781
3882
1844
-129
-1911
-1463
-139
-314
81
-28
353
2196
3031
3596
3719
3247
2994
1781
-302
-1644
-1442
-193
1138
805
-180
-225
-459
-599
-1414
-2980
-3416
-3906
-4358
-4194
-4554
-4130
-3021
-1893
-799
-832
-1248
-1331
-929
-561
-1161
-1648
-1598
-934
-109
-267
-134
1014
2545
3834
3800
2887
2241
2001
1775
1365
946
1033
2061
2924
3291
3637
3983
4801
5518
4587
3382
1039
-4074
-7127
-8673
-8073
-3819
-1672
-130
2097
2367
585
-1298
-2013
-1864
553
-1056
-5575
-5114
-4716
-2737
-324
-1932
-954
-389
-2132
-2829
-3556
-2286
-597
-243
-378
-1333
-1467
-1481
-1047
714
1434
1428
1414
1804
3132
3912
4023
4141
5061
5467
3786
1805
-18
-460
578
936
1291
1646
1818
2873
3802
3895
3665
3232
2753
2182
436
-1825
-2202
-1299
16
612
-565
-1139
-778
-1055
-2000
-3424
-3906
-3288
-2799
-3081
-3931
-3790
-2967
-1889
-948
-909
-791
-602
-398
-355
-710
-729
-683
-491
-485
-961
-992
-387
1060
2643
3258
3276
2805
2596
2688
2620
2840
3085
3446
3635
3431
3442
3624
4560
5394
5135
4511
-65
-6131
-9197
-10488
-7099
-3325
-2513
-1125
-644
-1600
-3547
-4184
-3162
-385
1974
-2317
-5707
-5330
-4651
-850
-169
-1235
169
-1018
-1822
-1277
-457
2020
2919
2419
1132
-944
-2165
-2739
-1443
317
59
-917
-1437
-256
1892
2822
2915
3652
4978
4835
3183
1058
-243
639
1650
2141
2494
2448
3315
4517
5000
4995
4752
4547
4124
2796
140
-1970
-2203
-1054
343
-211
-1727
-2744
-3200
-3107
-3782
-4271
-4138
-3856
-3303
-4023
-4502
-3715
-2545
-540
289
-16
169
582
1514
2085
1444
465
247
419
219
-238
-730
-188
1100
1828
1900
1431
1348
1690
1864
2049
2126
2653
3354
3507
3512
3018
3027
3823
4639
5117
724
-6156
-10047
-11178
-7521
-3925
-3502
-2163
-1096
-2146
-5375
-7294
-5977
-1297
3144
-48
-3560
-3139
-2028
1954
2895
1664
2808
1771
362
-217
-175
2002
3681
4172
2754
-289
-2484
-3521
-2248
-518
-1075
-2563
-3515
-2707
-1210
-373
80
1549
4358
4854
3516
2170
1349
3120
4378
3844
3238
2012
2265
3463
3588
3441
3087
3309
3769
3081
1323
-487
-1065
-692
-579
-1744
-3236
-3890
-4179
-3939
-4228
-4417
-3014
-1596
-637
-983
-2305
-2510
-1864
-465
534
597
1181
1835
2501
3012
2691
2362
2152
1383
356
-503
-1269
-1030
-225
-11
-407
-1562
-2149
-1584
-588
364
745
1087
1771
2552
3263
3536
4147
4852
5652
4872
-1015
-7285
-10230
-9569
-5158
-2822
-3207
-2123
-961
-2639
-5594
-7310
-6140
-280
2735
-625
-1612
-611
1654
4951
3683
2540
3667
3112
2933
2676
2244
3407
4257
4100
2155
-1721
-5360
-7183
-6515
-5364
-5573
-6061
-5464
-3384
-1847
-1574
-1208
827
3917
4317
2866
1395
1159
3980
6276
6926
6725
5215
5368
5777
4682
3612
2419
2405
2626
841
-1546
-3146
-2992
-1198
-486
-1805
-3081
-3981
-4222
-3445
-3489
-2708
-691
813
2062
1396
-79
-52
1175
3073
3439
2447
2011
2521
3693
3908
2784
1238
-82
-1116
-2317
-3300
-3650
-3024
-2068
-1861
-2517
-3432
-3237
-2294
-1300
-838
-1119
-618
552
1873
3056
3625
4669
5950
7724
6469
-1041
-8603
-12687
-11447
-6484
-4677
-4854
-3419
-1767
-2890
-5796
-6768
-3665
3815
6293
1202
-807
320
3719
7322
5289
3614
4122
3403
3631
3621
3443
4826
5460
4300
493
-5182
-9017
-9906
-8301
-7134
-7950
-7868
-5689
-1726
1303
2030
3141
5910
8318
7334
4396
2395
3037
5997
7267
6547
4891
3432
4520
5140
3450
1159
-848
-1451
-2171
-4753
-7313
-8036
-6579
-4004
-3313
-4362
-3914
-2111
-174
399
-598
-110
1714
3592
4465
2879
1219
1009
1497
2302
2102
1621
2605
3685
3571
2348
184
-1136
-1404
-2302
-3631
-4859
-4828
-2882
-1039
-169
-53
-144
441
676
760
1031
1541
2966
3896
4169
4272
3918
4796
5916
7085
7051
-126
-10300
-17210
-18264
-13138
-8847
-6929
-4623
-1402
-494
-4170
-5848
-3440
3146
8928
4527
-237
1200
4370
8542
7999
4549
4464
3924
2112
705
-568
10
1411
869
-2112
-7038
-10866
-11234
-9558
-7769
-7752
-7616
-4451
408
4177
5459
6424
9659
13362
12952
8773
5142
4241
5906
6410
4236
1920
536
1188
1990
110
-2422
-3554
-3354
-3402
-5415
-8159
-8161
-5128
-1975
-729
-1466
-1295
889
3183
3586
1964
1944
3629
4323
3890
1380
-773
-35
544
310
-371
-1182
70
2031
1969
297
-1363
-2195
-2412
-2942
-3998
-4277
-3004
-1171
58
483
770
1657
2814
2803
1557
945
1651
3173
4303
4041
3961
4438
4954
5146
5012
5035
-566
-11185
-19855
-23051
-17465
-10486
-7019
-3711
-532
1746
-774
-4168
-2277
3780
10405
8060
1691
2358
6062
9887
9968
5944
4711
3986
783
-1818
-3100
-2515
-368
-328
-3000
-6809
-10235
-10547
-8787
-7307
-6458
-5446
-1950
2937
6136
7238
7976
10940
14245
12939
7847
3668
2641
3687
3344
941
-865
-1537
-1254
-1287
-3181
-4989
-4986
-3875
-3722
-5368
-6871
-5893
-2573
563
2193
2462
2995
4181
3799
1696
-826
-933
1479
2435
1454
-624
-2545
-2600
-2513
-3039
-3009
-1871
366
2339
2725
1896
1697
1888
995
-957
-2434
-2165
-403
1403
1770
1624
2225
2899
2743
1590
217
372
1891
2828
2808
2685
3359
4677
5114
5023
4641
5877
3387
-8463
-20246
-25502
-20185
-9370
-4452
-2035
1329
4084
2492
-4062
-5678
90
8326
10307
3052
978
6378
10853
11173
5674
1415
1045
-1859
-6204
-7887
-5872
-1351
1243
-822
-5036
-8453
-9482
-8573
-8088
-7405
-4924
-431
4852
7680
8359
9549
11879
13842
11274
5019
839
312
1090
568
-1081
-1116
-601
-2003
-4356
-5979
-5759
-4110
-2791
-2521
-2016
-554
1542
3297
3425
2959
2860
2775
2581
1882
762
-72
41
520
163
-1053
-2276
-3623
-5240
-6409
-6445
-4213
-788
1921
3958
4694
4480
3916
2474
766
-777
-1156
-7
1223
2174
2339
2128
2326
2001
995
-309
-1308
-966
157
1355
2116
2718
4065
4916
4844
3991
3608
4494
6193
835
-12699
-22617
-24191
-15643
-6501
-4213
-1561
2277
3407
-1590
-8619
-6623
2909
11099
9873
2913
4642
11055
12547
8072
910
-958
-231
-3794
-7311
-5851
-717
3375
2420
-2920
-7798
-10195
-10996
-10488
-9276
-5801
-131
5337
8674
9211
9172
9484
10064
9493
5937
2370
1145
1454
1365
43
-719
-889
-2866
-6519
-8645
-7313
-4552
-2146
-340
1155
3256
3982
2991
1909
1294
1966
2232
1285
878
1684
2591
1767
-397
-2260
-3502
-4250
-5040
-6245
-6144
-4361
-1765
1024
2516
3599
5040
5379
4470
2947
1904
1827
1706
1448
1167
1012
1216
1068
642
97
-180
-464
-1320
-1840
-1755
-694
461
971
1865
2948
3992
4634
4326
4661
5117
6506
3056
-9573
-19784
-22622
-16418
-7079
-4373
-1769
2373
3135
-1543
-9063
-8011
1793
10386
10662
3910
3959
10455
11902
7170
426
-1469
199
-2631
-6838
-5123
592
4170
1975
-4859
-10080
-11457
-11522
-10429
-8291
-4325
1802
6816
8739
8643
7771
7264
7873
8132
7015
5276
3843
3174
1788
-543
-1936
-2652
-4625
-7783
-9275
-6902
-3110
-308
1849
3271
4150
3172
705
-236
567
2343
3701
3688
3405
3519
3096
843
-2272
-4582
-5604
-5999
-5933
-4957
-3726
-2032
91
1884
3695
4573
4800
5107
4329
2915
1753
1547
1434
794
243
-662
-861
-458
-655
-852
-1724
-2388
-2607
-3185
-2970
-1880
-40
1975
3300
4038
4773
5251
5312
5246
5460
5411
6212
1937
-10454
-20170
-22949
-16868
-7739
-4523
-1733
1971
1944
-2413
-7386
-4680
4298
10878
9750
3833
5044
10842
11632
7620
1992
132
-212
-4514
-7493
-4253
1066
2041
-2097
-7714
-10474
-10160
-9916
-8899
-6306
-1975
3729
7497
8627
8433
7531
7496
8004
8218
7716
5773
4053
2553
47
-2045
-3119
-3901
-6073
-9492
-9893
-6041
-1669
1108
2624
3438
3718
2057
-387
-551
1128
2979
4237
4252
4844
5235
2610
-1250
-5376
-7647
-7516
-7724
-6746
-4092
-1471
722
2170
3265
4378
4684
3904
3128
2842
2953
3281
3050
1998
330
-1081
-1482
-1520
-1394
-1508
-1817
-1758
-1856
-2292
-2716
-2500
-804
1664
3368
4507
5452
6374
6878
6575
5566
5348
5533
5948
2514
-10095
-21447
-24314
-18253
-8333
-4927
-3133
1051
2349
-899
-6198
-5460
2718
9364
8790
3742
4509
11020
12907
8075
1260
-2040
-2596
-5291
-7787
-5083
-358
316
-2617
-6475
-8557
-8392
-8733
-8024
-5079
-1141
3858
7489
8631
8709
7725
6769
6903
7354
7358
6107
4095
2337
370
-1403
-2540
-3795
-6335
-9058
-8575
-4573
-603
1191
2338
3708
4148
2469
-410
-912
1088
3272
4656
4519
4703
4128
774
-3334
-6796
-7754
-7032
-6844
-5545
-3241
-986
671
1411
2831
4027
4111
3412
2865
3833
4607
4197
3044
1467
217
-1212
-2657
-3006
-2408
-1521
-1374
-1875
-2356
-2099
-1625
-1475
-314
1573
3549
5267
5897
6308
7039
6847
6256
5058
4190
3959
3756
-1455
-14499
-24021
-24886
-17485
-7998
-4903
-1523
3569
3793
-708
-6254
-4516
4219
9992
9105
5856
8912
14634
13301
5877
-1570
-3862
-4414
-8300
-10284
-6406
-947
749
-2106
-6152
-7729
-7537
-7863
-7170
-4701
-304
5168
7942
8309
8236
7641
7042
6316
5892
5884
5335
3960
1848
-475
-2215
-3284
-4531
-6800
-8235
-6385
-2949
-561
864
2427
3716
3049
130
-1760
-289
2217
4147
4694
4284
4314
2832
-971
-5088
-6835
-6223
-5189
-4478
-2895
100
1822
1662
846
811
2129
2800
2929
3590
4242
4995
4163
1660
-523
-2248
-2935
-3084
-2654
-1226
-218
-102
-923
-1977
-2401
-1898
-690
1070
3034
4156
4870
5518
5846
6134
5501
4012
2427
1132
1346
1919
2094
-4801
-17479
-24314
-23511
-14749
-5931
-2148
3358
7038
4111
-2518
-7150
-1844
8272
12712
10460
7881
11281
13256
7648
-873
-6254
-7015
-8697
-12045
-10229
-2881
2867
2457
-2023
-5737
-6641
-7257
-8078
-6324
-2045
3903
8866
10671
10884
9898
7375
4950
4204
4684
5066
4392
2704
984
-991
-3009
-4451
-6537
-8920
-8850
-5691
-1891
666
2536
4209
4550
2487
-563
-1048
879
2925
4023
4004
4257
3883
1512
-2638
-6323
-6093
-4606
-3969
-2833
-1458
973
1688
90
-414
-458
450
1742
2630
4235
4837
4367
2613
-617
-2855
-3911
-3381
-1697
-231
1234
1403
531
-554
-1647
-2280
-2046
-693
800
2274
3267
4004
4947
4707
3615
2936
1996
1284
865
1065
2367
3676
237
-11657
-22220
-23927
-16633
-5763
-588
3197
8263
7378
267
-6856
-4956
6241
14164
12966
7834
7378
9829
6280
-1884
-8076
-8640
-8124
-10804
-10392
-3199
4770
5854
122
-5970
-8746
-9343
-9445
-6838
-1002
5195
9917
10873
9550
8432
6209
3772
2471
2789
5113
7033
6707
4197
68
-3937
-6515
-8196
-9731
-9398
-5440
-522
2629
4169
5365
6072
3770
-651
-3020
-1371
2257
4662
5100
4802
3818
1793
-2102
-6117
-6331
-4674
-2974
-2329
-2354
-645
198
-909
-1767
-1809
-190
2235
3548
4081
3618
2744
1499
-829
-2895
-3160
-1466
509
1298
1176
734
-177
-1706
-3096
-3412
-2548
-715
1123
2176
3043
4199
4824
4327
3342
2264
1769
1578
1603
2517
3962
4689
4449
194
-11890
-22406
-23090
-14678
-3008
2084
4067
7241
4943
-2650
-8766
-5749
6501
14560
12019
5575
4236
7043
4185
-4066
-9130
-7797
-5841
-7595
-6803
771
7570
5496
-3130
-9677
-10619
-8893
-6941
-3448
2201
7006
8865
7613
5945
5936
5089
3380
3195
5956
10027
10948
8086
3260
-2067
-6259
-8557
-9177
-8581
-6142
-1520
2304
2977
2093
1784
1342
-874
-3328
-2682
1334
5088
6282
5533
3897
2323
-671
-5008
-6929
-6128
-3316
-1502
-2157
-1273
-24
-919
-3163
-4641
-3024
291
2764
4080
4731
4770
3154
591
-1703
-2688
-1374
-5
406
807
1222
1088
-292
-2092
-2944
-2782
-2003
-577
2100
4355
4970
4633
3702
3101
2847
2313
2107
2618
3247
4125
4253
4058
4249
3237
-4908
-18582
-25378
-21152
-8926
882
3273
5472
5540
-774
-8618
-10761
-1570
10936
13937
8551
3911
5285
5741
-44
-6103
-6448
-3808
-4861
-6239
-887
7080
8151
238
-8735
-12051
-10991
-8572
-4710
875
5365
6511
4727
2966
3730
4387
3501
3636
6540
11118
13019
10681
5904
-151
-5715
-8440
-7919
-5859
-3493
-650
1471
968
-891
-1421
-401
-459
-1679
-1262
1452
4651
5504
4248
2272
165
-986
-2777
-3679
-1610
241
316
-1466
-3716
-3788
-3298
-4018
-3459
-1280
895
2445
2417
1920
1907
1608
1292
738
422
922
965
470
-236
-646
-510
-837
-1182
-550
167
58
-21
725
1991
2901
2564
2117
2291
2465
2510
2408
2396
3173
3938
3495
2760
2397
2915
2582
-243
-9716
-20957
-22871
-15886
-3593
3505
3326
3328
-470
-8440
-13979
-11272
2160
13797
13920
7524
3182
4148
3245
-1368
-4180
-2502
-401
-1352
-94
5523
9482
5335
-5147
-12763
-13958
-10937
-5986
-499
4159
5334
2865
23
-190
1887
3877
5657
8782
12989
15725
14786
10721
4527
-2327
-6941
-7239
-4385
-1296
482
1177
286
-3272
-6707
-7097
-4915
-2614
-1746
-747
1603
3851
3987
1932
-432
-1441
-1741
-1900
-1433
673
2811
1673
-1601
-4340
-4757
-3303
-2636
-1691
220
1067
1026
-67
-802
374
1303
958
-251
-1557
-1316
-711
-751
-362
617
1610
1513
684
344
-10
-667
-699
249
2312
4368
5211
4644
2902
1421
1243
1782
2899
4461
5275
4741
3426
2003
2005
2358
1514
-4814
-17179
-22656
-16703
-4398
4188
2999
656
-2478
-10342
-16404
-14251
-975
13498
15567
8319
2066
2233
3680
961
-1655
796
4052
3049
2165
5473
8591
4475
-5930
-13761
-14770
-10996
-5448
-445
2471
1801
-1624
-4518
-3998
-135
4233
7059
9576
12738
15058
14637
10972
5059
-1268
-4575
-2904
1068
3607
3423
1716
-1789
-7225
-10158
-8249
-3919
-1500
-2319
-3163
-2840
-1912
-1723
-2614
-2413
-1219
-313
57
939
3652
5249
2412
-1176
-2556
-1928
383
593
-193
-243
-1803
-2508
-2884
-3045
-723
58
-872
-1220
-1342
-128
780
1296
2972
4114
4204
3330
2004
1760
1952
1598
1775
3312
5520
6301
4605
1943
130
-203
380
965
1840
2788
2738
1449
-1069
-2120
-1615
-571
797
1134
-1902
-11722
-19098
-15761
-5522
3068
1145
-3595
-4815
-9084
-14095
-14444
-5198
9573
13840
7180
826
1614
6293
5597
1387
2158
5871
6124
4647
5862
8724
5572
-4655
-12479
-12964
-8397
-2863
720
1358
-1219
-5463
-7943
-6329
-1618
3296
6234
8393
11299
13405
13067
10216
5902
1412
-439
2351
6660
7705
4640
736
-2885
-7353
-10224
-9022
-5307
-3346
-4607
-6220
-6400
-5570
-5462
-6030
-5430
-2779
684
2453
3127
4456
4349
2016
846
2055
4429
5507
4319
3176
1343
-1230
-2428
-3143
-2582
-1026
-738
-1135
-1363
-698
-382
-1479
-1334
605
1770
1702
1546
1951
2346
2041
1962
2350
3222
4476
4950
3972
2334
1436
952
407
371
907
1045
-23
-1167
-1923
-1905
-836
250
1473
1403
-564
-7731
-18276
-20259
-11362
479
3570
-2351
-5825
-8462
-13872
-16129
-9984
4189
13727
11142
5242
3562
6641
8189
3973
1469
4612
7984
8892
8740
9869
7626
-1519
-9615
-10612
-6307
-1722
728
795
-3112
-8191
-9653
-7269
-3413
-164
2413
4981
7448
9825
11289
10011
6635
3031
1407
4037
9123
11586
8966
3453
-1105
-4074
-6657
-6501
-3586
-2160
-3834
-7184
-9262
-9717
-10526
-10692
-9560
-7567
-4432
-1634
-424
-387
-415
1110
3412
5841
8557
9367
7765
5275
3120
1670
522
554
1896
2376
1560
651
-531
-2268
-4312
-5828
-5986
-4871
-2579
-661
-341
-630
-891
-1265
-1574
-609
1980
4278
5373
6059
6054
4924
3607
3402
3851
3866
3761
3895
3583
1942
-358
-1885
-2038
-791
1121
1739
172
-5657
-14500
-17607
-11461
-1360
1980
-4251
-8874
-9137
-10458
-12402
-9926
327
9331
8138
3054
2095
5772
8330
5541
3396
5693
9313
11348
10473
9639
7832
2428
-3073
-5132
-2988
-306
-21
-1569
-5200
-8985
-10067
-8506
-6363
-5927
-5622
-2899
667
3338
4564
4449
3676
2022
1460
4464
9431
12361
10881
6965
4113
2766
1470
426
202
-94
-1493
-4158
-6855
-8417
-9207
-9907
-10488
-10356
-8465
-5354
-3172
-2443
-1878
-669
903
2238
2985
3942
4988
5499
5557
5009
4837
5304
5526
5355
4618
3490
2373
1071
51
-361
-554
-221
-113
-825
-1966
-3298
-3948
-4139
-3917
-2977
-1865
-410
1066
1781
1297
-168
-1263
-1389
-856
374
2114
3190
2778
1202
-202
-314
54
152
73
167
654
758
366
239
177
-683
-3176
-5932
-6220
-3972
-1314
-636
-1680
-2078
-1606
-1233
-972
-110
1826
3348
3111
2201
1796
2117
2345
1792
1266
1316
1546
1250
461
-6
-22
-112
-640
-1077
-784
-317
-334
-1035
-2035
-2397
-2023
-1296
-500
170
746
1056
830
458
602
982
1056
855
908
1456
1719
1004
-160
-767
-714
-469
-595
-1031
-1100
-883
-787
-833
-678
1
799
1188
1303
1433
1549
1375
1035
811
673
707
747
661
389
-159
-658
-942
-1057
-1005
-1033
-1095
-1043
-961
-947
-1353
-1976
-2302
-2335
-2052
-1595
-1378
-1340
-1381
-1448
-1309
-858
302
1510
1689
1248
958
1373
2157
2419
2340
2227
1916
1439
975
968
1334
1433
1071
698
624
346
-404
-1020
-961
-605
-574
-859
-1080
-1254
-1519
-1455
-822
252
1311
1642
1261
802
816
1398
1894
1922
1529
915
455
-11
-368
-409
-289
-165
-327
-764
-1151
-1454
-1812
-2215
-2378
-2166
-1925
-1720
-1598
-1488
-1286
-1087
-884
-859
-884
-765
-522
-78
554
1118
1351
1240
876
659
693
765
947
1144
1278
1268
754
2
-359
-226
187
378
440
728
931
1008
970
825
918
961
829
743
541
498
322
-64
-168
53
613
1029
1069
1000
745
352
-104
-571
-856
-1123
-1373
-1504
-1417
-1226
-1474
-2039
-2239
-1955
-1477
-1113
-751
-178
182
90
-247
-310
-60
45
-51
-104
84
343
408
298
217
257
315
445
778
1131
1072
601
316
291
129
-260
-589
-411
21
248
379
486
552
496
394
631
998
1048
863
771
922
984
678
292
72
54
-53
-359
-423
-364
-394
-676
-1087
-1072
-925
-944
-1075
-1262
-1394
-1623
-1826
-1662
-1241
-766
-343
39
478
661
431
203
326
795
1272
1592
1921
2167
2102
1736
1258
875
498
43
-274
-348
-285
-286
-427
-494
-435
-464
-536
-590
-669
-774
-815
-698
-577
-507
-438
-259
40
231
331
406
380
247
21
-175
-85
142
257
231
49
-200
-561
-921
-1064
-1100
-1025
-701
-303
73
228
122
167
274
347
396
491
686
846
962
988
949
848
711
655
702
711
558
356
265
335
422
376
266
66
-343
-802
-1069
-1086
-966
-833
-671
-535
-530
-647
-765
-744
-632
-523
-433
-153
199
471
686
694
636
470
155
38
66
-4
-83
-205
-248
-129
-70
-151
-372
-555
-660
-731
-729
-595
-434
-370
-258
-163
-66
46
44
142
383
616
830
1113
1421
1647
1671
1531
1340
1081
878
777
792
835
781
594
357
129
-82
-315
-547
-618
-688
-814
-958
-955
-791
-823
-944
-947
-978
-1004
-979
-900
-790
-828
-851
-805
-667
-491
-400
-376
-336
-158
-38
0
114
293
366
352
407
562
583
448
456
491
459
391
292
331
419
469
530
612
837
1075
1191
1271
1350
1357
1266
1129
1044
1009
956
816
593
384
139
-141
-288
-363
-440
-491
-564
-575
-585
-499
-374
-472
-572
-671
-765
-775
-812
-879
-1091
-1395
-1624
-1818
-1916
-1845
-1759
-1737
-1737
-1523
-1050
-609
-193
106
286
361
392
521
534
513
485
427
501
629
709
689
562
514
558
642
854
1061
1200
1351
1439
1431
1334
1204
1187
1153
1012
877
646
254
-169
-516
-764
-941
-1077
-1103
-937
-657
-372
-210
-224
-257
-317
-303
-154
-75
-61
-140
-301
-479
-684
-907
-1144
-1341
-1496
-1458
-1185
-828
-541
-412
-304
-199
-41
226
475
635
623
458
342
336
356
317
157
24
16
79
196
231
218
255
318
513
843
1118
1289
1372
1359
1331
1241
998
659
345
154
44
-90
-261
-456
-702
-863
-901
-861
-767
-758
-682
-430
-120
202
410
391
220
-25
-255
-413
-582
-734
-939
-1093
-1024
-865
-702
-629
-688
-671
-515
-272
45
289
375
402
545
759
918
914
752
596
470
393
284
48
-147
-246
-222
-66
94
274
333
270
395
664
957
1176
1191
1105
973
747
462
194
-37
-284
-649
-871
-868
-771
-710
-839
-952
-894
-672
-428
-214
-76
-28
113
321
476
447
195
-146
-466
-617
-562
-567
-666
-821
-890
-751
-627
-531
-447
-381
-202
97
447
745
898
977
1019
1024
902
634
341
120
-93
-245
-279
-272
-273
-380
-398
-240
9
195
301
503
758
1007
1227
1266
1158
974
750
507
244
15
-182
-342
-503
-654
-777
-829
-879
-843
-629
-348
-78
79
207
325
399
345
188
41
-127
-366
-666
-967
-1215
-1361
-1451
-1481
-1460
-1360
-1123
-782
-394
-60
258
552
797
1012
1192
1323
1366
1300
1205
1080
898
690
404
188
32
-120
-167
-152
-81
7
88
226
438
635
792
904
934
836
647
460
241
-24
-339
-648
-845
-969
-1066
-1161
-1262
-1283
-1233
-1116
-902
-668
-402
-119
102
261
292
229
174
92
25
-22
-80
-125
-211
-328
-381
-368
-263
-99
89
263
439
592
742
891
988
1019
982
915
796
697
525
277
31
-214
-397
-493
-480
-360
-226
-116
-59
-26
58
155
222
279
364
424
407
315
133
-155
-490
-783
-1002
-1097
-1090
-1037
-949
-839
-678
-542
-475
-351
-168
64
364
641
830
871
756
516
302
161
41
-42
-130
-183
-174
-176
-191
-173
-155
-84
95
315
572
845
970
912
755
515
284
111
-47
-136
-199
-339
-448
-504
-549
-573
-578
-472
-251
14
267
449
600
625
536
468
395
322
216
71
-106
-282
-478
-707
-876
-996
-1030
-878
-599
-282
32
239
363
466
539
616
655
626
539
411
276
45
-262
-565
-843
-1023
-1036
-920
-735
-540
-319
-94
143
361
532
728
902
1067
1137
1121
1043
800
503
167
-168
-417
-592
-679
-685
-650
-632
-580
-499
-426
-255
3
232
468
656
729
769
682
490
266
61
-117
-282
-391
-485
-569
-634
-670
-665
-571
-432
-251
-15
240
480
647
691
589
469
372
231
89
-58
-215
-341
-443
-499
-526
-530
-437
-270
-98
116
330
462
538
575
563
468
369
252
103
-13
-138
-252
-394
-539
-660
-742
-716
-603
-420
-144
134
388
609
732
775
732
658
563
464
350
182
-7
-211
-422
-582
-726
-825
-875
-885
-780
-579
-240
99
373
618
760
821
830
769
685
612
517
414
287
101
-132
-350
-546
-745
-826
-819
-774
-623
-485
-334
-108
112
337
431
431
427
357
308
270
242
235
191
97
-34
-198
-326
-423
-429
-357
-268
-139
-104
-76
-29
-26
1
22
20
60
92
101
109
56
-2
-39
-69
-51
-53
1
80
177
331
415
499
523
470
399
245
68
-101
-168
-135
-154
-188
-247
-337
-390
-408
-418
-365
-260
-120
50
165
297
381
438
484
421
290
144
13
-60
-106
-171
-234
-339
-465
-540
-557
-542
-480
-394
-255
-31
178
292
344
345
352
435
460
428
369
286
197
74
-110
-302
-395
-435
-425
-377
-335
-268
-133
-20
-1
-11
10
149
340
462
490
460
395
296
187
55
-73
-107
-118
-188
-329
-432
-369
-247
-136
-78
-78
-65
35
163
245
303
309
245
160
18
-83
-62
-77
-165
-293
-389
-304
-82
145
298
329
309
297
298
258
127
-17
-92
-87
-71
-111
-119
-76
-69
-175
-298
-311
-152
29
53
-44
-49
26
158
-123
-924
-1065
-134
1332
1774
675
-660
-1075
-451
424
419
-621
-1087
-382
257
-50
-930
-1218
-182
1091
1286
661
-81
-31
963
1273
589
-402
-594
281
787
285
-744
-1160
-554
138
289
58
-295
-7
844
1279
647
-249
-411
265
855
402
-54
-135
-84
337
88
-1019
-1085
-73
468
523
-229
-874
-243
167
-83
-418
-631
-36
1059
945
224
-347
-274
480
555
-2
-900
-1192
-339
62
-615
-865
-743
-444
362
556
392
455
200
288
536
171
185
567
356
143
-186
-818
-780
-281
39
-107
-445
-653
-241
18
-87
68
-63
27
514
751
518
211
51
241
239
-30
113
152
-137
-487
-453
-263
-186
-299
-350
-6
371
360
-30
-224
-1
576
666
170
-137
44
610
733
172
-366
-300
-30
-44
-465
-736
-281
119
68
-418
-733
-312
400
623
389
391
485
492
253
10
24
162
117
-20
-61
-75
-55
-278
-491
-522
-388
-77
91
202
417
414
160
-18
-85
28
268
329
307
221
71
-147
-316
-262
-126
18
68
-4
81
448
696
614
284
-33
-101
21
49
-129
-211
-17
309
386
132
-9
121
-525
-2403
-3746
-2643
214
1853
865
-1048
-1968
-1948
-2036
-1983
-790
944
1652
849
-511
-1134
-672
113
210
-515
-864
255
2340
3548
2984
1640
648
415
701
1208
1879
2483
2433
1406
-77
-958
-792
-384
-582
-1154
-1373
-998
-414
-229
-717
-1725
-2411
-1950
-677
567
1100
1035
848
658
649
851
1055
1305
1482
1340
1012
730
855
980
412
-578
-1189
-1046
-664
-535
-727
-1002
-1331
-1677
-1758
-1566
-1255
-931
-719
-686
-715
-692
-415
52
398
491
437
582
1025
1442
1559
1541
1771
2127
2181
1747
1139
692
421
289
267
313
296
164
-70
-304
-568
-763
-748
-550
-257
120
824
1067
-883
-4614
-6789
-4827
-553
1442
-36
-2098
-2834
-3479
-4977
-5442
-3050
331
1499
260
-1035
-368
1670
3157
2788
1080
222
2015
5573
8054
7921
5871
3561
1830
480
-348
54
1336
1925
277
-2784
-4428
-3683
-2520
-3032
-4739
-5545
-4281
-1807
311
765
-489
-1861
-1871
-719
501
1591
3194
5060
5609
4462
3204
3277
4264
4446
3062
1286
637
1551
2734
2332
264
-2069
-3573
-4285
-4656
-4630
-4071
-3540
-3847
-5026
-6176
-6351
-5376
-4096
-3319
-2799
-1681
289
2480
3767
3865
3594
3637
4098
4583
4992
5399
5713
5272
3824
2104
1010
579
-28
-1205
-2325
-2588
-2202
-1937
-2369
-3143
-3813
-4053
-3745
-3153
-2200
-1072
-192
303
506
624
862
1115
1368
1716
2182
2743
3510
4248
4483
4060
3149
2331
2060
2218
2549
2753
2692
2548
1855
-550
-4901
-8771
-9312
-6716
-4382
-4525
-5603
-5776
-5720
-6890
-8212
-7197
-3824
-1014
-377
-606
620
3568
5964
6017
4174
2666
3258
5400
7214
7951
7968
7486
5826
2831
-185
-1614
-1282
-735
-1494
-3204
-3965
-3072
-2043
-2609
-4572
-6336
-6671
-5648
-3908
-2146
-937
-212
274
311
18
357
1936
3982
4990
4938
5317
6773
8220
8184
6335
3690
1585
615
553
678
616
-28
-1643
-3801
-5690
-6533
-6523
-6266
-6149
-6120
-5887
-4966
-3286
-2055
-1756
-2104
-2078
-1242
89
1950
3767
4929
5246
5079
4717
4368
4008
3751
3467
2874
2491
2421
2285
1710
645
-617
-1688
-2281
-2271
-2044
-2158
-2515
-2775
-2980
-3127
-3108
-2888
-2631
-2515
-2207
-1392
-183
1131
2151
2513
2528
2634
3001
3424
3658
3895
3935
3455
2772
2312
1994
1510
845
362
128
52
302
582
-332
-3139
-6286
-7332
-5686
-3573
-2991
-3095
-2680
-2259
-3111
-4549
-4279
-2168
-609
-993
-1884
-1018
1813
4478
5222
4121
2789
2619
3496
4464
5216
6102
6765
6047
3615
1030
-65
50
-579
-2959
-5601
-6245
-4692
-3090
-3102
-4063
-4603
-4631
-4691
-4517
-3346
-1327
503
1323
1461
1970
3425
5132
5771
4978
3953
3959
4832
5576
5586
4787
3427
1832
357
-530
-854
-1042
-1638
-2905
-4397
-5043
-4819
-4241
-3965
-4354
-4904
-5414
-5194
-4183
-2963
-2028
-1456
-1024
-404
623
2012
3314
3906
4074
4084
4233
4495
4700
4588
3902
2738
1473
351
-468
-891
-1332
-2096
-3038
-3570
-3601
-3496
-3468
-3319
-2851
-2209
-1568
-969
-482
-85
318
708
1150
1691
2399
3078
3374
3252
3034
2854
2715
2410
1994
1637
1455
1517
1535
1348
1002
855
780
631
419
274
263
195
110
46
-99
-536
-1783
-4303
-6778
-7545
-6173
-4410
-3946
-3834
-3284
-2727
-3000
-3569
-2909
-1080
178
47
-431
360
2614
4565
4947
4204
3635
3775
3976
3754
3660
3945
4157
3486
1849
530
343
636
15
-1914
-3783
-4199
-3505
-2850
-2888
-3065
-2784
-2488
-2543
-2577
-1970
-860
-8
178
257
1030
2653
4359
5337
5638
5793
6118
6344
5962
4985
3773
2418
925
-525
-1370
-1537
-1502
-2012
-3316
-4877
-6006
-6451
-6575
-6462
-6105
-5359
-4621
-4032
-3227
-2233
-1094
-248
105
368
724
1415
2311
2971
3454
3588
3390
3043
2752
2761
2710
2162
1414
802
470
344
71
-264
-673
-1043
-1217
-1453
-1735
-1831
-1796
-1691
-1709
-1638
-1142
-476
137
615
1017
1542
2065
2279
2190
1948
2018
2378
2680
2889
2925
2740
2189
1289
554
58
-436
-877
-1345
-1509
-1399
-1303
-1108
-895
-698
-602
-714
-772
-571
-215
-128
-1063
-2754
-4048
-4223
-3463
-2981
-3004
-2753
-2276
-2139
-2579
-2772
-1748
-255
302
-130
-397
570
2218
3313
3588
3598
3945
4405
4385
4140
4291
4658
4480
3105
1254
87
-303
-592
-1553
-2938
-3917
-4257
-4186
-4046
-3802
-3263
-2778
-2595
-2478
-1995
-980
176
1003
1545
2020
2700
3675
4644
5394
5805
5877
5639
5247
4928
4657
3982
2622
917
-548
-1496
-2262
-3114
-4060
-5072
-5972
-6766
-7180
-6962
-6343
-5682
-5404
-5079
-4259
-2949
-1540
-471
353
1174
2206
3295
4324
5163
5723
5815
5415
4915
4590
4457
4042
3042
1816
736
-30
-725
-1669
-2669
-3526
-4085
-4443
-4601
-4225
-3381
-2565
-2230
-2231
-1993
-1220
-269
313
524
751
1289
1997
2594
3137
3629
4000
3993
3568
3235
3203
3228
2786
1764
756
106
-187
-492
-1031
-1567
-1970
-2190
-2296
-2204
-1890
-1426
-1071
-1043
-1030
-767
-214
252
-232
-1564
-2840
-3265
-2806
-2634
-2837
-2805
-2368
-2006
-2206
-2138
-1207
-60
191
-354
-556
333
1756
2653
2926
3117
3571
4021
4185
4385
4895
5259
4791
3232
1355
82
-589
-1311
-2553
-3815
-4303
-3999
-3508
-3218
-2907
-2232
-1638
-1571
-1550
-867
437
1444
1641
1632
2164
3230
4133
4430
4428
4471
4410
3928
3012
2180
1685
1056
-81
-1539
-2659
-3144
-3492
-4142
-5031
-5695
-5902
-5988
-6072
-6111
-5611
-4585
-3515
-2676
-1951
-719
675
1773
2513
3269
4410
5491
6058
6171
6028
5889
5516
4699
3589
2449
1591
723
-152
-1001
-1616
-2153
-2917
-3704
-4324
-4401
-4179
-3998
-3811
-3450
-2635
-1614
-727
45
657
1241
1642
1822
2037
2302
2548
2476
2148
1897
1956
2159
2140
1836
1438
1220
973
582
152
-266
-526
-862
-1334
-1658
-1715
-1528
-1402
-1463
-1394
-1046
-463
132
531
908
1267
1604
1756
1367
384
-933
-1879
-2250
-2361
-2418
-2208
-1647
-1342
-1659
-2199
-2108
-1403
-869
-847
-1017
-690
85
713
1004
1083
1384
1902
2241
2444
2759
3387
3865
3510
2429
1287
623
56
-983
-2301
-3142
-3160
-2816
-2429
-1905
-1087
-291
-39
-174
-146
245
667
665
481
620
1285
2204
2924
3461
3801
3938
3786
3311
2795
2317
1707
709
-602
-1759
-2437
-2738
-3019
-3398
-3747
-3894
-3910
-3874
-3773
-3569
-3359
-3322
-3246
-2885
-2099
-974
101
962
1735
2440
3129
3653
3930
3937
3544
2920
2158
1480
1050
756
341
-299
-997
-1493
-1657
-1702
-1735
-1751
-1778
-1850
-1941
-1870
-1507
-976
-407
51
531
1186
1894
2534
2895
2987
2867
2608
2375
2170
1923
1611
1262
875
477
151
-50
-139
-297
-658
-1104
-1527
-1812
-2050
-2222
-2190
-1973
-1592
-1181
-653
-21
664
1270
1714
2024
2280
2461
2501
2387
1660
355
-1096
-2039
-2501
-3003
-3570
-3918
-3814
-3708
-3724
-3503
-2701
-1772
-1379
-1464
-1442
-823
141
992
1441
1719
2075
2540
3007
3474
3994
4493
4661
4109
3135
2168
1430
547
-900
-2538
-3695
-3993
-3756
-3426
-3030
-2348
-1461
-793
-426
12
637
1144
1143
818
755
1283
2218
2971
3392
3721
4160
4494
4433
4046
3546
3005
1981
474
-1028
-2068
-2657
-3281
-3997
-4420
-4392
-4128
-3812
-3497
-3027
-2589
-2450
-2472
-2338
-1874
-1278
-805
-306
417
1209
2059
2719
3160
3416
3417
3147
2577
1914
1273
710
71
-504
-825
-949
-927
-912
-968
-1104
-1340
-1567
-1713
-1799
-1754
-1602
-1325
-972
-480
95
628
1147
1516
1841
2176
2478
2612
2434
2111
1810
1467
1224
1161
1196
1245
1090
727
223
-253
-652
-943
-1238
-1556
-1781
-1927
-1804
-1490
-1022
-512
-59
436
942
1336
1527
1561
1416
945
-71
-1225
-1923
-2148
-2433
-3072
-3559
-3452
-2940
-2678
-2616
-2242
-1547
-989
-919
-999
-680
0
518
610
559
906
1556
2096
2312
2530
3088
3610
3592
2969
2346
2004
1610
742
-513
-1555
-2041
-2223
-2439
-2511
-2174
-1484
-868
-543
-325
-17
289
380
230
174
501
928
1213
1338
1546
2023
2528
2829
2928
2994
2954
2527
1607
523
-345
-999
-1673
-2437
-3030
-3248
-3248
-3230
-3067
-2685
-2165
-1781
-1739
-1730
-1513
-1171
-839
-537
-59
618
1306
1944
2452
2913
3292
3432
3257
2776
2187
1627
1036
328
-339
-836
-1089
-1317
-1629
-1846
-1978
-2038
-2132
-2191
-2066
-1802
-1597
-1501
-1367
-983
-355
280
915
1457
1852
2100
2190
2225
2265
2253
2048
1668
1247
978
843
653
351
3
-283
-534
-863
-1173
-1367
-1510
-1634
-1703
-1556
-1152
-637
-211
98
398
797
1286
1688
1931
1989
1731
1020
5
-846
-1282
-1623
-2160
-2760
-3054
-2949
-2754
-2536
-2068
-1319
-679
-466
-541
-432
-18
393
572
614
910
1491
2068
2460
2850
3377
3755
3661
3130
2582
2174
1655
704
-514
-1500
-2039
-2316
-2647
-2922
-2875
-2494
-2007
-1609
-1136
-487
132
428
355
293
514
880
1096
1154
1359
1854
2410
2725
2850
2965
3039
2814
2189
1391
658
14
-686
-1461
-2111
-2503
-2731
-2920
-2969
-2791
-2550
-2319
-2174
-1935
-1647
-1492
-1322
-1218
-1019
-729
-243
483
1169
1765
2155
2378
2437
2365
2207
1995
1754
1412
930
405
-54
-403
-723
-1080
-1306
-1412
-1385
-1347
-1350
-1312
-1319
-1294
-1245
-1107
-857
-482
-43
324
669
1063
1472
1770
1913
1925
1843
1695
1567
1409
1200
969
666
269
-249
-729
-1048
-1228
-1359
-1424
-1443
-1462
-1438
-1341
-1124
-843
-444
49
540
949
1307
1553
1611
1480
969
276
-300
-567
-746
-1182
-1623
-1791
-1772
-1790
-1774
-1467
-884
-414
-291
-377
-330
-53
188
146
-6
110
512
979
1308
1721
2341
2806
2816
2420
2020
1790
1427
689
-315
-1171
-1631
-1977
-2370
-2631
-2576
-2204
-1777
-1453
-1074
-577
-101
112
33
21
273
685
1064
1327
1685
2186
2555
2751
2846
2948
2961
2680
2168
1524
857
180
-586
-1396
-2125
-2669
-3035
-3325
-3482
-3471
-3291
-2972
-2606
-2218
-1865
-1499
-1155
-828
-406
107
697
1230
1687
2106
2434
2641
2692
2671
2548
2227
1732
1170
665
219
-196
-564
-865
-1078
-1184
-1226
-1267
-1268
-1198
-1149
-1138
-1068
-829
-467
-106
224
477
692
887
1045
1125
1127
1151
1165
1095
899
650
424
225
8
-260
-542
-744
-791
-772
-788
-851
-908
-972
-1018
-912
-681
-404
-56
396
865
1253
1514
1751
1980
2121
2008
1432
659
-34
-578
-1234
-2072
-2575
-2676
-2590
-2604
-2543
-2042
-1352
-859
-755
-691
-338
154
467
490
484
711
1095
1378
1595
1962
2477
2794
2709
2369
2073
1847
1405
610
-414
-1277
-1906
-2397
-2801
-3046
-2880
-2493
-2069
-1650
-1134
-541
-181
-94
-113
13
367
684
891
1068
1319
1704
2048
2337
2578
2797
2869
2648
2245
1738
1224
588
-213
-1050
-1716
-2111
-2404
-2672
-2836
-2809
-2613
-2350
-2094
-1729
-1288
-843
-394
31
497
933
1288
1530
1755
2071
2423
2604
2541
2317
1956
1520
994
475
30
-405
-831
-1211
-1463
-1524
-1511
-1478
-1448
-1376
-1192
-964
-724
-535
-406
-336
-274
-152
47
316
534
667
689
617
543
462
364
280
204
133
50
-42
-102
-151
-173
-204
-307
-383
-382
-318
-299
-353
-355
-267
-100
98
359
728
1103
1439
1676
1736
1599
1130
574
24
-490
-998
-1651
-2079
-2352
-2489
-2509
-2331
-1740
-1067
-508
-122
239
693
1096
1217
1137
1024
1022
1107
1117
1197
1414
1717
1785
1603
1389
1224
1004
510
-183
-974
-1670
-2185
-2572
-2797
-2779
-2459
-1924
-1335
-669
79
720
1114
1296
1468
1601
1589
1449
1246
1081
1030
1065
1086
1113
1163
1206
1085
748
370
-2
-457
-1059
-1648
-2030
-2200
-2295
-2387
-2381
-2168
-1747
-1286
-911
-544
-118
228
357
368
504
812
1091
1200
1220
1314
1482
1612
1623
1565
1440
1152
686
141
-271
-544
-809
-1099
-1318
-1305
-1119
-885
-666
-457
-199
52
159
180
222
284
269
132
60
136
211
172
103
146
299
411
387
261
118
24
-76
-196
-249
-208
-130
-145
-213
-228
-159
-74
-39
-13
65
200
346
403
363
335
395
593
807
1030
1178
1053
738
187
-380
-821
-1135
-1287
-1568
-1813
-1914
-1908
-1786
-1550
-1002
-383
91
393
590
760
832
855
806
727
716
730
689
567
524
621
645
568
473
429
349
82
-264
-675
-1022
-1234
-1323
-1246
-1062
-724
-290
120
479
849
1202
1393
1365
1209
1045
866
678
472
282
123
-6
-101
-153
-120
-13
62
-7
-128
-281
-412
-581
-815
-996
-1120
-1079
-1008
-934
-807
-623
-417
-341
-272
-114
75
193
197
191
201
243
337
412
498
600
687
634
507
446
359
196
-99
-348
-451
-508
-564
-634
-593
-490
-365
-199
-8
180
310
393
398
343
270
201
121
81
79
71
26
-35
-53
-17
29
21
-1
17
86
158
192
206
213
222
262
328
399
403
336
250
183
153
133
136
79
15
-40
-44
23
52
133
190
237
199
48
-72
-225
-345
-498
-658
-772
-868
-872
-878
-863
-738
-592
-463
-362
-269
-115
-2
77
143
162
184
154
128
116
117
172
259
329
357
398
384
285
138
-14
-134
-301
-448
-524
-548
-452
-300
-104
104
272
451
612
699
778
859
932
934
766
593
421
211
9
-138
-141
-92
-32
7
-9
-3
-14
-52
-67
-58
-24
-41
-127
-213
-250
-209
-192
-174
-51
43
72
23
-43
-56
-85
-108
-103
-112
-108
-117
-135
-162
-215
-200
-183
-194
-198
-187
-127
-113
-29
114
169
164
140
179
197
162
184
227
268
245
128
35
-54
-127
-159
-173
-156
-157
-170
-201
-274
-312
-304
-334
-351
-340
-317
-302
-298
-275
-258
-185
-54
111
243
310
374
380
357
300
294
343
404
471
496
490
452
470
514
551
526
460
362
173
-40
-276
-475
-606
-691
-719
-726
-716
-676
-634
-548
-436
-347
-240
-123
-17
30
15
32
53
24
8
20
71
141
183
191
135
112
84
12
-66
-131
-166
-203
-215
-223
-229
-207
-151
-69
-8
68
153
194
178
119
125
183
236
306
395
501
568
609
651
651
629
597
500
345
216
90
-53
-247
-396
-441
-507
-597
-696
-726
-710
-718
-714
-696
-635
-543
-416
-224
-2
192
328
439
556
664
716
749
790
800
775
730
662
559
454
366
290
224
197
181
145
89
1
-86
-163
-240
-308
-384
-447
-506
-559
-588
-600
-584
-525
-445
-385
-331
-290
-275
-254
-229
-177
-98
-19
62
111
144
197
215
180
106
39
-15
-119
-210
-254
-252
-227
-221
-182
-123
-51
15
69
106
144
182
185
161
148
173
138
45
-29
-41
-33
-72
-97
-82
-78
-147
-244
-303
-340
-372
-415
-448
-429
-385
-357
-298
-203
-102
-17
36
65
70
98
153
190
224
279
363
467
569
647
667
659
645
619
584
533
501
448
375
314
291
281
219
144
115
149
157
110
22
-70
-135
-210
-288
-322
-288
-260
-286
-300
-245
-204
-222
-265
-276
-246
-240
-243
-236
-208
-164
-119
-78
-22
19
44
53
60
106
124
113
72
25
12
2
-1
3
16
8
-28
-45
-44
-60
-63
-31
24
69
87
113
139
148
156
188
211
187
149
121
84
5
-92
-166
-233
-320
-387
-405
-422
-437
-439
-434
-407
-358
-294
-225
-156
-77
3
68
123
174
231
319
399
431
428
427
465
517
538
520
468
420
348
233
121
27
-58
-187
-351
-487
-556
-594
-632
-655
-626
-543
-462
-398
-337
-250
-147
-57
41
155
272
360
409
461
521
557
559
506
418
337
274
226
145
45
-29
-71
-88
-102
-120
-141
-166
-154
-101
-53
-22
8
46
55
22
-11
-3
22
45
68
106
142
155
181
238
296
317
302
269
232
192
156
121
43
-65
-163
-231
-279
-311
-313
-338
-408
-456
-463
-445
-405
-344
-281
-256
-229
-162
-48
83
203
292
338
353
356
360
356
339
256
121
1
-70
-116
-175
-243
-322
-390
-429
-416
-349
-280
-238
-199
-158
-122
-68
-5
51
75
97
131
168
192
176
167
146
96
31
-49
-128
-181
-232
-315
-408
-470
-482
-450
-407
-386
-364
-329
-286
-212
-88
58
168
241
289
339
415
490
525
525
499
502
532
531
493
415
333
254
172
97
51
31
-26
-111
-167
-151
-118
-94
-74
-58
-54
-58
-34
24
74
128
183
197
177
159
179
195
190
173
143
100
24
-59
-125
-166
-215
-289
-341
-353
-343
-335
-330
-288
-222
-167
-101
-30
36
81
103
132
193
268
295
290
271
240
209
186
176
150
100
49
-23
-115
-214
-308
-357
-388
-408
-411
-419
-425
-430
-425
-416
-391
-326
-253
-207
-191
-171
-115
-70
-33
27
129
233
300
359
409
443
448
440
446
451
429
374
317
243
162
83
11
-37
-60
-52
-46
-77
-111
-130
-134
-101
-66
-44
-29
-54
-87
-93
-77
-68
-78
-100
-145
-196
-238
-247
-239
-254
-279
-274
-256
-247
-196
-143
-99
-52
-31
-6
39
73
88
113
147
177
187
206
242
284
314
337
358
349
329
316
313
308
270
203
147
111
80
53
31
3
-48
-114
-183
-238
-274
-296
-333
-368
-364
-350
-343
-327
-274
-201
-141
-69
11
73
105
126
162
179
178
191
207
216
231
244
239
238
265
307
329
332
335
339
319
273
232
184
113
20
-81
-147
-195
-235
-263
-265
-261
-279
-298
-312
-303
-276
-257
-243
-238
-241
-248
-232
-185
-137
-99
-63
-19
10
12
-8
-39
-92
-151
-174
-173
-162
-151
-118
-76
-43
-11
34
80
108
135
187
230
229
186
131
94
45
0
-6
14
52
70
69
51
14
-2
-20
-35
-44
-61
-83
-109
-145
-173
-188
-195
-178
-143
-95
-43
2
42
78
86
96
109
129
185
247
307
344
350
350
336
331
353
369
365
342
293
220
146
101
96
88
57
31
33
42
39
23
-5
-41
-101
-175
-244
-285
-303
-341
-379
-419
-410
-347
-269
-196
-148
-94
-59
-31
13
53
90
99
106
111
102
95
100
100
82
69
60
35
-16
-48
-69
-103
-146
-184
-206
-214
-205
-189
-171
-163
-147
-111
-73
-21
26
44
43
29
16
17
29
45
53
65
98
118
112
88
72
75
63
36
2
-41
-98
-155
-197
-216
-202
-182
-159
-127
-86
-20
52
125
193
238
276
312
335
347
338
318
294
243
177
108
40
-13
-67
-136
-209
-259
-297
-337
-372
-392
-389
-369
-322
-246
-152
-69
-2
62
116
163
208
255
290
302
295
278
268
257
255
259
279
289
250
177
91
23
-26
-82
-147
-211
-285
-361
-400
-413
-392
-364
-319
-273
-245
-211
-162
-100
-54
-6
50
105
169
240
288
299
323
368
384
353
332
324
269
164
49
-42
-123
-191
-220
-228
-238
-243
-246
-250
-233
-207
-175
-145
-113
-72
-34
-8
17
54
86
98
103
109
125
154
184
197
200
191
174
151
123
110
95
69
34
-24
-103
-169
-200
-223
-252
-292
-313
-315
-301
-264
-207
-155
-104
-48
14
86
149
199
218
234
258
279
295
284
265
232
187
151
120
91
43
-11
-54
-92
-129
-158
-166
-168
-167
-164
-167
-172
-165
-146
-119
-94
-90
-88
-84
-71
-55
-33
0
30
41
51
87
121
163
213
264
292
283
264
254
243
228
211
171
107
44
6
-13
-33
-38
-42
-54
-64
-58
-42
-65
-103
-129
-140
-151
-156
-134
-125
-145
-167
-172
-176
-183
-162
-107
-72
-58
-55
-54
-45
-47
-43
-32
-18
7
46
100
139
157
162
158
153
132
102
81
58
17
-52
-118
-162
-188
-205
-210
-211
-200
-186
-189
-183
-178
-177
-168
-149
-123
-93
-70
-40
0
39
88
134
184
231
259
277
275
261
238
199
154
114
68
30
4
-10
-11
-4
14
16
14
7
0
8
25
51
69
80
92
114
139
153
164
162
169
182
175
147
112
79
37
-16
-52
-69
-100
-131
-144
-140
-145
-170
-182
-198
-217
-211
-188
-153
-125
-94
-67
-60
-61
-42
0
46
62
57
56
38
29
23
17
5
-20
-37
-39
-38
-49
-71
-99
-117
-136
-151
-151
-134
-100
-84
-71
-59
-41
-31
-6
54
101
124
118
109
111
104
102
105
107
100
94
83
60
36
8
-16
-34
-32
-18
3
7
9
34
55
68
82
110
143
150
136
122
108
89
71
66
58
41
27
21
13
-1
-23
-34
-33
-25
-19
-12
-2
7
7
-9
-9
0
10
31
36
25
3
-24
-50
-64
-68
-55
-43
-53
-58
-59
-68
-89
-103
-106
-108
-103
-92
-69
-45
-28
-18
-4
5
11
21
32
44
46
45
47
46
45
46
50
48
45
36
13
-17
-48
-69
-89
-102
-102
-98
-88
-76
-57
-26
8
45
81
111
131
144
157
155
136
122
105
81
61
34
9
-21
-59
-95
-121
-143
-162
-167
-162
-154
-134
-109
-84
-58
-39
-11
17
27
42
54
54
48
37
34
30
24
13
-1
-18
-28
-28
-28
-30
-22
-9
-2
-8
-12
-13
-16
-19
-29
-24
-17
-16
-10
-15
-19
-23
-21
-4
19
45
60
69
72
63
62
71
77
75
67
55
42
33
27
23
15
11
11
11
13
9
8
-2
-25
-32
-31
-31
-26
-28
-29
-35
-43
-36
-45
-57
-50
-38
-27
-16
0
12
9
8
9
10
7
9
19
26
22
10
-4
-24
-38
-46
-62
-80
-86
-79
-72
-65
-68
-65
-47
-27
-4
29
51
52
45
39
45
54
59
65
70
69
63
57
49
54
62
68
69
62
54
52
50
38
21
-1
-18
-22
-21
-19
-29
-40
-65
-99
-120
-126
-120
-111
-99
-87
-64
-45
-23
18
50
77
103
115
117
106
98
92
73
52
36
26
5
-13
-26
-42
-57
-66
-62
-52
-51
-51
-50
-51
-59
-70
-63
-50
-29
-2
8
22
37
44
53
53
58
55
52
56
50
41
34
20
5
-5
-15
-18
-17
-15
-19
-15
-13
-18
-15
-15
-23
-26
-17
-3
22
38
58
77
91
107
122
140
148
144
131
99
68
42
9
-12
-28
-50
-67
-80
-89
-97
-105
-95
-84
-70
-56
-50
-41
-35
-41
-31
-27
-29
-17
-22
-29
-44
-55
-56
-58
-61
-64
-60
-56
-55
-57
-57
-59
-66
-71
-68
-51
-31
-14
4
20
31
43
52
63
77
86
91
86
81
68
54
39
15
-2
-11
-19
-17
-17
-24
-31
-41
-41
-40
-42
-49
-53
-47
-38
-32
-26
-14
1
12
26
42
55
60
56
52
40
25
11
4
8
16
19
22
23
27
35
41
48
54
63
66
63
54
41
28
12
2
-2
3
9
8
-1
-10
-23
-33
-30
-32
-31
-37
-48
-53
-51
-39
-31
-24
-19
-15
-9
2
9
15
18
13
10
3
-7
-9
-13
-12
-13
-17
-6
8
25
36
39
37
40
46
49
53
54
48
36
23
19
16
18
19
11
-1
-9
-16
-27
-38
-49
-56
-62
-65
-61
-59
-55
-48
-39
-27
-16
-3
6
4
-1
-11
-15
-9
-1
6
11
15
15
17
21
27
32
30
26
16
6
-2
-3
-2
-4
-3
0
6
11
23
40
57
64
63
61
56
56
52
46
45
45
38
38
39
33
21
6
-12
-27
-29
-22
-16
-15
-24
-32
-34
-35
-44
-51
-63
-79
-85
-99
-111
-112
-110
-107
-102
-94
-75
-49
-28
-6
12
29
47
60
70
81
89
94
96
95
97
99
93
85
76
63
46
26
10
-8
-26
-35
-48
-56
-57
-54
-47
-41
-32
-29
-30
-30
-31
-30
-20
-12
-5
2
2
-2
-12
-20
-17
-15
-13
-14
-17
-24
-26
-20
-20
-23
-21
-25
-31
-36
-36
-35
-33
-26
-18
-4
8
24
35
42
50
59
62
62
63
52
42
35
27
19
11
-3
-18
-29
-33
-36
-33
-26
-27
-26
-26
-25
-17
-18
-18
-15
-9
-4
2
8
13
17
16
12
9
12
12
13
18
21
22
30
37
36
37
40
43
49
55
57
57
56
54
41
21
8
-2
-13
-27
-38
-46
-52
-60
-60
-60
-61
-61
-63
-67
-61
-64
-66
-63
-63
-51
-37
-28
-18
-12
-15
-17
-17
-14
-9
-5
-5
-7
-8
-6
-6
-4
4
15
26
35
49
64
69
71
73
75
75
71
65
54
45
34
28
24
25
30
24
18
11
11
17
15
8
-3
-13
-19
-25
-27
-32
-29
-25
-24
-22
-18
-14
-11
-12
-17
-24
-27
-26
-28
-32
-40
-54
-64
-69
-76
-77
-76
-73
-68
-68
-60
-53
-48
-44
-38
-31
-21
-4
14
30
40
40
41
39
31
27
17
5
-4
-10
-11
-7
5
18
20
19
24
36
47
53
59
66
64
62
58
46
37
36
35
33
28
26
25
25
27
27
22
18
15
10
11
10
19
23
27
27
23
25
28
28
27
25
29
34
26
23
17
12
10
7
5
-1
-6
-7
-5
-2
0
-1
-1
-3
-15
-28
-36
-42
-50
-54
-58
-59
-56
-55
-46
-40
-32
-22
-18
-18
-25
-27
-24
-20
-21
-27
-32
-36
-30
-28
-15
-3
8
25
30
46
54
51
60
56
53
48
40
35
29
19
5
-10
-16
-21
-24
-25
-29
-35
-41
-47
-50
-53
-52
-48
-46
-37
-31
-30
-28
-29
-23
-17
-14
-6
3
14
22
20
24
37
45
49
51
63
73
82
94
98
100
97
96
99
89
79
65
49
38
20
9
0
-5
-11
-23
-27
-30
-30
-33
-32
-32
-32
-39
-54
-52
-60
-66
-59
-66
-64
-68
-68
-61
-66
-57
-45
-43
-37
-32
-24
-21
-21
-21
-17
-16
-9
-6
-8
-2
-2
-9
-14
-26
-35
-43
-54
-56
-53
-47
-36
-29
-21
-16
-9
11
20
38
38
38
42
30
25
12
-2
-5
-13
-15
-16
-11
1
14
29
47
63
75
90
96
103
108
104
102
97
92
82
67
56
44
30
22
16
16
15
20
19
14
20
20
12
8
7
11
14
13
12
1
-13
-28
-47
-55
-63
-77
-87
-91
-90
-89
-91
-89
-83
-74
-62
-57
-51
-40
-33
-26
-24
-22
-18
-22
-25
-24
-25
-23
-18
-13
-7
3
18
31
41
44
44
41
32
26
27
26
28
23
11
3
-15
-28
-38
-41
-40
-37
-26
-18
-12
1
20
38
56
73
84
91
91
91
90
86
80
60
46
29
14
6
0
-2
-3
-5
3
6
7
11
6
3
1
-1
-4
-6
-12
-18
-23
-30
-37
-48
-54
-53
-55
-56
-59
-58
-51
-43
-42
-36
-26
-25
-25
-27
-30
-27
-25
-29
-30
-34
-47
-59
-69
-70
-72
-70
-53
-42
-37
-26
-18
-17
-14
-3
9
15
19
27
28
28
30
32
34
31
31
30
30
32
33
39
47
52
57
63
62
56
53
60
63
63
70
72
71
68
58
48
42
42
47
44
48
53
49
47
49
45
41
34
33
25
13
3
-11
-23
-31
-34
-44
-46
-45
-40
-29
-14
-5
-2
5
11
14
16
19
16
11
6
-9
-21
-26
-35
-47
-62
-73
-74
-79
-77
-71
-74
-75
-75
-83
-85
-81
-80
-76
-69
-60
-56
-62
-67
-67
-76
-79
-73
-66
-51
-43
-26
-6
2
13
22
35
54
65
74
89
93
94
91
90
100
101
102
100
93
94
83
76
78
78
86
91
87
86
75
62
44
26
18
7
-7
-14
-21
-36
-51
-66
-77
-77
-73
-63
-46
-35
-26
-19
-8
0
4
4
2
4
1
-11
-21
-30
-48
-65
-75
-83
-89
-92
-91
-85
-75
-61
-49
-39
-25
-8
0
7
9
5
4
0
-10
-11
-11
-15
-16
-24
-29
-22
-16
-10
2
10
16
21
34
46
52
67
78
84
93
97
100
99
87
72
54
43
29
22
16
14
12
13
21
20
33
44
53
69
75
75
71
64
49
28
13
-4
-21
-39
-65
-84
-104
-120
-122
-121
-119
-112
-106
-95
-93
-96
-94
-91
-83
-72
-63
-57
-60
-63
-67
-72
-72
-68
-52
-37
-24
-9
2
20
36
51
67
76
89
90
87
83
68
48
30
15
-1
-16
-29
-37
-37
-32
-13
4
25
54
78
103
120
132
148
162
170
178
169
147
121
90
63
39
17
4
-7
-11
-17
-23
-25
-25
-19
-10
3
23
38
42
43
41
35
21
7
-7
-30
-46
-61
-72
-82
-96
-100
-100
-99
-86
-81
-76
-71
-69
-66
-66
-65
-60
-62
-71
-80
-99
-110
-121
-131
-137
-136
-122
-106
-92
-72
-58
-47
-31
-10
14
35
56
73
85
84
73
66
58
49
35
20
13
7
8
11
15
23
26
29
34
41
49
57
63
67
69
71
74
74
71
67
63
60
58
59
64
71
76
84
89
88
87
81
78
71
66
60
51
45
32
19
0
-21
-44
-66
-80
-96
-104
-107
-103
-98
-96
-81
-69
-56
-41
-31
-18
-7
0
2
-5
-9
-14
-25
-37
-52
-67
-85
-97
-104
-111
-109
-111
-114
-110
-102
-90
-77
-62
-43
-29
-10
13
26
38
49
56
62
65
70
69
66
61
59
54
52
54
52
54
58
61
65
66
69
71
69
68
69
68
63
61
62
64
64
61
61
54
46
43
36
32
28
15
0
-17
-32
-42
-50
-49
-38
-34
-29
-22
-19
-19
-11
-2
6
12
15
14
14
13
6
-6
-21
-37
-55
-69
-86
-102
-119
-128
-126
-122
-117
-108
-94
-78
-59
-42
-21
-4
13
32
43
48
44
37
29
18
3
-9
-22
-37
-52
-67
-72
-73
-66
-54
-40
-24
-7
12
26
38
54
65
76
83
85
84
80
70
64
61
58
54
49
43
39
33
27
23
22
18
12
7
3
-4
-16
-20
-19
-20
-21
-23
-30
-31
-25
-19
-8
4
18
26
30
35
38
40
35
28
17
2
-13
-25
-32
-44
-57
-61
-63
-63
-59
-51
-38
-23
-6
19
40
56
70
77
78
72
58
44
27
10
-9
-32
-55
-81
-97
-103
-101
-88
-75
-56
-32
-12
12
37
58
80
96
105
109
100
89
69
52
33
10
-9
-29
-46
-61
-75
-83
-87
-90
-87
-75
-62
-51
-36
-20
-7
7
21
34
45
54
63
63
60
63
66
71
75
77
78
71
60
47
29
13
-7
-30
-50
-68
-83
-96
-110
-120
-121
-118
-111
-93
-74
-47
-21
6
34
55
73
88
97
106
106
104
93
73
54
34
13
-8
-23
-30
-33
-39
-36
-31
-26
-18
-8
7
23
35
45
56
64
68
69
63
57
49
36
23
7
-11
-27
-42
-50
-54
-50
-42
-33
-27
-19
-11
-3
1
0
4
6
-2
-11
-23
-35
-49
-64
-75
-84
-87
-83
-83
-84
-80
-74
-64
-56
-47
-35
-23
-8
3
19
35
48
61
72
79
80
78
72
59
44
30
19
1
-17
-35
-54
-67
-79
-88
-96
-93
-79
-64
-43
-20
1
19
34
43
56
74
92
111
126
134
139
139
134
123
107
90
73
50
28
6
-14
-31
-50
-66
-81
-88
-90
-89
-83
-75
-64
-52
-36
-18
4
26
40
52
66
76
82
88
92
94
89
74
54
33
10
-13
-35
-57
-70
-82
-89
-95
-97
-96
-91
-80
-69
-56
-41
-28
-16
-5
0
5
7
6
3
-1
-4
-9
-17
-27
-37
-48
-59
-70
-82
-82
-84
-86
-81
-72
-57
-44
-31
-14
-6
3
7
13
20
28
37
44
47
48
44
43
47
48
49
53
60
66
72
76
80
83
82
77
74
80
86
96
105
109
111
109
102
93
83
69
52
28
0
-21
-44
-61
-70
-79
-85
-86
-80
-71
-59
-54
-45
-31
-18
-3
13
26
32
27
23
24
17
3
-11
-23
-38
-58
-80
-103
-124
-145
-160
-159
-158
-155
-145
-137
-123
-97
-68
-47
-24
0
18
39
62
69
79
80
72
74
58
38
29
14
5
-4
-22
-35
-45
-52
-55
-64
-76
-91
-97
-86
-73
-41
-11
21
62
81
110
143
160
187
214
226
235
238
224
210
181
149
125
92
59
44
23
-10
-12
-51
-77
-79
-112
-107
-100
-107
-86
-64
-43
-4
20
39
63
65
71
66
52
53
36
42
36
6
0
-29
-50
-70
-99
-115
-136
-153
-149
-150
-147
-139
-154
-148
-142
-134
-105
-87
-58
-34
-26
-8
3
9
27
22
28
45
49
77
69
58
57
27
24
21
12
13
9
1
3
-5
-10
-19
-27
-17
-21
-22
-19
-23
-14
-4
1
8
2
8
16
18
23
15
15
3
15
40
52
76
90
92
101
108
123
138
127
134
135
124
129
113
89
69
26
4
-14
-38
-44
-74
-98
-112
-138
-140
-129
-124
-117
-111
-92
-61
-24
23
54
73
81
83
103
109
107
105
79
54
43
18
7
-14
-56
-92
-136
-161
-174
-178
-177
-183
-183
-175
-155
-129
-93
-64
-32
-13
9
43
56
81
101
106
108
101
106
92
85
73
45
28
7
-3
-16
-32
-32
-42
-51
-45
-36
-30
-23
-20
-20
-11
-3
-2
-1
-3
-9
-7
-9
-3
3
12
23
19
12
7
12
18
27
27
31
31
25
36
41
38
24
10
5
0
6
13
9
2
-4
2
7
18
25
21
15
14
16
28
41
38
23
1
-8
-24
-36
-28
-37
-44
-49
-57
-42
-22
-9
-4
-1
-1
11
41
70
85
70
52
43
30
26
13
-19
-44
-66
-93
-102
-102
-113
-113
-120
-119
-95
-67
-26
-4
3
24
39
65
98
106
103
94
81
79
68
56
59
35
1
-17
-29
-26
-25
-31
-55
-60
-62
-51
-33
-35
-54
-52
-35
-29
-9
-9
2
3
-8
-11
-11
2
21
31
24
25
27
36
70
85
75
80
78
71
79
79
53
44
36
17
11
10
16
14
10
6
-8
-4
3
6
16
23
18
7
18
26
23
16
-1
-8
-30
-22
-18
-33
-19
-29
-36
-40
-37
-26
-23
-8
7
20
45
77
80
60
48
23
-1
-1
-30
-52
-54
-79
-102
-112
-103
-104
-117
-108
-124
-121
-60
-44
-28
1
4
18
30
46
39
33
27
11
8
15
35
26
43
54
20
20
10
-1
9
-15
-33
-53
-57
-31
-36
-36
-36
-45
-39
-27
-34
-26
-4
4
28
37
42
62
76
86
105
81
88
107
89
125
120
96
82
42
22
-13
-53
-61
-68
-83
-83
-98
-84
-46
-48
-44
-52
-52
-23
7
18
23
35
39
64
82
93
88
66
57
34
40
52
36
18
6
-18
-25
-13
-13
-17
-35
-62
-62
-39
-20
-8
-18
-30
-32
-34
-25
-33
-42
-47
-48
-53
-48
-36
-52
-48
-33
-37
-42
-31
-42
-25
-9
-21
-7
0
-3
7
20
10
18
20
26
26
14
18
21
28
16
6
-5
8
7
-8
-8
-16
1
17
25
39
33
17
10
3
18
32
23
23
5
-8
-7
-11
1
2
-20
-34
-40
-39
-28
-27
-30
-38
-40
-18
7
26
37
46
46
54
71
73
80
95
103
105
97
94
79
59
61
45
35
28
14
-14
-40
-49
-44
-50
-61
-55
-88
-98
-84
-72
-46
-52
-63
-77
-78
-46
-23
-16
-18
-25
-31
-31
-28
-9
1
-1
-31
-55
-60
-66
-30
-32
-29
-42
-61
-37
-14
27
38
40
36
32
56
84
114
124
111
87
66
63
71
72
61
13
-30
-42
-40
-31
-40
-60
-74
-74
-63
-47
-26
-30
-30
-11
-3
33
54
57
56
51
54
55
48
31
32
21
4
-15
-23
-19
-22
-21
-40
-50
-36
-23
-13
-17
-20
-6
-1
-2
4
8
18
30
31
26
38
44
47
43
14
5
-2
-3
2
-16
-25
-37
-38
-29
-25
-22
-36
-45
-33
-21
4
18
20
26
31
30
35
46
40
39
19
-9
-21
-34
-32
-33
-52
-76
-90
-88
-72
-65
-64
-60
-47
-14
21
50
67
67
76
92
113
117
117
103
101
99
77
65
41
13
-27
-65
-93
-95
-93
-92
-97
-121
-117
-97
-85
-66
-43
-43
-41
-20
7
52
68
73
60
50
73
76
75
61
39
32
25
13
0
-15
-32
-45
-81
-99
-81
-87
-71
-58
-54
-37
-36
-13
7
26
48
66
79
92
101
95
101
113
101
77
50
32
35
33
20
8
-12
-16
-21
-12
-5
-18
-20
-26
-14
-9
-9
0
10
25
12
-7
-15
-19
-19
-24
-50
-71
-82
-82
-76
-75
-63
-51
-49
-44
-35
-21
14
50
58
56
54
66
72
73
65
40
16
-1
-11
-15
-33
-51
-63
-73
-74
-82
-89
-94
-89
-85
-83
-53
-27
-10
8
18
29
43
60
77
76
75
66
46
42
34
36
17
-9
-25
-42
-48
-45
-43
-47
-39
-45
-42
-27
-12
10
11
16
29
38
61
86
102
102
93
94
99
105
99
92
76
63
54
28
17
16
17
6
-25
-56
-60
-51
-41
-51
-62
-57
-62
-59
-37
-29
-37
-32
-21
-10
0
10
12
6
1
-4
6
3
-18
-40
-59
-63
-62
-60
-59
-69
-67
-53
-47
-32
-17
1
20
29
31
29
36
53
65
52
25
1
0
13
17
2
-18
-32
-29
-17
-15
-11
-6
1
-1
-4
8
26
47
60
53
36
29
43
59
62
53
37
6
-12
-16
-19
-17
-23
-27
-26
-28
-22
-2
11
19
20
20
30
43
49
41
33
32
44
48
42
40
42
39
27
8
-4
-7
-21
-36
-57
-70
-75
-75
-77
-79
-69
-69
-52
-39
-31
-10
0
9
14
6
8
24
33
28
19
13
3
-6
-13
-24
-41
-48
-57
-65
-72
-71
-75
-72
-62
-52
-45
-39
-16
-2
6
8
15
39
57
55
48
49
53
55
48
35
38
41
34
29
21
23
30
25
26
26
10
10
14
24
33
23
10
2
3
14
24
18
10
8
8
9
3
-7
-11
-13
-17
-18
-23
-26
-16
-9
-2
5
1
-4
-1
12
19
10
-8
-16
-13
-3
3
-4
-6
-17
-22
-19
-23
-13
-19
-33
-36
-37
-23
-15
-9
5
18
24
31
44
50
58
60
47
40
36
32
28
14
-5
-17
-32
-40
-48
-60
-61
-65
-71
-81
-95
-89
-79
-65
-52
-52
-52
-47
-31
-14
-4
2
16
25
34
43
40
35
26
19
20
16
17
19
14
11
4
5
9
10
24
26
28
35
38
53
62
61
51
41
42
50
58
55
42
36
38
46
42
34
33
31
25
13
5
11
24
33
28
13
-2
-3
-2
-13
-23
-33
-34
-29
-40
-56
-59
-64
-66
-61
-66
-68
-67
-59
-47
-40
-46
-51
-53
-46
-23
-9
-4
-2
-2
9
16
25
30
23
15
7
5
1
-9
-22
-29
-35
-48
-60
-67
-60
-46
-42
-50
-55
-42
-18
-2
3
5
10
26
42
54
63
64
67
63
55
55
50
43
35
27
22
16
10
10
12
10
10
12
12
18
31
45
48
45
43
43
42
38
39
42
45
44
39
29
22
13
3
-7
-19
-23
-28
-29
-38
-50
-54
-54
-50
-51
-56
-55
-50
-40
-25
-17
-13
-5
0
2
5
11
17
24
22
12
-3
-11
-14
-18
-24
-37
-47
-51
-53
-46
-35
-23
-18
-5
4
13
27
39
44
53
62
61
60
56
54
51
44
31
10
-4
-10
-21
-25
-25
-31
-31
-32
-32
-27
-22
-13
-6
-5
-2
0
5
10
7
2
2
3
5
8
6
3
8
14
15
18
21
30
38
34
23
17
16
14
14
12
2
-4
-4
-9
-22
-30
-29
-27
-28
-31
-25
-21
-21
-19
-18
-15
-10
-13
-20
-23
-21
-20
-24
-25
-27
-28
-30
-29
-25
-24
-20
-15
-7
7
17
22
25
28
34
37
34
27
20
15
8
7
-1
-9
-9
-3
-1
-2
-3
1
12
23
34
43
49
51
51
59
61
55
50
45
39
29
11
-4
-14
-21
-28
-39
-41
-41
-43
-41
-38
-38
-34
-28
-19
-19
-21
-23
-22
-12
-3
-8
-13
-13
-10
-1
0
-4
0
6
11
13
6
0
-3
-4
-2
-4
-7
-12
-14
-16
-15
-13
-15
-18
-17
-19
-20
-15
-7
0
1
-1
0
11
23
25
21
17
18
22
24
17
11
8
5
2
-4
-11
-14
-18
-13
-2
4
7
5
5
9
9
5
1
0
-1
-1
-4
-5
-4
-4
-3
2
9
9
9
14
15
20
28
28
23
21
25
27
28
25
24
18
15
10
3
3
-1
-9
-15
-24
-26
-28
-33
-36
-28
-18
