SAMPLES:	12532
BITSPERSAMPLE:	16
CHANNELS:	1
SAMPLERATE:	16000
NORMALIZED:	FALSE
-1
0
-1
-1
-1
0
0
0
0
0
0
0
0
0
0
0
0
0
0
0
0
-1
0
0
0
0
0
0
0
0
-1
0
-1
0
1
0
0
1
0
0
0
1
0
0
0
0
0
0
1
-1
0
-1
0
0
-1
0
0
0
0
-1
0
0
0
0
0
0
0
0
0
0
0
0
0
-1
0
0
0
0
0
0
-1
0
0
0
0
0
0
-1
0
-1
0
0
0
0
1
0
0
1
0
0
0
-1
0
0
0
0
0
1
0
0
0
1
1
1
0
0
1
0
1
0
0
0
0
0
-1
-1
0
0
1
1
0
-1
0
-1
-1
0
-1
-1
-1
0
0
1
-1
0
0
-1
-1
0
1
-1
0
0
0
1
0
0
0
1
1
1
1
0
0
0
-1
1
0
1
0
0
0
1
0
0
0
-1
1
1
0
0
0
0
0
0
0
0
0
0
0
0
0
1
0
1
0
0
0
0
-1
-1
0
1
0
0
-1
-1
-1
-1
0
-1
-1
0
0
0
0
0
0
0
0
-1
0
0
0
0
0
0
0
0
0
0
-1
0
0
0
0
0
0
1
1
0
1
0
1
0
0
0
0
0
0
0
0
0
0
0
1
0
0
1
0
0
0
0
0
0
0
-1
0
0
-1
0
0
0
0
0
1
-1
0
0
0
0
0
0
-1
1
0
0
0
0
0
-1
0
0
0
0
0
0
0
0
0
0
-1
-1
-1
-1
-1
-1
0
0
0
-1
0
0
-1
0
1
0
0
1
1
-1
0
0
0
0
0
0
0
1
0
0
0
0
0
0
0
0
-1
-1
1
0
-1
0
0
0
0
0
1
0
0
1
0
1
0
0
0
0
0
1
1
0
0
0
0
0
-1
0
0
0
0
0
0
0
0
0
1
-1
0
0
1
0
0
0
0
1
1
0
0
-1
-1
0
0
-1
-1
0
0
0
0
1
1
0
0
0
0
0
0
0
0
1
0
0
1
1
0
0
1
0
0
0
1
0
1
0
0
0
1
1
0
0
0
0
0
0
-1
1
0
1
1
0
-1
0
1
0
-1
0
0
1
1
0
0
-1
0
0
-1
0
0
-1
0
0
0
-1
0
1
0
0
0
-1
-1
0
-1
-1
0
0
0
0
1
0
0
0
1
0
0
0
0
0
1
0
0
-1
-1
0
0
0
-1
0
0
0
0
0
0
0
0
0
0
0
0
0
0
0
-1
0
0
0
0
0
0
0
-1
1
0
1
0
0
1
1
0
1
0
0
1
-1
1
0
0
0
0
1
-1
0
-1
-1
0
0
0
1
0
0
0
-1
-1
0
0
0
0
0
0
0
0
0
1
0
0
0
0
0
0
0
0
0
0
1
0
-1
-1
1
0
-1
-1
0
0
0
0
1
-1
0
0
0
0
-1
0
0
0
0
0
-1
-1
0
0
0
0
-1
-1
0
0
1
1
1
0
0
0
0
0
-1
0
0
-1
0
0
0
0
0
0
0
0
1
1
1
1
1
1
1
0
0
0
0
-1
0
0
-1
0
0
-1
-1
-1
-1
-2
-2
-1
-1
0
-1
-1
0
-1
0
0
0
1
0
0
0
1
1
1
0
0
-1
0
0
-1
0
0
1
1
0
1
1
0
0
-1
-1
-1
-1
-1
-1
0
0
0
0
0
0
1
0
0
1
1
0
0
0
0
0
0
0
0
0
0
0
1
0
0
0
0
0
0
1
0
1
0
0
1
0
0
1
1
-1
0
1
-1
0
0
0
0
0
0
0
-1
0
0
0
-1
0
-1
0
0
0
0
0
0
0
0
0
-1
0
-1
-1
0
-1
-1
-1
0
-1
-1
-1
-2
-2
0
0
0
0
0
1
0
0
0
0
0
0
1
1
1
1
1
1
1
1
0
1
0
1
1
0
1
0
1
-1
-1
-1
-1
-1
0
0
0
-1
1
0
1
1
0
0
0
0
0
0
1
1
0
0
0
0
0
0
-1
0
-1
-1
-1
-1
-1
-1
0
-1
-1
-1
-1
0
-1
-1
-1
-1
0
-1
0
0
-1
1
0
0
1
1
1
1
1
1
0
0
0
1
1
1
0
1
1
2
2
1
0
1
0
1
1
1
1
0
0
1
0
0
1
0
1
0
0
-1
-1
-1
0
0
-1
-1
0
-1
0
0
0
0
0
1
-1
-1
0
0
-1
-1
-2
-1
-1
-1
0
0
0
-1
-1
-1
-1
-1
0
0
0
0
0
-1
0
0
0
0
1
1
0
1
1
1
1
0
1
1
0
0
0
1
0
1
1
0
0
0
0
-1
0
-1
-1
0
0
-1
0
0
-1
-1
0
0
1
1
0
1
1
0
1
1
1
0
0
-1
0
0
-1
-1
0
-1
0
-1
-2
1
-1
-1
-1
0
0
0
0
1
1
1
0
1
1
0
0
0
1
0
0
0
-1
0
-1
0
0
0
-1
-1
0
-1
0
0
0
1
0
0
0
1
0
0
-1
0
-1
0
0
0
-1
-1
-1
0
-1
0
0
1
0
2
1
1
2
1
1
0
1
1
1
1
0
0
0
0
0
-1
1
-1
1
1
1
0
1
1
1
1
1
-1
0
0
0
-1
-1
1
0
0
0
-1
-1
-1
0
-1
-1
-1
-1
0
0
-1
0
-1
0
-1
0
0
1
1
-1
0
0
-1
0
0
1
0
0
0
-1
1
0
0
1
0
0
0
1
1
0
1
0
-1
0
-1
0
0
0
-1
0
0
0
0
-1
-1
0
-1
1
1
0
1
0
1
0
1
1
0
1
1
-1
0
0
0
1
0
0
-1
-1
-1
0
-1
0
0
1
1
0
0
0
-1
-1
0
0
0
-1
0
0
1
-1
0
-1
-1
0
0
0
1
0
-1
0
0
0
0
1
0
1
0
1
0
2
1
0
1
0
1
0
0
0
0
1
-1
1
0
1
1
1
1
1
0
1
0
1
1
1
0
0
0
-1
-1
-1
-1
-1
-2
0
0
-2
-1
-1
-1
-2
-2
-1
-1
-2
-1
-1
0
0
0
0
0
0
0
-1
0
0
-1
0
-1
-1
-1
0
-1
-1
0
-1
0
0
1
1
1
0
1
1
0
0
1
0
1
0
1
0
1
1
1
2
1
1
0
0
1
2
1
1
1
2
1
1
1
0
0
0
-1
0
0
0
0
0
0
-1
-2
0
-1
-1
-1
-1
-1
0
0
0
0
0
0
0
-1
-1
0
0
-1
0
0
0
0
0
0
0
0
0
0
0
0
-1
0
0
0
0
0
0
1
0
0
0
0
0
0
0
1
0
0
1
1
0
1
0
1
0
0
0
1
1
0
1
1
1
1
0
0
0
-1
1
0
0
0
0
0
1
0
0
0
0
1
0
0
0
1
0
1
1
1
0
0
1
1
0
0
1
0
-1
0
0
0
0
0
1
1
0
1
0
-1
-1
0
0
-1
-2
-1
-1
-1
0
-1
0
-1
0
-1
-1
-1
0
0
-1
1
-1
0
0
0
0
1
0
0
1
1
0
0
0
-1
-1
-1
0
0
0
1
1
1
0
0
0
1
0
0
-1
0
-1
0
0
0
1
0
0
1
0
0
0
0
0
1
1
0
1
0
0
0
0
-1
0
0
-1
-1
-1
-1
0
-1
0
0
-1
0
0
-1
0
1
0
0
1
0
0
0
1
1
-1
0
0
0
0
0
0
0
0
1
0
0
0
1
1
0
0
0
0
1
0
0
0
0
0
0
1
0
0
0
0
0
-1
-1
-1
-1
0
0
0
0
0
0
0
0
0
1
0
0
0
0
1
1
0
0
0
0
1
-1
0
0
1
1
0
0
0
0
-1
-1
-1
-1
0
-1
0
0
0
0
0
0
0
0
0
1
0
1
1
1
1
0
0
-1
0
0
0
0
0
-1
-1
-1
-1
-1
-1
-1
-1
-1
0
-1
0
0
0
0
0
0
0
0
0
1
1
1
0
0
-1
0
-1
-1
-1
-1
-1
0
-1
0
0
0
0
0
0
0
0
0
0
0
0
-1
0
1
1
0
1
1
0
0
1
1
1
0
1
1
0
0
1
1
0
0
0
0
0
0
0
0
0
1
1
1
1
1
1
0
1
0
0
0
0
0
0
1
1
0
0
-1
-1
-1
-1
0
-1
-2
-1
-1
0
-1
-1
0
-1
-1
0
0
0
0
0
0
0
0
0
0
1
0
0
0
0
0
0
-1
0
0
0
0
0
-1
-1
1
-1
0
0
0
0
0
0
0
0
1
0
0
1
0
0
-1
0
0
0
0
1
0
1
0
0
0
-1
0
-1
0
0
-1
0
-1
-1
0
0
0
0
0
0
0
1
0
1
0
0
1
1
0
0
0
0
0
1
0
0
1
0
0
-1
0
1
1
1
1
1
0
1
1
1
1
1
0
0
0
1
0
0
-1
-1
-1
-1
-1
0
0
-1
0
-2
-1
0
-1
-1
-1
-1
0
-1
0
1
-1
0
1
0
0
-1
0
0
0
0
0
-1
0
1
-1
0
0
0
0
-1
0
1
0
-1
1
1
1
1
0
0
0
1
1
0
-1
0
0
0
1
0
0
1
0
1
0
1
0
1
2
0
0
0
0
0
1
0
0
-1
-1
0
0
0
-1
0
-1
-1
0
0
-1
0
0
0
0
0
0
0
-1
0
1
0
1
1
-1
0
0
1
0
0
0
0
0
0
-1
0
-1
0
-1
0
-1
-1
-1
-1
0
-1
0
-1
-1
-1
0
-1
-1
0
0
0
0
0
0
0
1
0
0
0
0
1
0
0
0
0
0
-1
-1
-1
0
-1
0
0
0
0
-1
0
1
0
0
0
1
1
0
1
1
1
1
0
1
0
0
0
0
1
0
0
0
0
1
0
0
1
0
0
0
-1
1
0
0
0
1
1
1
1
0
0
-1
0
-1
0
0
-1
0
-1
0
0
0
-1
0
0
0
0
0
0
0
0
0
0
0
0
1
0
1
0
0
1
0
0
0
0
0
0
0
-1
-1
0
0
-1
0
0
0
0
1
0
1
1
0
0
1
0
0
0
0
1
1
0
0
0
1
0
-1
-1
-1
-1
-1
-1
0
0
-1
0
-1
0
-1
0
-1
-1
0
-1
0
0
-1
0
0
1
0
0
0
0
1
1
1
0
1
1
-1
0
-1
1
1
0
0
0
-1
0
0
0
0
-1
0
0
1
0
0
0
1
1
0
0
-1
0
0
0
0
0
0
1
0
-1
0
0
-1
0
-1
-1
0
-1
0
0
0
0
0
0
0
0
-1
-1
0
0
0
0
-1
0
0
1
1
0
0
0
1
0
0
0
0
0
1
1
1
0
0
-1
1
0
2
1
1
2
1
2
1
1
0
2
3
2
1
0
-1
0
1
2
1
1
2
2
3
2
0
-1
0
7
12
8
-4
-11
-8
1
8
8
0
-6
-9
-6
-2
-1
-4
-2
4
7
3
-7
-12
-9
5
18
15
-2
-16
-13
0
11
8
-1
-7
-5
2
4
-3
-10
-10
-1
6
1
-8
-11
-5
4
5
-1
-9
-10
-1
6
9
2
-1
-1
-4
-2
-1
3
5
6
5
0
-1
-1
2
6
8
10
9
9
8
6
4
2
3
8
12
6
-1
-7
-7
-2
3
3
0
-1
1
4
6
2
-2
-6
-4
4
13
12
6
1
-5
-6
-10
-13
-7
-4
-2
-4
-6
-12
-24
-25
-18
-2
4
0
-13
-26
-20
-16
-17
-25
-37
-26
2
21
-6
-83
-149
-109
37
139
103
-31
-126
-104
-17
69
107
70
9
4
31
19
-53
-107
-44
89
174
118
-75
-248
-210
29
219
186
-8
-155
-106
29
102
71
-25
-47
57
174
157
0
-103
-27
129
187
99
-45
-81
20
163
163
29
-85
-128
-21
41
51
65
22
21
5
-7
-47
-61
11
71
106
39
-28
-45
-57
-65
-85
-27
34
39
34
7
-88
-168
-122
-18
86
76
-13
-56
-66
-67
-93
-114
-123
-74
61
72
-32
-138
-155
-126
-130
-111
-69
0
12
26
-2
-99
-127
-62
48
9
-63
-9
120
196
55
-97
-174
-151
-59
-13
53
70
64
37
-68
-123
-95
-41
79
195
276
262
164
117
107
143
155
176
264
311
296
216
113
35
-21
-1
24
54
72
19
-16
-73
-167
-243
-262
-142
10
50
-15
-99
-97
-55
-64
-56
17
136
248
209
106
-26
-63
53
130
169
140
45
-7
19
59
69
-61
-119
-68
-70
-38
-100
-92
-110
-196
-173
-198
-149
-116
-139
-145
-273
-269
-202
-210
-206
-287
-289
-289
-307
-280
-276
-266
-341
-343
-276
-226
-173
-178
-107
-35
-66
-80
-30
77
213
281
308
326
316
376
413
386
298
252
279
342
346
291
192
78
144
145
245
-73
-389
-149
-1
446
354
245
254
-175
-45
83
364
619
536
622
524
388
386
381
310
144
224
356
298
222
-10
-104
-276
-493
-403
-468
-402
-321
-218
-108
-288
-269
-180
-103
-29
129
403
571
704
725
713
603
417
344
163
220
380
499
432
-471
-1210
-1802
-1962
-1690
-1813
-1520
-1704
-1919
-2186
-2634
-2372
-2298
-1872
-1403
-958
-404
-36
456
823
1070
1215
1457
1681
1921
2249
2684
2836
2707
2363
1801
1321
678
452
155
-198
-268
-556
-770
-1241
-1651
-1757
-1842
-1763
-1583
-1279
-842
-281
247
515
602
706
905
1178
1526
1903
2147
1954
1608
1466
1326
1375
1208
955
660
91
-182
-610
-866
-906
-949
-915
-1202
-1445
-1548
-1543
-1378
-1167
-1027
-894
-794
-477
-87
175
478
581
623
511
484
630
819
1054
1120
1243
1234
1218
1294
997
826
606
305
217
32
191
228
127
66
-237
-1793
-3539
-4399
-4537
-3381
-3548
-2798
-2094
-2931
-2942
-3788
-2800
-1896
-1339
322
972
1804
2240
3190
4114
4203
4164
4078
4108
3756
3593
3856
3859
3167
2467
1397
51
-1079
-1824
-2264
-3262
-3849
-3902
-3805
-3830
-3762
-3054
-2533
-2161
-1564
-726
59
954
2082
2959
3361
3677
4203
4291
3922
3359
2823
2095
1129
428
-46
-459
-837
-1124
-2150
-3501
-4373
-4344
-3667
-3443
-2726
-2244
-2150
-1957
-1760
-782
-190
435
1077
1200
1351
1454
2092
2512
2447
2455
2235
1850
1429
1215
1281
1164
957
711
232
-159
-134
379
607
709
791
883
1215
1068
1462
1616
1498
1862
1741
1158
-1522
-4122
-5448
-5907
-5413
-6006
-4958
-4189
-4411
-4372
-4831
-3173
-2054
-1050
476
1319
2638
3534
4800
5963
6287
6381
6413
5897
5009
4467
4240
4062
3032
1599
-109
-1950
-3631
-5073
-5985
-6862
-7084
-6977
-6830
-6402
-5645
-4155
-2670
-1388
-83
1471
2990
4303
5379
5955
6404
6513
6507
6064
5045
4012
2946
1835
379
-1116
-2305
-3160
-3974
-4732
-5250
-5498
-6031
-6615
-6382
-5819
-4385
-3145
-1744
19
786
2161
3131
3898
4574
4454
4595
4052
3498
3237
2960
2595
1940
1434
785
255
-182
-342
-374
-638
-584
-512
-554
-725
-738
-331
165
766
1149
1798
2392
2523
3000
2630
2566
2599
2506
2773
-1320
-5296
-7597
-8170
-6504
-8679
-7256
-5075
-5039
-4545
-5841
-2238
339
1187
2871
3369
4888
4530
5456
6913
7487
7706
7060
7248
5875
4437
3721
2989
1661
-1255
-4041
-5906
-7227
-8665
-9573
-10040
-9496
-8332
-7543
-6304
-5020
-3251
-1563
-211
1526
3840
6223
8188
9778
10009
9903
9435
8833
7804
5521
3729
1514
-764
-3096
-5075
-5936
-6875
-6942
-7224
-7660
-7842
-7789
-6902
-5927
-4120
-1993
-641
53
1398
3338
5041
6442
7483
8373
7656
6535
5738
4540
3425
2076
1033
-529
-2155
-2865
-3146
-3344
-3569
-3070
-2633
-2315
-1978
-1325
-467
-179
550
1099
1911
2650
3464
4732
5015
5295
5104
4549
4427
3598
3959
3962
-2303
-8245
-12095
-12434
-10090
-14104
-11740
-8101
-7646
-6550
-8528
-2291
1839
3125
5403
5866
8501
7281
7951
9010
10414
11791
10171
10634
8493
6390
4038
1514
692
-3148
-7675
-10910
-12413
-14079
-15801
-15353
-12518
-9313
-8208
-6667
-4440
-1972
855
3370
6258
9258
11605
13234
13958
13771
14044
13736
12901
11404
7808
3804
-386
-3740
-7076
-10238
-11375
-12184
-12353
-12804
-12006
-10031
-9108
-6988
-4838
-2863
-1297
-272
1987
3562
4986
6970
8260
9345
9521
9004
8022
6106
4770
3321
1198
-716
-2499
-3771
-4926
-5439
-5166
-4806
-4125
-3231
-2257
-1676
-619
904
1549
1927
2495
3613
4019
3896
4785
5384
5451
5152
4636
4231
3313
3093
4171
-955
-8550
-12761
-15307
-12595
-15345
-14880
-8115
-7039
-4136
-6071
-2631
4679
6145
9342
8556
10189
9675
6974
7050
7295
10831
9908
8897
8006
5076
3119
-530
-1035
-2878
-8121
-12211
-14812
-16031
-18083
-17927
-13856
-8671
-5497
-4110
-1717
1141
4251
6745
8731
11366
13754
14708
13921
13120
13332
13449
12283
10400
7329
2312
-3054
-7120
-10362
-13812
-15649
-15390
-14588
-14636
-13802
-10677
-7848
-5132
-2245
684
2811
3766
5217
6228
6811
7805
9096
9498
8798
8027
6906
5193
3086
1640
-29
-2191
-3923
-5498
-6510
-7086
-6435
-5345
-4464
-2924
-1325
77
1089
2601
3849
4229
4664
5327
5910
5391
5366
5860
5366
4889
3905
3784
3541
3262
4161
-2280
-9300
-13499
-16155
-13878
-18030
-15126
-7936
-7010
-4183
-6642
-1270
5265
6560
10478
9431
11408
9684
6105
5681
5291
9481
8617
7527
7063
4313
2996
-926
-1106
-2013
-7192
-10802
-14101
-16189
-18878
-18809
-13391
-7907
-4384
-2329
437
3334
5504
7863
10046
12431
14261
13981
11992
10395
10695
11339
10336
8784
6597
2082
-3446
-7781
-10925
-13822
-15494
-15183
-14410
-14653
-13862
-10140
-6531
-3890
-665
2480
4579
5206
5473
6456
6728
7140
8600
8541
7989
7499
6439
5126
2843
1481
201
-1900
-3726
-5282
-6231
-7007
-6308
-5274
-4363
-2309
-514
1244
1814
2545
4324
4368
4378
4681
4917
5073
4681
5127
5524
5122
4798
4848
4810
5248
1071
-6615
-11863
-16107
-15310
-17252
-18331
-11700
-9221
-6446
-7288
-5727
2106
4618
8672
9381
10411
11274
7037
6294
4973
7909
9366
7304
8392
6376
5827
3148
1114
2229
-2173
-6436
-10627
-14073
-16682
-19871
-17488
-12735
-8713
-5942
-3819
-317
2399
4848
6995
9143
12039
13012
12101
10746
10263
11199
11122
10421
9876
7369
3156
-1403
-5084
-8246
-11215
-12339
-12402
-12655
-13432
-12670
-9681
-7208
-4195
-1385
1112
2896
2228
2802
3077
3596
5329
5915
7312
7060
6687
6541
5183
5004
3482
2271
517
-1974
-3136
-5297
-5403
-4723
-4133
-2516
-1570
298
962
790
1353
1749
2128
1717
1874
2139
2415
3262
3966
5093
5116
5508
6288
6320
4993
-1382
-7215
-11463
-13982
-14098
-16740
-14118
-9862
-8027
-6519
-6771
-1401
3961
7083
9095
8961
10081
7439
4888
3528
4100
7327
6327
6184
5994
4947
4845
2617
2879
2386
-1567
-5432
-9472
-12361
-14859
-15753
-13222
-9510
-6563
-4994
-2856
343
3462
6202
7868
9556
10920
9723
7663
6255
6087
6839
6329
5740
4842
2326
-775
-3516
-5312
-6981
-8211
-8794
-8917
-9012
-9399
-7965
-5383
-2906
-366
1180
1794
2152
2094
2133
2770
3157
3846
4147
3476
3309
3220
3285
3693
3851
3142
1951
676
-599
-1244
-2157
-1823
-601
-542
145
819
1613
2535
2102
1885
1427
490
-125
-791
-1098
-644
464
1168
1506
1763
2527
4180
4912
2643
-1592
-5117
-7411
-8262
-9884
-10460
-7558
-5319
-4727
-5064
-3728
429
4116
5561
5599
5640
4181
1757
-466
-1151
1295
2311
1969
2507
2490
3325
3807
4405
6025
5059
2283
-409
-3017
-5594
-7641
-7989
-6793
-5357
-5734
-6007
-4742
-3025
-574
684
1795
3693
3997
3225
2013
1864
2949
3583
3997
4039
3997
3206
2268
2139
1527
1371
1024
465
213
-1149
-1897
-1985
-1862
-1432
-2003
-2993
-4384
-5295
-5457
-5479
-4750
-3908
-2657
-1773
-1541
-570
758
2663
4499
5392
5828
5767
5526
5200
4628
4216
4297
4020
3024
2169
1444
1003
408
-799
-1750
-2600
-3738
-4546
-5094
-4914
-3711
-2816
-2083
-1398
-686
767
2227
4119
5621
4711
3298
1682
67
-539
-1483
-1109
157
-558
-2075
-2839
-2998
-1706
-795
-1462
-1213
-2117
-4142
-5167
-5887
-4436
-2364
-1958
-809
643
1406
2462
3481
5071
6797
6559
5161
4090
2404
569
-156
-763
-750
-1186
-2798
-3164
-3298
-3321
-2507
-1850
-853
-249
-1118
-2152
-2275
-2118
-1784
-1228
-780
112
304
-153
663
1770
3008
4241
4718
5391
5477
4817
4237
3640
2969
1951
509
-1464
-3033
-4037
-4770
-4671
-4604
-4643
-4419
-4580
-4403
-3599
-2826
-1281
241
1051
1957
2486
3179
4002
4336
4646
4751
4395
3810
3290
2549
1796
1057
128
-536
-1473
-2382
-2596
-2684
-2449
-2464
-2611
-2271
-1873
-1281
-782
230
1691
3135
3345
2947
3132
2627
2953
3022
2698
3623
2871
1285
573
-1105
-1539
-1561
-3313
-3629
-4570
-6207
-6345
-7014
-6488
-4843
-4304
-3295
-2120
-1828
-614
898
2168
4017
4543
4117
3906
3046
2447
2277
1542
1141
820
112
-341
-727
-905
-509
-130
-408
-898
-1601
-2155
-2571
-3181
-3462
-3186
-2517
-2205
-1750
-939
227
1771
2916
4067
5107
5677
5704
5092
4109
3115
2202
918
-78
-876
-2049
-2365
-2544
-2887
-2565
-2879
-2685
-2012
-2500
-2113
-1499
-1114
-13
300
868
1722
1882
2353
2601
2467
2622
2392
1768
1223
437
-75
-33
-39
163
598
760
1067
1262
905
1111
1246
1294
1454
1237
1268
10
-856
-1045
-1338
23
571
981
2338
983
-592
-939
-2507
-1749
-1787
-3742
-3646
-5386
-6784
-6414
-6506
-4469
-2413
-2030
-959
-10
442
1536
2535
3747
5129
4773
3524
2838
2020
1440
1522
1378
1475
992
-525
-1257
-1528
-1609
-1214
-1138
-1000
-1004
-1691
-2080
-2100
-1612
-1156
-1088
-835
-721
-572
-413
143
1250
2359
3143
3668
3968
3875
3789
3483
3000
2050
707
-639
-2326
-3140
-3410
-3423
-2464
-1952
-1508
-1042
-1607
-1361
-1076
-1455
-912
-847
-620
-44
-151
517
1380
1910
2593
2718
2612
2616
2168
1519
930
363
-100
-405
-481
-224
334
765
1491
2225
2418
2269
2021
2038
1952
1482
-526
-2067
-2578
-3435
-2230
-734
490
2808
2027
-142
-495
-2099
-1812
-1177
-3104
-3080
-4236
-6106
-5763
-5686
-3846
-1255
-847
-128
602
728
1906
2794
3600
4545
3974
2869
2110
1494
1440
1862
2072
2319
1879
516
-424
-1080
-1249
-1073
-1347
-1313
-1127
-1599
-1929
-2215
-2083
-1386
-1295
-1249
-1384
-1867
-1954
-1672
-1059
-119
770
1689
2605
2819
2810
3051
3126
2765
1894
735
-536
-1464
-1831
-2135
-1734
-1015
-638
-45
-295
-710
-627
-952
-996
-953
-1309
-1314
-1212
-1204
-743
-344
362
1491
1940
2258
2558
2543
2563
2414
2058
1929
1811
1643
1799
1871
2187
2632
2859
2819
2383
1868
1638
241
-2473
-3997
-5278
-5312
-3525
-2455
-509
1376
102
-834
-1250
-2353
-926
-1037
-2361
-2013
-3673
-4568
-3997
-3549
-1019
432
222
1025
1202
1569
2476
2847
3912
4058
2696
1670
916
637
905
1074
1541
1926
1155
77
-977
-1691
-1655
-1608
-1505
-1181
-1145
-1401
-1449
-1472
-976
-384
-189
28
-507
-1268
-1477
-1310
-611
-96
106
653
965
1005
1171
1388
1616
1129
260
-584
-1506
-1711
-1611
-1431
-855
-567
-381
184
419
805
1311
977
924
891
477
530
305
205
524
233
253
645
697
1256
1447
1229
1343
1041
970
990
779
978
1258
1468
1771
2017
2204
2330
2265
1952
1885
478
-1723
-2370
-3410
-3142
-1522
-1150
543
1071
-1202
-1703
-2602
-3453
-2192
-3003
-3308
-2836
-4214
-4074
-3406
-2533
-136
440
318
1045
785
1205
1913
2263
3521
3449
2374
1870
1078
868
1085
1005
1377
1384
617
-141
-1134
-1846
-1787
-1557
-1168
-676
-631
-668
-607
-556
-172
75
149
51
-641
-1439
-1826
-1669
-987
-350
152
642
875
1075
1260
1509
1554
1313
759
-133
-749
-1102
-859
-184
172
474
369
-257
-481
-759
-749
-397
-462
-161
-111
-364
-267
-203
359
1083
1397
1747
1912
2305
2856
2849
2879
2882
2742
2668
2055
1584
1546
1433
1539
1410
1211
1074
918
-956
-3936
-5181
-6032
-5222
-3001
-2118
37
1419
-591
-1037
-1309
-1737
-51
-1005
-2223
-2202
-3894
-4036
-3350
-2589
-222
325
-7
569
365
916
1523
1738
2927
2617
1314
692
118
379
805
1122
2120
2467
2004
1402
719
622
535
191
23
-267
-749
-1313
-1692
-1457
-741
-157
247
324
-167
-870
-1405
-1459
-995
-598
-423
-33
84
58
352
431
652
686
93
-476
-896
-1026
-644
-311
-100
143
-18
-207
-621
-989
-932
-898
-751
-509
-364
144
345
-220
-52
567
1465
2338
2856
3436
3524
3464
3453
3355
3167
2864
2570
2296
1920
1546
1594
1734
1887
1859
1499
-960
-5735
-8472
-9042
-7679
-4757
-3386
-1807
-240
-2106
-3519
-2772
-2214
229
1427
465
892
-394
-2029
-1465
-688
1586
2773
1418
1517
1915
1970
2587
2752
3795
4088
1759
-350
-1477
-2020
-1654
-1256
-623
443
145
-689
-1029
-1263
-903
-425
-46
391
111
-702
-911
-612
395
1390
1707
2133
1725
616
-31
-326
85
544
373
543
540
-31
-85
-199
-459
-722
-1495
-1982
-2623
-3170
-2845
-2655
-2322
-1449
-1212
-1022
-536
-610
45
613
744
1698
1869
1707
1895
1634
1869
2121
2296
2601
2231
2364
2789
2855
3093
2771
2254
2045
1628
1338
1286
1292
1356
1512
1538
1469
1992
1644
-1508
-5029
-7371
-8470
-7534
-6381
-5267
-3181
-2698
-4517
-4874
-4601
-3500
-851
-306
531
1430
483
796
1585
3146
5260
5075
4617
4495
3886
3918
3675
3884
4372
2572
-175
-2335
-4103
-4973
-5282
-5225
-4271
-3721
-3891
-3556
-3011
-1941
-414
846
2267
3351
3671
3991
4383
5096
5875
5983
5967
5456
4077
2427
634
-532
-1326
-2518
-3421
-4018
-4657
-5092
-5458
-5701
-5278
-4718
-3945
-2999
-2571
-1922
-1256
-668
218
1016
1622
2283
2589
2256
2272
2220
2373
3034
2653
2184
1510
222
-116
-271
38
701
611
776
916
1004
1529
1771
2177
2819
2902
2776
2751
2737
3079
3540
3406
3466
3248
-234
-5779
-10101
-11823
-10566
-8262
-6301
-4541
-2813
-3750
-5341
-4453
-3497
-432
1976
2022
3578
3633
3639
5418
6635
8609
8552
6282
5065
3440
1982
1045
475
1008
14
-3354
-6444
-8011
-8474
-8214
-7536
-6259
-4367
-3529
-3146
-1975
-551
1736
3994
5608
7024
7241
7128
7380
7565
7846
7356
6332
5208
3076
70
-2450
-3864
-4339
-4920
-6287
-7041
-7437
-7742
-7301
-7061
-6360
-4555
-2602
-1001
113
860
1646
2891
3729
4255
4780
4807
5012
4266
2482
1036
-261
-654
-1029
-1908
-2208
-2560
-2274
-1441
-806
10
545
1155
1519
1347
1254
1595
2871
4329
5217
5663
5977
6177
6219
6069
5391
4646
1474
-5470
-12155
-16020
-15647
-12456
-9553
-6645
-3930
-2993
-4110
-4607
-3622
-1363
1573
2794
4249
6243
7422
9251
10785
11918
11713
8602
5361
2747
457
-1133
-2227
-1941
-2072
-4573
-7839
-9939
-10559
-10560
-10246
-9060
-6830
-4580
-2923
-1000
1570
4598
7345
8984
9673
9483
8828
8260
7740
7426
6683
5486
4171
2076
-718
-3745
-5952
-7107
-8231
-9334
-9682
-8862
-7276
-5829
-4325
-2695
-1200
333
1265
1592
1877
2977
4494
5485
6596
7157
7091
6458
4108
890
-2437
-5037
-6018
-6194
-5691
-4423
-2851
-1333
-597
-244
209
606
1334
2065
2692
3424
4352
5455
6078
6398
6809
6762
6320
5314
3956
3741
3947
2212
-4123
-13136
-19210
-19942
-16457
-12060
-7560
-2865
45
-844
-3670
-4326
-2256
1465
4435
6018
8645
11220
12507
13099
12585
11181
7728
2456
-1761
-4223
-5134
-4165
-1750
290
-895
-5229
-9415
-12035
-13695
-14196
-12297
-7740
-2577
1003
3514
6243
8880
10167
9341
7397
5711
4662
4336
4932
6600
8391
8568
6552
2669
-2517
-7471
-10770
-12050
-11755
-10551
-8127
-4221
-499
1289
1795
684
-1163
-2727
-4369
-2971
991
6159
10678
12192
11586
8789
5449
895
-3301
-5281
-6684
-5596
-4303
-3268
-1296
-1002
-869
-1839
-3843
-4257
-3773
-1697
1196
4050
7084
8666
8484
6805
4404
2988
2559
2748
2935
3179
3426
3949
4248
3072
-1423
-11572
-20501
-23392
-20401
-13544
-7319
-829
3501
3433
-833
-4852
-3481
-356
3799
7041
9778
14831
16424
15094
13051
9785
6757
1006
-4899
-6628
-5753
-2991
116
2340
2137
-2754
-9932
-15293
-17836
-17834
-14181
-7102
680
6318
8443
9124
9127
7508
4934
2610
2409
4176
6398
8521
10593
11856
10258
5187
-1742
-8230
-13042
-15439
-14337
-10712
-6253
-2060
535
1697
861
-1567
-3655
-5886
-6205
-3574
929
7078
11772
13813
12257
7956
3370
-1030
-3441
-4239
-3294
-1492
-826
-387
-1199
-2901
-4696
-6405
-6510
-5683
-3630
-213
3468
6483
8049
8611
8041
6243
3836
1888
1263
1877
3165
3876
3761
3292
2552
1768
606
-948
-7371
-17660
-23700
-22631
-14229
-5681
371
5125
5232
1007
-5989
-8026
-3490
2495
8672
12099
15819
18504
15381
10703
6045
2557
-636
-5503
-7085
-4258
-274
2659
3537
2757
-1570
-9849
-17316
-19749
-17380
-11977
-4127
4341
10063
10842
7856
4571
2165
640
748
2992
6957
10588
12436
12581
11335
7848
1678
-5231
-10564
-12838
-12805
-10631
-6448
-3009
-1322
-1923
-3587
-4659
-5671
-5605
-4569
-2185
1675
5176
7949
9062
8397
6424
3455
1544
864
1028
1977
2362
1800
-320
-3202
-5338
-6951
-7292
-6252
-4156
-1461
601
1915
2826
3385
3582
4113
4956
5780
6418
6188
5465
4612
3914
3085
1662
151
-880
-1329
-2168
-2904
-2748
-5195
-11963
-17827
-18062
-13154
-7008
-2427
864
2588
1294
-2476
-3786
-440
4650
9519
11885
12623
13362
11366
7359
3704
987
-288
-1814
-3145
-1899
-66
181
-441
-2064
-5124
-9958
-14212
-13923
-10288
-5622
4
5120
7877
7334
4408
1989
1184
1723
3701
6721
9549
11650
12078
10021
6790
2476
-2713
-7327
-10184
-10022
-8260
-6474
-4583
-3454
-3510
-5169
-6881
-6970
-5735
-3456
-620
2481
4997
6621
7026
6443
5267
3470
2527
2099
1877
1818
881
-20
-1672
-4042
-5555
-6345
-5609
-3952
-2259
-709
-50
169
268
709
2465
4931
7476
9237
9629
9270
7273
4943
2532
865
830
697
1472
2413
3226
2840
-2424
-14397
-25689
-27626
-21155
-10770
-2829
2755
6286
3657
-3465
-8383
-5841
638
6579
10760
14102
17959
17495
12416
7345
3222
220
-3725
-6598
-4000
465
2581
2008
-174
-3689
-10095
-16609
-17992
-14383
-8761
-2283
4386
9033
9164
5659
2568
1655
2548
5168
8866
12481
14458
13507
10611
6772
2173
-2449
-6963
-9394
-9542
-8653
-6788
-5287
-4928
-6448
-8917
-10126
-8849
-5847
-2557
1184
4072
6205
7156
5816
4611
3271
2678
3512
4063
4882
4779
3597
1038
-2985
-6461
-8707
-8491
-7151
-5635
-3502
-1995
-782
-530
-510
702
2147
4322
6903
9110
10860
10479
8794
6428
3698
2604
2345
2569
2390
1989
1582
1013
156
-2255
-8418
-19225
-25658
-22986
-13585
-3195
2572
5590
4245
-1828
-8692
-10294
-4060
4381
11899
16399
18298
18195
12665
4899
-1148
-4297
-4550
-4730
-2857
1853
5122
4652
948
-3473
-8743
-15065
-18198
-15369
-8504
-1470
4732
9538
10204
6234
488
-2809
-2172
994
6051
11629
15802
17005
14098
8709
2979
-1992
-5610
-7988
-7986
-6039
-4024
-2955
-3762
-5893
-8998
-11437
-11512
-8751
-4383
-349
3017
3677
3673
3098
1593
2137
2615
3661
4845
5349
5574
4197
2123
-1252
-4270
-6290
-7171
-5292
-3947
-2876
-1917
-2045
-1492
-1548
-736
1445
3556
5977
7729
9109
9871
9130
7626
5659
3959
3769
3809
3438
2706
1844
775
-1075
-2336
-3111
-4799
-12396
-21112
-21615
-15116
-4924
859
2642
2590
-1676
-6994
-10328
-5422
4299
12050
16351
15517
14052
10424
3518
-1563
-4138
-3193
-1524
-844
1721
3876
2678
-1480
-6040
-9916
-13953
-16035
-13111
-6090
321
4394
7126
7041
3602
-1481
-4283
-2187
2763
8677
14192
17619
17959
14548
8272
1659
-2978
-5325
-5788
-4234
-2252
-1049
-1880
-5018
-8574
-11909
-13654
-12748
-9097
-3793
999
3700
4196
3557
2262
1327
1601
2752
3816
5250
6596
6554
5472
2343
-1150
-4180
-7328
-7923
-6600
-4737
-2991
-2613
-2508
-2829
-3431
-2797
-885
2400
5761
8156
9583
10090
9975
8871
7184
5344
4706
4829
3807
2991
1962
811
-764
-2423
-2329
-2586
-5535
-14334
-22236
-21411
-14064
-3866
1826
3333
2458
-2179
-7094
-8450
-2561
6059
11771
13946
12642
11570
9258
4239
549
-1577
-1745
-1424
-1667
34
1389
457
-2207
-5772
-9399
-13054
-14122
-10776
-5228
-562
2143
3874
3677
1120
-1360
-1523
1525
5993
10840
15454
17773
16822
12379
6153
505
-3254
-4203
-3217
-1194
480
-233
-3401
-7627
-11359
-13853
-14532
-12228
-7217
-1495
3003
4927
4913
3462
1779
1540
2053
3160
4434
5711
6471
5298
2921
81
-2811
-5584
-7930
-8312
-6715
-4636
-3283
-2984
-3131
-3078
-2515
-1097
1551
4502
6635
7520
7677
8252
8721
8418
7258
6143
5763
5167
4258
2660
389
-1248
-2733
-2566
-1631
-2551
-5836
-13987
-20055
-18325
-10814
-1729
2245
2490
213
-3661
-6785
-6235
684
7703
11958
13244
11517
10875
8236
3447
177
-2376
-2560
-2122
-1876
622
2271
920
-2709
-7244
-11208
-14289
-14384
-10134
-4076
-42
1618
2939
3263
1863
71
286
3483
7895
12057
15333
16083
13727
9012
2911
-1705
-3300
-2090
-289
237
-302
-2746
-6272
-9795
-12364
-13095
-12192
-8704
-3403
1237
3904
3404
1912
823
451
2239
3955
5965
6942
6357
5610
3049
699
-1945
-4712
-6536
-8078
-6997
-4684
-2797
-1712
-2351
-2942
-3387
-2942
-613
2202
5042
6730
7556
8232
8511
8589
7769
6665
5426
4344
3781
2534
1279
14
-989
-1315
-892
-739
-2695
-7162
-15497
-19810
-15805
-7956
162
1867
69
-1793
-5431
-7532
-5100
1331
7709
11057
11454
10656
10329
7916
3598
360
-1780
-1087
351
1196
3634
3948
829
-3859
-8855
-12049
-14091
-13420
-8739
-4189
-1802
-598
971
1710
-271
-1669
95
4392
9327
13318
16118
16027
12914
7803
2491
-480
-420
1857
2769
1397
-1087
-4848
-8841
-12170
-13703
-12886
-10628
-7095
-2920
-526
-463
-792
-701
159
2092
4806
7396
8219
7391
6176
4644
2472
429
-1168
-2833
-4241
-4825
-4295
-3396
-3235
-3628
-4235
-4815
-4349
-2513
318
3435
5604
6738
7205
7362
7777
7788
6583
5191
4131
3149
2747
2074
1744
1471
108
-1000
-1210
-1331
-2774
-5510
-12009
-17741
-15994
-9216
-674
2253
-491
-2870
-5887
-9049
-8489
-2614
5106
10570
12260
11175
9963
7325
2879
75
-1434
-472
2973
4715
6080
6189
2190
-3335
-8959
-12394
-12977
-12378
-8693
-3526
-815
-751
-947
-728
-2128
-3607
-1911
3111
8963
13303
16355
16312
11928
6429
2079
142
908
3151
5219
4506
1124
-2816
-7099
-10832
-12525
-12086
-10598
-8575
-5296
-2052
-1150
-1870
-1757
-846
169
2349
5330
6992
6477
5243
4436
3274
1337
128
-317
-1937
-3406
-3344
-3008
-3027
-3693
-4039
-3877
-3792
-2026
1092
3559
4823
5159
5136
4861
5283
5809
5126
3642
2423
2617
3018
3059
3403
2943
926
-1528
-2312
-1160
-581
-990
-3233
-9735
-14479
-12729
-5716
1468
974
-3040
-6265
-10094
-11804
-8519
-169
8330
12336
11851
9390
6537
2578
-233
-199
1234
4862
8040
8650
8512
5319
-366
-6152
-10920
-11817
-10236
-7543
-2995
210
-602
-3294
-4833
-5145
-5531
-4770
-692
5322
9657
11642
12164
9912
4992
913
299
2329
5232
7700
8290
5472
59
-4790
-8091
-10025
-10208
-8576
-5940
-3961
-2283
-1262
-2397
-4686
-6378
-5303
-2236
1446
4964
5786
4598
2937
1549
873
333
543
1167
692
-210
-56
600
328
-598
-1031
-806
-53
1456
3345
4224
3337
2289
2030
1803
1847
1796
1662
1524
1166
1847
2591
2026
1015
-102
-902
-716
294
1934
2713
1835
-374
-5837
-11300
-11359
-6335
-490
-509
-5123
-8310
-9797
-9865
-6888
-889
5073
7468
6020
3805
2563
1359
1343
3750
6516
8379
8834
7949
6809
3803
-1043
-4358
-5359
-4233
-2349
-1467
-304
-157
-2729
-5943
-7849
-7401
-5648
-3669
-957
1921
3881
4610
4579
3213
966
647
2901
6236
8348
8267
7150
4731
845
-2659
-4231
-3973
-3004
-2151
-1593
-1547
-2470
-4306
-6258
-7726
-7799
-6002
-2948
189
1630
964
-509
-1651
-2175
-1895
-658
1456
3533
4484
4394
3809
3067
2283
1770
1791
2493
3795
5155
5630
4450
2368
427
-888
-1368
-1359
-776
-223
-496
-1014
-1346
-1359
-1232
-1299
-1334
-740
521
1931
3007
3410
2993
1859
695
-1845
-5142
-5991
-4090
-183
1229
-2178
-5901
-7858
-8184
-6401
-3376
-85
1888
831
-713
-429
348
733
1311
2372
3259
3427
2973
3463
4528
3784
2457
1780
1700
2392
2332
2051
2260
965
-1143
-2223
-2274
-1726
-2064
-3425
-3794
-3129
-2768
-2350
-1839
-1491
-853
-504
-41
1263
2359
2912
2885
1979
949
494
653
1317
1905
1594
883
442
48
-269
-606
-1155
-1242
-1126
-1433
-1511
-1934
-2646
-2912
-3201
-2992
-2168
-1487
-724
-270
-503
-365
305
1479
3135
4164
4513
4225
3177
2173
1663
1598
1790
1904
1912
2043
1794
943
-160
-1150
-1513
-1433
-1257
-913
-416
-293
-876
-1763
-2401
-2312
-1471
-436
359
936
1183
1489
1371
576
434
780
1688
2406
2074
1833
1218
-8
-1018
-2142
-2926
-2975
-3053
-2802
-2519
-2555
-2604
-3115
-3680
-3798
-3169
-1995
-655
648
1471
2435
3098
3078
2897
2472
2456
3008
3176
2895
2350
1276
86
-1076
-1971
-2271
-2359
-2438
-2405
-2161
-1880
-1695
-1559
-1592
-1695
-1755
-1475
-546
596
1415
1841
1819
1653
1711
1692
1666
1706
1524
955
154
-329
-150
76
-3
-351
-782
-1045
-1301
-1306
-955
-397
514
1527
2079
2105
1744
1295
696
-32
-288
316
1336
1941
1992
1664
931
-11
-1000
-1555
-1149
-277
550
983
779
355
-128
-934
-1456
-1361
-798
182
942
1215
1303
1062
827
630
488
694
1054
1743
1762
1406
1071
216
-567
-1596
-2457
-2445
-2277
-2200
-1970
-2093
-2420
-3008
-4051
-4568
-4019
-2551
-934
223
597
795
1032
732
750
892
973
1584
2171
2492
2517
1859
892
215
-825
-1772
-1873
-1831
-1357
-884
-806
-397
-232
-402
-643
-1044
-1112
-694
0
484
969
1268
1326
1554
1282
1094
1126
959
1106
1148
915
807
727
703
617
250
-43
15
48
58
90
57
238
462
510
330
63
-56
47
181
304
461
467
352
144
0
-21
-206
-574
-965
-1011
-534
-134
-300
-866
-1321
-1195
-623
-97
272
480
690
769
705
785
1022
1405
1632
1660
1625
1835
2154
2109
1523
705
200
-329
-696
-949
-1214
-1317
-1845
-2586
-2798
-2576
-2265
-2062
-2090
-1935
-1492
-883
-322
22
205
251
440
627
846
1136
1277
1421
1241
728
216
-321
-839
-1189
-1523
-1812
-1789
-1681
-1244
-690
-590
-653
-986
-1368
-1275
-893
-220
374
634
801
997
1117
1000
951
897
988
1273
1467
1974
2492
2437
1925
1055
342
181
199
413
753
735
441
-18
-391
-509
-725
-1030
-1123
-1041
-754
-326
-44
140
97
-35
-125
24
375
525
628
408
-67
-512
-1040
-1316
-1302
-1130
-893
-686
-531
-483
-642
-944
-973
-605
-115
318
626
707
888
1156
1316
1488
1629
1835
2108
2137
1911
1776
1423
971
486
16
195
521
758
735
178
-449
-878
-1067
-977
-721
-565
-419
-367
-456
-591
-773
-860
-935
-996
-1003
-1007
-1105
-1316
-1430
-1399
-1268
-1145
-1053
-765
-355
-147
-87
-194
-600
-998
-1335
-1521
-1449
-1319
-1127
-977
-973
-1044
-977
-644
-98
562
1131
1549
1917
2235
2331
2166
1828
1630
1758
1928
2030
1961
1588
1097
629
160
-116
-101
42
176
159
72
8
-159
-510
-794
-797
-625
-311
-24
61
-145
-576
-928
-1142
-1144
-916
-512
-183
-73
-163
-359
-395
-371
-406
-281
13
230
374
346
162
61
51
139
456
882
1222
1332
1171
1083
902
731
798
872
1003
1033
1148
1338
1235
836
280
-21
5
226
608
772
463
-168
-841
-1208
-1240
-1041
-896
-1029
-1385
-1796
-1928
-1876
-1935
-2057
-1891
-1487
-1121
-740
-426
-166
-276
-870
-1367
-1437
-959
-335
3
-35
-425
-877
-1129
-1046
-741
-292
282
785
1111
1123
972
917
804
719
888
1315
1815
2087
1932
1504
986
512
294
286
452
859
1223
1316
1115
655
145
-196
-148
246
762
1023
799
316
-224
-743
-1171
-1381
-1203
-873
-687
-691
-842
-1013
-1190
-1389
-1443
-1180
-732
-231
187
343
210
-71
-258
-200
96
512
1020
1349
1213
834
446
269
314
435
659
897
1051
982
721
408
164
85
142
346
681
1070
1214
940
412
-152
-438
-397
-179
45
-8
-258
-643
-1070
-1320
-1398
-1322
-1238
-1103
-900
-668
-497
-507
-636
-902
-1152
-1197
-895
-425
-133
-231
-754
-1278
-1575
-1483
-995
-362
244
600
660
564
468
458
531
608
723
964
1206
1300
1214
924
546
206
59
203
501
819
964
862
512
158
-54
-190
-112
202
681
972
722
198
-248
-525
-633
-609
-428
-161
-29
-142
-446
-739
-817
-792
-838
-841
-649
-274
88
236
179
3
-163
-188
-21
296
666
912
873
588
223
2
102
403
754
1078
1194
1110
838
392
20
-119
-23
215
477
669
707
564
252
-142
-470
-581
-393
-37
275
351
99
-344
-765
-1057
-1106
-925
-698
-563
-598
-727
-899
-1043
-1078
-1042
-931
-716
-432
-184
-79
-220
-461
-607
-646
-428
7
437
720
692
388
57
-241
-353
-142
146
406
525
431
262
84
-77
-192
-214
-104
140
417
550
490
291
113
90
158
234
370
595
755
695
415
148
36
70
228
363
455
416
212
-47
-323
-507
-527
-436
-263
-98
-69
-124
-248
-441
-600
-608
-410
-72
227
353
377
345
230
89
18
105
333
524
646
713
642
445
171
-63
-107
16
220
361
332
199
12
-86
-47
-14
-24
-56
-18
86
209
223
87
-45
-121
21
221
366
446
249
-115
-473
-562
-363
-95
12
-123
-316
-429
-377
-364
-451
-517
-578
-530
-383
-230
-79
-58
-189
-406
-531
-439
-286
-111
-21
-67
-158
-281
-349
-328
-257
-190
-137
-163
-282
-328
-306
-333
-384
-319
-154
-33
4
3
-24
-31
-42
-74
-16
110
324
557
669
661
584
512
444
394
426
557
738
832
827
729
575
451
347
327
328
332
364
318
194
32
-74
-85
-140
-185
-173
-174
-151
-138
-180
-209
-247
-334
-350
-347
-255
-115
-113
-219
-390
-480
-447
-331
-153
2
55
44
83
158
231
288
277
256
279
349
424
414
312
195
144
189
263
312
280
126
-82
-241
-235
-192
-173
-86
-31
-57
-140
-195
-237
-277
-363
-488
-541
-542
-401
-242
-222
-322
-505
-646
-711
-626
-481
-409
-380
-434
-531
-566
-469
-308
-193
-144
-100
-41
29
67
-17
-19
101
301
496
483
505
601
633
646
540
473
592
727
820
867
875
824
675
484
372
415
538
620
603
477
290
119
-9
-101
-166
-153
-140
-197
-238
-305
-419
-505
-583
-590
-520
-435
-340
-337
-388
-481
-640
-806
-896
-801
-583
-323
-135
-137
-317
-476
-440
-248
23
278
504
659
704
738
713
605
482
411
422
483
582
600
465
308
115
-7
3
86
246
352
341
193
23
-126
-210
-255
-379
-435
-459
-418
-306
-188
-413
-1255
-1743
-1294
-332
298
260
2
-339
-701
-688
-353
-119
32
107
147
67
-370
-750
-505
-124
159
165
-289
-572
-203
920
1646
1159
-73
-882
-383
674
1424
1473
1203
1198
916
443
174
252
911
1523
1894
1828
932
-14
-394
-246
-54
-49
-14
144
370
271
-186
-699
-855
-667
-473
-260
-11
284
303
-111
-701
-1375
-1679
-1527
-1267
-972
-966
-1041
-1029
-1252
-1486
-1423
-1063
-701
-441
-105
238
273
102
228
421
420
452
582
820
988
1177
1403
1167
643
182
72
373
595
628
458
105
-117
-192
-335
-484
-350
-40
74
-2
7
219
424
438
221
-113
-308
-220
92
270
78
-221
-483
-569
-531
-631
-688
-597
-425
-305
-263
-215
-129
-165
-250
-148
-41
162
360
541
775
778
769
744
560
474
555
703
877
1096
1344
1347
991
478
56
-71
101
454
910
1397
1555
1256
724
394
396
511
703
797
793
631
361
153
-17
-205
-55
124
-1683
-4931
-6731
-5197
-1754
-632
-1843
-2974
-4046
-5604
-6995
-6094
-3047
-1138
-987
-642
-3
23
-139
940
2543
2462
1567
2484
5072
6543
6276
6132
5941
4238
1749
671
1389
2017
1768
1575
936
-639
-1954
-2343
-2600
-3872
-5058
-4428
-2777
-1585
-876
-204
-101
-935
-1721
-1410
-299
983
2278
3150
2897
1996
1720
1954
1721
790
175
417
696
559
373
127
-530
-1395
-2192
-2870
-3433
-3429
-2634
-1994
-2153
-2411
-2094
-1737
-1926
-2243
-1916
-1019
-118
736
1590
2029
2055
2294
2768
3120
3209
3479
4140
4448
4163
3636
3104
2436
1830
1671
1662
1489
1130
853
498
-299
-1110
-1363
-1267
-1305
-1414
-2239
-4282
-6228
-6579
-4792
-2922
-2859
-3196
-3380
-3992
-4743
-4594
-2684
-623
-53
250
1125
1934
2624
3650
4916
5013
3823
3405
4570
5845
6080
5983
5908
4745
2393
410
-455
-959
-1815
-2384
-2522
-3216
-4034
-4187
-4145
-4710
-5787
-5881
-4641
-3324
-2038
-306
1325
1954
1866
2135
2910
3578
3962
4390
4644
4327
4119
4382
4241
3212
1884
1021
238
-1119
-2452
-3090
-3235
-3501
-3958
-4383
-4815
-5063
-5006
-4864
-4902
-4843
-3999
-2504
-1188
-240
624
1395
1942
2215
2548
3058
3647
4463
5254
5537
5284
4921
4555
3734
2450
1397
805
369
-54
-281
-332
-712
-1429
-2065
-2546
-3071
-3342
-2791
-1746
-900
-225
483
955
942
704
820
1252
1522
1753
2155
1659
-178
-1845
-2172
-1361
-1363
-2530
-3103
-3340
-3987
-4844
-5003
-4038
-3216
-3092
-2667
-1916
-1490
-985
101
1443
2086
2254
2921
4024
4662
4683
5049
5289
4502
3078
1749
1075
613
13
-480
-1288
-2373
-2910
-2975
-3136
-3635
-4135
-3880
-3275
-2788
-2098
-1301
-507
144
717
1278
1771
2374
3021
3388
3257
3074
3306
3468
3141
2606
2125
1717
1034
99
-825
-1823
-2486
-2608
-2619
-2872
-3285
-3448
-3343
-3318
-3182
-2491
-1548
-802
-267
262
912
1525
2235
2984
3343
3403
3661
4190
4434
4133
3754
3471
2973
2316
1788
1475
959
221
-383
-953
-1479
-1862
-1842
-1649
-1768
-1902
-1874
-1762
-1579
-1226
-527
146
497
817
1273
1687
1869
1916
1947
1712
1251
868
772
351
-1429
-3635
-5083
-5327
-5127
-5740
-6129
-6045
-6107
-6396
-6483
-5505
-4311
-3652
-3055
-2099
-904
466
2362
4341
5388
5572
5885
6534
6826
6633
6835
7025
6161
4616
3187
2326
1352
92
-906
-1931
-3175
-4152
-4360
-4440
-4808
-4876
-4413
-3870
-3444
-2629
-1305
-282
126
673
1446
2205
2900
3605
4183
4067
3737
3669
3486
2903
2241
1718
966
69
-447
-577
-970
-1685
-2202
-2605
-3200
-3582
-3309
-2913
-2872
-2842
-2155
-1138
-575
-52
724
1395
1745
2008
2606
3191
3448
3772
4112
4042
3671
3462
3301
2691
1744
976
463
-110
-717
-1038
-1248
-1620
-2046
-2473
-2814
-3091
-3123
-2818
-2581
-2448
-2036
-1391
-885
-552
-367
-161
91
429
1077
1830
2473
2852
2901
2617
2143
1500
793
140
-174
-685
-2333
-4034
-4919
-4655
-4711
-5571
-5478
-4846
-4280
-4287
-3633
-2078
-1069
-571
-276
608
1342
2173
3631
4868
5580
5860
6294
6253
5436
4676
4490
4182
3216
2116
1230
253
-1016
-2058
-3121
-4205
-5223
-5653
-5568
-5743
-5502
-4854
-4091
-3705
-3298
-2244
-1135
-172
584
1587
2537
3258
3960
4257
4209
4035
4035
3773
2974
2410
2359
2233
1636
973
714
394
-274
-790
-1096
-1368
-1751
-1895
-1740
-1712
-1490
-928
-306
65
290
734
1022
965
1079
1475
1897
1972
1867
1848
1651
1450
1337
1361
1128
584
114
-440
-920
-1333
-1475
-1551
-1838
-1926
-1779
-1451
-1138
-899
-708
-752
-829
-666
-347
-36
117
321
603
737
839
923
1124
1199
1123
934
606
550
510
424
132
-345
-549
-759
-881
-936
-1738
-3014
-4056
-4197
-3725
-4032
-4125
-3457
-2714
-2528
-2591
-1393
-32
511
352
483
1103
1245
1666
2125
2509
2590
2675
3338
3389
3225
3352
3464
2856
1301
126
-486
-1056
-1678
-2316
-2726
-3213
-3440
-3149
-3156
-3157
-2873
-2244
-1715
-1586
-792
451
1400
1724
1817
2097
2355
2830
3350
3662
3574
3316
3225
2771
2034
1539
1375
1220
805
671
894
993
823
407
-54
-642
-1068
-1095
-1103
-1120
-1118
-886
-623
-521
-236
-18
-54
-282
-498
-613
-746
-665
-354
-137
-104
84
623
1095
1299
1572
1844
1844
1464
1054
938
703
278
-239
-723
-984
-1020
-915
-1067
-1528
-2011
-2303
-2508
-2698
-2646
-2371
-2058
-1826
-1617
-1272
-806
-305
143
456
796
1206
1742
2254
2598
2871
2884
2718
2403
2091
1974
1859
1059
-476
-1841
-2584
-2925
-3991
-5077
-5256
-5164
-5323
-5640
-4800
-3480
-2727
-2467
-2078
-1235
-781
-48
972
1835
2411
2988
4203
5052
5399
5859
6425
6387
5395
4380
3627
2647
1215
-263
-1491
-2722
-3720
-4097
-4259
-4428
-4439
-4217
-3997
-4058
-3743
-3060
-2440
-1990
-1346
-185
854
1916
2949
3873
4590
5016
5601
5842
5754
5628
5445
5066
4231
3452
2854
2075
1116
175
-587
-1313
-2055
-2591
-3139
-3658
-4063
-4384
-4533
-4696
-4513
-4052
-3461
-2664
-1789
-824
-90
530
1106
1548
1960
2295
2685
2959
3181
3539
3760
3713
3290
2729
2038
1028
41
-877
-1566
-2101
-2584
-2927
-3346
-3590
-3584
-3413
-3209
-3067
-2802
-2527
-2145
-1525
-746
96
814
1501
2164
2648
3158
3679
4076
4268
4165
4098
3943
3585
3149
2753
2390
1581
698
-59
-434
-1151
-2840
-4295
-5246
-5432
-6000
-6738
-6605
-6355
-5885
-5654
-4651
-3195
-2147
-1172
-432
686
1451
2429
3687
4407
4862
5165
5937
6423
6439
6632
6831
6526
5268
3732
2323
741
-986
-2644
-4214
-5633
-6618
-6748
-6596
-6599
-6245
-5551
-4734
-4254
-3465
-2103
-851
188
878
1715
2472
3229
4145
4567
4674
4689
4998
5112
4646
4244
3866
3211
1968
657
-275
-1126
-1837
-2370
-2769
-3185
-3531
-3508
-3486
-3640
-3582
-3208
-2747
-2447
-2030
-1382
-768
-275
191
771
1235
1656
2106
2413
2608
2795
2969
2838
2450
2098
1748
1225
610
142
-288
-860
-1452
-1882
-2250
-2650
-2789
-2577
-2467
-2528
-2445
-2096
-1701
-1364
-857
-389
-12
389
814
1324
1743
2250
2811
3078
3102
3151
3332
3301
2961
2633
2443
2217
1873
1506
1152
715
335
67
-271
-680
-1051
-1265
-2087
-3171
-3803
-3952
-3877
-4503
-4714
-4403
-4076
-3630
-3208
-2089
-1218
-618
-46
508
1158
1418
1947
2253
2349
2459
2706
3198
3239
3304
3522
3641
3380
2829
2371
1726
778
-244
-1255
-2277
-3156
-3628
-3675
-3888
-3979
-3544
-2823
-2074
-1634
-947
-191
271
604
876
1314
1744
2251
2556
2575
2625
2821
3219
3257
2982
2689
2314
1898
1360
865
335
-338
-975
-1551
-1960
-2221
-2333
-2280
-2355
-2439
-2475
-2443
-2292
-2149
-1869
-1722
-1713
-1624
-1325
-797
-374
6
265
405
539
639
820
911
861
774
676
643
557
470
480
471
434
266
132
99
61
13
-183
-332
-421
-388
-198
-71
157
384
552
686
774
1025
1298
1553
1748
1802
1884
1916
2035
2107
1959
1660
1202
853
521
221
65
-71
-211
-461
-808
-1013
-1138
-1221
-1466
-2285
-3125
-3735
-3924
-4081
-4585
-4637
-4570
-4316
-4002
-3443
-2286
-1332
-355
313
997
1739
2346
3171
3475
3709
3928
4232
4553
4471
4661
4779
4673
4319
3717
3125
2193
1201
251
-896
-1981
-2902
-3446
-3821
-4223
-4093
-3669
-3165
-2714
-2202
-1376
-752
-92
494
977
1440
1819
2394
2621
2755
3004
3278
3499
3361
3326
3226
2912
2474
1886
1350
631
-53
-670
-1472
-2161
-2720
-3064
-3392
-3735
-3729
-3671
-3560
-3409
-3201
-2862
-2649
-2291
-1867
-1529
-1150
-780
-333
-11
328
844
1288
1662
1853
2057
2261
2321
2394
2242
1931
1466
930
528
2
-401
-734
-1027
-1246
-1499
-1460
-1357
-1254
-1194
-1249
-1176
-1095
-922
-700
-500
-187
108
448
733
945
1238
1432
1511
1393
1154
951
685
419
134
-120
-311
-508
-562
-498
-403
-314
-265
-165
-98
-92
-190
-534
-912
-1219
-1297
-1297
-1426
-1395
-1304
-1115
-946
-746
-305
22
304
470
668
954
1128
1388
1416
1387
1452
1543
1683
1648
1724
1894
1967
1881
1637
1427
1173
883
529
57
-379
-741
-953
-1107
-1265
-1270
-1255
-1145
-951
-715
-383
-157
54
169
197
242
237
315
337
375
414
346
397
482
580
484
264
199
103
52
-34
-112
-192
-409
-542
-677
-789
-818
-758
-649
-736
-888
-966
-961
-919
-912
-897
-946
-974
-868
-729
-588
-467
-271
-100
-148
-49
206
514
772
828
875
859
908
1026
1118
1172
1101
1053
931
718
500
266
27
-320
-670
-937
-1105
-1152
-1204
-1255
-1323
-1306
-1136
-1008
-921
-867
-747
-503
-361
-246
-107
117
414
622
832
978
1148
1385
1547
1693
1757
1829
1878
1780
1630
1389
1186
914
547
249
-78
-344
-654
-1009
-1353
-1692
-1841
-1973
-2094
-2133
-2056
-1817
-1627
-1448
-1200
-901
-540
-206
170
532
853
1251
1633
1947
2149
2308
2437
2401
2244
1983
1669
1223
649
143
-287
-618
-962
-1288
-1470
-1594
-1586
-1577
-1570
-1438
-1270
-1062
-894
-683
-408
-125
139
309
543
852
1196
1476
1611
1672
1662
1624
1550
1342
1052
721
360
23
-253
-479
-662
-827
-1044
-1250
-1404
-1491
-1518
-1587
-1664
-1723
-1712
-1558
-1368
-1129
-859
-619
-341
-1
387
768
1084
1302
1430
1519
1586
1649
1666
1600
1460
1270
1092
870
615
340
33
-323
-763
-1153
-1432
-1626
-1802
-1997
-2101
-2099
-2022
-1857
-1634
-1358
-1058
-752
-422
-116
218
600
941
1265
1558
1843
2087
2234
2334
2386
2360
2241
2051
1776
1414
955
483
32
-452
-888
-1225
-1424
-1549
-1634
-1659
-1652
-1552
-1425
-1285
-1182
-1075
-898
-769
-663
-525
-278
50
334
550
746
929
1108
1289
1433
1519
1562
1559
1473
1305
1086
904
676
378
76
-247
-487
-741
-1024
-1281
-1518
-1646
-1701
-1671
-1624
-1554
-1390
-1196
-988
-775
-503
-180
126
440
738
1033
1309
1505
1667
1681
1590
1505
1416
1343
1144
894
655
387
144
-122
-339
-504
-662
-773
-869
-992
-1084
-1119
-1118
-1101
-1082
-946
-738
-523
-300
-80
145
298
424
566
696
768
793
797
754
684
596
509
397
273
151
36
-109
-275
-432
-595
-762
-948
-1077
-1121
-1101
-1007
-876
-723
-567
-377
-154
54
228
370
517
640
685
679
699
732
724
719
763
803
780
697
605
489
340
199
20
-164
-325
-462
-604
-721
-746
-717
-666
-628
-553
-390
-199
-65
21
113
212
243
215
219
261
315
296
236
179
110
69
3
-31
-9
24
29
-28
-59
-82
-85
-68
-96
-123
-177
-213
-206
-209
-156
-116
-86
-63
-68
-22
14
47
50
44
30
-14
-8
6
35
81
109
120
96
87
69
37
27
23
38
31
26
31
47
82
85
92
96
102
150
166
189
210
169
128
59
51
36
-31
-87
-188
-280
-357
-369
-360
-406
-429
-389
-261
-150
-104
-65
-39
-9
-15
-12
20
64
85
26
-22
-27
44
130
205
320
435
537
567
559
565
549
476
338
207
103
-14
-127
-234
-306
-303
-286
-260
-261
-251
-181
-112
-73
-131
-184
-172
-136
-103
-114
-84
-37
2
14
1
35
67
84
60
35
28
9
1
-43
-62
-64
-68
-77
-109
-118
-180
-246
-296
-337
-349
-330
-257
-178
-102
-28
60
155
241
302
337
365
400
416
401
398
410
424
404
371
355
335
325
288
205
77
-68
-211
-339
-421
-484
-545
-598
-622
-613
-607
-582
-510
-392
-260
-141
-12
129
294
450
563
625
640
646
645
612
542
442
327
209
61
-99
-247
-375
-458
-520
-578
-648
-705
-764
-817
-858
-897
-891
-842
-734
-615
-489
-312
-118
82
257
409
532
628
719
808
863
833
758
695
636
527
395
308
247
177
68
-45
-129
-212
-285
-359
-432
-455
-450
-424
-407
-405
-356
-310
-288
-262
-209
-120
-51
27
98
157
245
320
395
448
485
531
555
563
530
482
446
400
351
275
203
173
169
157
112
71
69
64
55
36
31
55
60
60
65
89
97
74
61
51
38
1
-34
-63
-113
-175
-259
-325
-358
-386
-419
-438
-429
-417
-419
-429
-397
-340
-292
-239
-189
-132
-66
-5
32
29
28
60
81
95
95
112
156
188
205
210
211
203
193
179
141
63
-24
-92
-179
-272
-346
-378
-370
-343
-312
-279
-243
-214
-188
-166
-131
-98
-51
13
50
69
62
60
74
99
125
144
172
197
214
231
277
332
373
380
357
342
339
352
352
329
273
207
133
37
-70
-166
-202
-205
-214
-266
-341
-407
-452
-473
-474
-478
-464
-402
-336
-266
-206
-132
-46
23
63
79
130
204
246
248
242
267
293
287
245
200
181
187
206
212
205
199
184
149
111
84
62
69
93
118
136
159
168
142
109
92
99
126
152
153
140
151
166
130
68
25
-12
-61
-154
-269
-351
-398
-457
-523
-555
-535
-469
-409
-365
-333
-282
-204
-150
-109
-42
22
94
171
222
250
251
294
285
212
167
154
161
133
111
78
37
18
6
-18
-66
-104
-129
-169
-228
-271
-283
-278
-263
-254
-234
-166
-63
16
74
143
227
281
297
300
298
286
235
192
179
158
124
109
110
86
45
9
-33
-88
-166
-234
-268
-274
-258
-245
-234
-210
-203
-196
-181
-138
-86
-47
-17
-4
17
40
66
88
102
121
127
125
127
159
213
224
175
100
52
39
31
32
24
-2
-24
-49
-70
-75
-59
-54
-94
-130
-138
-116
-82
-42
-8
34
97
148
191
224
232
216
192
168
146
114
76
33
-20
-75
-127
-153
-184
-198
-177
-145
-127
-141
-126
-90
-69
-75
-97
-93
-79
-54
-11
29
45
38
43
75
108
130
151
166
164
147
137
121
86
40
5
-7
-20
-46
-59
-48
-48
-57
-41
-19
-2
8
-2
-35
-93
-138
-151
-150
-134
-110
-71
-17
41
86
126
171
183
171
166
161
147
106
60
17
-37
-81
-112
-111
-100
-98
-109
-124
-122
-126
-131
-126
-107
-88
-76
-61
-44
-12
30
72
115
148
182
206
213
204
172
144
110
61
21
-1
-27
-72
-100
-108
-112
-127
-134
-120
-96
-64
-39
-16
8
27
39
43
50
62
62
43
14
-22
-52
-65
-69
-60
-56
-53
-31
-2
16
14
13
28
40
36
36
50
63
70
78
82
83
68
51
41
35
26
-3
-32
-53
-65
-75
-98
-103
-93
-86
-77
-69
-46
-24
-11
-8
-6
5
7
-11
-36
-49
-44
-29
-9
12
29
43
56
63
56
41
20
10
20
26
31
42
69
97
116
121
122
123
107
88
67
36
-5
-51
-83
-106
-129
-155
-178
-188
-172
-157
-142
-110
-82
-64
-51
-31
-10
13
29
22
10
5
18
32
48
73
97
119
133
140
147
152
155
161
162
154
113
67
33
-2
-41
-75
-97
-115
-137
-167
-186
-192
-201
-204
-198
-182
-145
-101
-74
-54
-27
15
62
113
158
175
180
182
176
178
168
156
154
142
110
66
32
2
-30
-58
-83
-102
-118
-129
-134
-126
-113
-107
-104
-103
-105
-100
-78
-46
-14
10
24
33
49
66
66
53
39
27
19
11
6
5
16
23
15
8
1
6
19
30
24
10
9
13
15
14
13
12
7
-1
-9
-1
18
28
36
40
43
41
30
19
23
36
39
31
14
0
-4
-9
-9
-11
-30
-44
-52
-52
-56
-62
-66
-69
-66
-63
-65
-61
-51
-48
-33
-21
-10
1
8
17
23
39
44
40
27
1
-11
-14
-16
-12
-7
13
37
47
48
41
42
45
31
20
23
28
20
17
14
10
12
3
5
3
-10
-6
-2
3
-4
-19
-26
-24
-20
-14
-3
8
20
27
31
30
24
24
23
14
10
11
6
0
-7
-8
-8
-8
-11
-14
-14
-16
-21
-36
-59
-72
-72
-68
-65
-50
-33
-19
-12
0
11
11
5
-7
-9
-8
-11
-8
-13
-21
-18
-4
10
30
42
49
62
67
70
65
51
49
58
56
39
25
21
14
-1
-10
-11
-20
-25
-24
-22
-17
-18
-23
-19
-21
-18
-9
-17
-28
-33
-27
-20
-15
-12
-9
-4
2
11
24
31
36
35
28
24
10
-11
-28
-35
-34
-34
-33
-28
-15
-3
6
18
25
31
36
39
36
33
29
22
20
14
5
7
2
-3
-8
-13
-12
-15
-24
-41
-43
-43
-49
-48
-55
-57
-52
-39
-26
-23
-11
-3
3
7
12
15
13
15
14
19
24
24
31
34
31
34
29
20
14
13
13
17
27
27
29
31
27
30
29
27
35
38
34
33
30
28
26
19
11
6
5
4
4
0
-10
-22
-28
-26
-29
-39
-45
-43
-41
-41
-44
-45
-44
-47
-57
-64
-70
-69
-64
-56
-45
-38
-34
-33
-27
-18
-11
1
15
24
33
39
43
48
50
53
50
45
41
44
54
61
69
80
77
65
60
54
46
37
25
14
7
2
-6
-8
-14
-26
-36
-39
-40
-42
-38
-32
-28
-29
-32
-31
-26
-22
-22
-13
-7
-3
2
7
13
11
8
3
-6
-8
-12
-13
-14
-14
-14
-23
-22
-29
-38
-49
-59
-57
-62
-67
-71
-67
-58
-54
-44
-41
-35
-31
-32
-28
-19
-10
-9
-10
0
11
18
22
18
14
12
12
17
28
32
37
42
49
50
49
52
56
59
57
49
45
41
32
25
14
10
9
4
-3
-5
-2
3
7
13
21
27
31
32
25
19
16
15
14
14
13
20
28
31
33
35
36
39
40
43
44
47
49
44
43
36
34
33
27
25
23
22
18
14
8
2
-7
-17
-21
-17
-14
-10
-6
-6
-10
-14
-18
-23
-30
-38
-45
-58
-64
-68
-76
-77
-78
-77
-75
-66
-60
-53
-46
-47
-47
-53
-53
-49
-46
-38
-32
-29
-25
-17
-11
-3
1
1
3
4
3
8
9
11
13
19
26
37
52
61
65
68
71
75
77
75
68
58
44
32
22
17
16
17
16
9
4
6
4
0
-11
-23
-33
-40
-39
-40
-39
-35
-38
-44
-46
-43
-39
-33
-36
-33
-31
-33
-36
-39
-41
-41
-36
-33
-27
-21
-14
-6
-10
-13
-9
-4
4
8
10
5
-3
-9
-9
-11
-5
8
19
24
34
46
51
52
53
49
41
33
28
26
26
27
29
27
29
36
41
49
50
54
58
53
47
40
29
22
11
-2
-8
-8
-10
-11
-10
-17
-13
-14
-21
-26
-36
-48
-55
-61
-69
-73
-73
-73
-69
-64
-56
-46
-33
-23
-12
-3
-1
-5
-13
-16
-17
-18
-16
-16
-17
-13
-7
-1
5
14
23
26
27
29
26
25
22
20
26
29
31
33
38
44
37
29
29
27
30
29
25
25
22
11
6
6
2
-6
-10
-6
-8
-6
7
13
17
10
-6
-9
-13
-22
-24
-20
-19
-19
-11
-5
-4
-4
-7
-10
-11
-12
-12
-7
-1
9
21
13
6
3
-1
0
-2
1
1
-4
3
13
25
25
22
13
0
-3
6
13
11
7
-2
-7
-4
1
7
2
-12
-21
-25
-29
-29
-20
-15
-18
-19
-14
-6
-7
-12
-17
-22
-20
-21
-13
-3
7
19
24
24
20
12
3
-6
-8
-4
-1
-2
-4
-6
-7
-6
-7
-9
-9
-8
-8
-4
5
8
10
11
11
13
12
-1
-7
-13
-19
-19
-16
-8
-6
-9
-10
-18
-25
-28
-26
-17
-11
-6
3
6
8
8
10
15
17
17
17
21
22
21
21
21
19
16
15
8
5
5
2
1
1
4
5
4
6
9
11
11
13
11
10
10
7
6
3
0
-1
-6
-11
-22
-37
-43
-45
-40
-33
-29
-23
-20
-23
-27
-23
-19
-18
-16
-17
-11
-5
0
9
18
26
28
24
21
21
16
10
12
17
21
20
16
19
24
24
23
24
19
12
12
17
22
21
15
9
4
-4
-5
0
6
6
2
-4
-8
-7
-10
-19
-23
-27
-25
-15
-5
4
10
11
7
4
0
-8
-13
-19
-22
-21
-19
-12
-3
5
5
4
2
0
-5
-11
-18
-22
-23
-23
-20
-13
-7
-3
2
6
9
8
5
2
3
8
15
21
26
27
24
17
10
6
4
4
9
14
17
21
20
20
21
23
21
24
28
26
26
20
11
10
10
12
16
14
9
6
3
-2
-5
-10
-13
-20
-33
-42
-47
-45
-43
-45
-40
-34
-25
-20
-16
-11
-15
-18
-21
-20
-18
-16
-10
-4
5
12
13
18
21
20
18
16
13
16
18
14
12
8
2
-1
-6
-11
-12
-17
-17
-19
-21
-18
-18
-13
-11
-11
-12
-12
-7
-5
-6
-5
-6
-8
-11
-13
-11
-7
-5
-5
-4
-2
-2
-3
-7
-6
-6
-7
-13
-16
-13
-10
-6
0
3
11
15
18
18
15
16
11
2
-2
-7
-7
-5
-1
1
1
0
-2
-2
-3
-2
1
3
1
0
-1
-2
-3
-3
0
6
15
19
19
19
18
14
6
0
-3
-4
1
4
9
13
16
20
18
14
5
-2
-3
3
7
8
10
11
14
11
5
5
9
8
3
0
-1
0
2
1
1
2
3
1
0
2
4
11
12
5
-6
-12
-16
-18
-20
-22
-24
-27
-27
-27
-25
-19
-17
-17
-20
-22
-20
-15
-9
-2
6
15
20
25
27
31
35
34
31
28
25
25
24
26
25
22
14
8
0
-7
-8
-12
-16
-19
-23
-25
-23
-17
-15
-10
-7
-5
-3
-1
2
7
12
13
13
12
9
7
8
5
1
-1
0
1
4
5
4
6
0
-6
-12
-17
-22
-23
-23
-23
-23
-22
-17
-13
-7
-1
6
12
14
20
21
22
23
25
26
26
26
24
17
9
2
0
1
-3
-9
-11
-14
-14
-19
-23
-24
-27
-28
-27
-26
-24
-21
-16
-15
-14
-10
-8
-3
2
6
12
17
21
24
27
29
30
33
33
31
30
28
28
26
22
16
7
-2
-13
-19
-25
-28
-27
-25
-23
-19
-13
-10
-11
-12
-14
-16
-14
-10
-3
4
9
15
15
13
10
4
0
-2
-4
-1
1
4
4
3
1
0
-2
-6
-10
-12
-11
-9
-8
-7
-5
-6
-8
-11
-9
-5
-2
4
6
11
14
16
17
18
17
14
12
6
3
5
6
11
10
7
4
0
-3
-5
-9
-11
-10
-7
0
2
1
-2
-6
-8
-9
-7
-5
-3
-2
0
4
9
10
13
10
4
1
0
-1
-3
-4
-5
-5
-5
-3
-1
-1
-2
-5
-8
-9
-9
-8
-7
-7
-4
-3
-2
-3
1
4
8
14
14
10
7
4
1
-3
-6
-7
-4
-2
-1
1
2
4
4
5
3
3
2
0
0
1
2
6
5
4
6
5
4
6
8
7
6
5
4
5
6
4
1
-4
-7
-8
-6
-6
-8
-6
-6
-7
-7
-6
-11
-11
-9
-11
-6
0
5
6
3
-3
-2
4
7
8
7
2
-2
-2
-1
1
3
4
1
0
-5
-7
-5
-2
1
0
0
1
-2
-2
-3
-3
-1
1
0
2
3
4
7
9
9
8
7
6
5
8
12
12
14
14
10
2
-5
-10
-11
-8
-5
-1
0
-2
1
2
1
2
3
3
-1
0
1
0
2
5
8
11
12
12
13
10
11
13
13
14
15
11
7
-1
-6
-6
-6
-5
-5
-5
-7
-10
-12
-13
-14
-16
-20
-23
-27
-31
-31
-30
-29
-26
-26
-26
-21
-20
-21
-19
-17
-16
-15
-17
-16
-12
-7
0
1
2
2
-2
-3
-1
2
8
11
12
11
8
8
10
12
17
18
21
20
20
23
23
22
20
20
20
17
18
16
15
11
10
11
10
9
8
5
3
0
-6
-10
-12
-11
-12
-14
-13
-15
-17
-18
-20
-21
-21
-21
-23
-21
-18
-15
-13
-12
-8
-7
-6
-4
-1
1
3
4
2
1
0
-1
0
2
4
5
5
7
7
6
7
7
3
1
-1
0
4
6
9
12
14
11
10
9
10
12
11
10
13
17
19
18
17
17
17
15
15
15
12
12
10
5
3
0
-5
-8
-12
-11
-12
-13
-11
-9
-9
-11
-13
-17
-20
-20
-23
-22
-19
-18
-14
-14
-15
-15
-14
-12
-12
-11
-7
-4
-2
-1
1
5
7
6
7
9
10
7
8
6
5
2
-3
-4
-3
1
7
13
17
17
18
19
17
14
13
9
5
3
3
4
6
11
16
18
16
12
7
5
6
8
11
12
10
6
2
-4
-7
-10
-10
-7
-6
-8
-11
-14
-15
-13
-17
-20
-20
-20
-17
-19
-19
-19
-19
-21
-22
-25
-24
-19
-15
-9
-3
5
10
13
13
9
7
5
5
5
5
8
11
13
15
15
16
15
13
10
8
7
9
8
7
7
6
5
8
10
14
14
10
9
9
8
8
7
8
9
8
6
2
1
0
-1
-2
-2
-3
-4
-8
-12
-15
-20
-26
-28
-27
-23
-17
-14
-11
-8
-11
-13
-16
-15
-11
-8
-4
-3
-1
-2
-4
-5
-7
-7
-9
-9
-3
-4
0
1
4
8
10
10
11
13
16
18
17
18
20
21
23
25
23
21
19
13
12
12
10
8
6
2
0
-3
-6
-8
-10
-12
-12
-15
-15
-14
-13
-7
-2
-2
-3
-3
-4
-1
0
-3
-2
-4
-7
-9
-12
-10
-11
-12
-14
-15
-15
-16
-13
-14
-12
-10
-8
-5
0
3
7
10
9
8
7
6
10
12
15
17
20
20
21
20
17
13
9
2
-1
-3
-5
-5
-6
-8
-11
-12
-9
-6
-3
1
3
3
6
8
14
19
18
13
9
6
5
6
8
10
11
9
7
5
2
-1
-4
-4
-3
-3
-3
-3
-1
-1
-2
-2
-3
-4
-2
-1
0
0
2
0
-3
-3
-4
-5
-4
-3
-1
0
3
2
0
-1
-3
-4
-6
-6
-4
-4
-4
-3
-4
-5
-3
1
5
6
4
2
1
-1
-1
-3
-6
-9
-14
-16
-17
-16
-10
-2
1
1
2
4
6
8
6
7
5
4
2
-3
-2
-1
-3
-2
-2
-2
-4
-6
-6
-6
-5
-6
-3
-1
-1
0
-1
-2
-1
1
3
7
9
11
13
11
10
10
8
9
8
7
5
2
1
3
5
5
5
2
-4
-9
-10
-12
-15
-14
-12
-12
-12
-13
-13
-11
-11
-12
-10
-6
-3
0
-2
-1
2
2
0
-2
-1
0
1
-2
