2
7
12
15
18
20
20
17
13
7
1
-4
-10
-15
-20
-23
-24
-22
-20
-14
-8
-2
5
14
21
27
31
33
31
29
23
15
7
0
-7
-14
-17
-22
-23
-22
-19
-13
-6
1
8
13
21
24
26
24
21
15
9
-1
-10
-17
-23
-28
-30
-31
-28
-25
-21
-14
-7
-1
3
8
9
11
11
8
6
1
-1
-6
-11
-15
-18
-20
-21
-23
-22
-17
-12
-5
1
7
15
21
24
25
25
22
17
12
5
-2
-8
-14
-19
-20
-21
-21
-17
-13
-6
3
13
22
28
30
30
27
22
16
8
0
-5
-11
-16
-17
-18
-16
-13
-6
1
10
16
23
28
32
35
35
34
28
22
14
6
-3
-13
-20
-27
-30
-29
-27
-21
-15
-8
-1
6
14
18
22
22
22
20
17
10
2
-7
-17
-23
-30
-35
-36
-34
-30
-24
-17
-9
0
8
14
19
20
19
16
10
4
-3
-11
-17
-23
-28
-31
-30
-27
-22
-15
-8
1
8
14
19
21
22
21
18
13
7
-2
-10
-18
-24
-29
-29
-28
-24
-18
-9
-1
9
17
25
32
37
42
43
41
36
28
21
13
4
-6
-13
-20
-22
-22
-17
-11
-2
7
16
25
33
37
41
42
39
32
24
14
3
-9
-19
-28
-36
-39
-39
-37
-31
-22
-13
-4
7
16
24
29
31
27
24
17
8
-2
-13
-24
-33
-40
-47
-47
-46
-42
-33
-26
-15
-6
1
8
14
18
18
16
13
8
1
-5
-11
-17
-22
-25
-26
-24
-19
-14
-5
4
11
19
25
28
31
32
31
25
20
14
6
-4
-12
-19
-26
-29
-31
-31
-25
-17
-9
-1
9
18
25
31
37
39
38
37
32
24
16
8
0
-7
-14
-16
-16
-14
-9
-2
6
14
20
27
30
30
29
26
19
10
-2
-12
-21
-30
-37
-41
-41
-39
-35
-28
-17
-9
0
8
15
18
22
24
23
21
18
11
4
-5
-12
-17
-22
-24
-24
-22
-19
-13
-7
0
8
13
19
23
24
23
20
14
8
0
-8
-16
-23
-27
-32
-34
-32
-29
-22
-12
-2
8
17
23
25
26
25
22
19
14
9
1
-6
-10
-15
-16
-17
-16
-12
-8
-1
5
11
16
20
22
21
19
15
9
2
-7
-13
-19
-26
-28
-29
-30
-28
-24
-17
-9
2
13
19
25
30
31
30
28
22
16
10
1
-9
-16
-22
-26
-28
-27
-23
-17
-9
-2
5
12
18
22
25
23
21
16
12
6
0
-3
-6
-8
-9
-9
-7
-3
1
5
9
13
15
16
14
13
9
4
-1
-7
-12
-17
-21
-23
-27
-26
-25
-20
-15
-9
-1
5
11
16
18
20
19
17
14
7
-1
-9
-14
-18
-23
-25
-24
-20
-14
-9
-3
3
7
12
17
19
21
21
20
16
11
5
0
-3
-7
-9
-11
-10
-9
-7
-5
-1
3
7
12
16
20
22
20
18
16
13
7
1
-6
-11
-16
-20
-23
-22
-21
-16
-9
-3
3
7
12
13
14
13
10
7
2
-3
-7
-11
-16
-20
-24
-25
-24
-19
-13
-7
1
8
14
19
24
26
27
24
20
16
11
5
-1
-6
-11
-15
-18
-16
-16
-16
-13
-10
-6
-2
2
5
7
10
12
14
14
10
7
4
0
-2
-5
-6
-7
-8
-7
-6
-1
4
10
18
23
26
28
29
31
28
24
18
10
1
-10
-18
-24
-30
-31
-31
-30
-25
-18
-10
-3
4
11
18
20
22
21
18
13
6
0
-7
-13
-21
-24
-26
-25
-24
-18
-13
-7
0
6
10
12
12
11
9
6
2
-4
-10
-15
-21
-24
-26
-28
-29
-27
-23
-17
-9
-2
6
10
14
17
19
19
16
14
8
6
3
-1
-3
-6
-8
-10
-9
-7
-4
0
6
12
18
22
27
28
28
25
19
13
7
0
-7
-14
-18
-22
-23
-22
-18
-11
-3
6
15
22
28
33
36
35
32
28
19
9
-2
-13
-22
-30
-36
-39
-40
-38
-33
-24
-15
-6
3
10
17
20
23
22
19
14
8
1
-7
-12
-18
-20
-23
-22
-19
-15
-8
-2
5
11
15
21
24
27
27
24
18
13
7
0
-8
-15
-20
-24
-25
-23
-19
-12
-3
4
12
19
25
29
30
29
24
19
11
3
-6
-14
-22
-29
-33
-35
-34
-30
-25
-19
-12
-5
3
8
11
12
12
11
9
6
2
-4
-9
-14
-16
-18
-18
-18
-14
-9
-3
2
6
11
16
19
23
23
22
19
13
8
3
-2
-7
-10
-14
-15
-15
-13
-10
-6
-1
5
10
14
16
19
20
19
17
13
9
4
0
-6
-11
-15
-17
-16
-13
-10
-5
2
7
11
15
19
21
22
22
21
20
17
12
5
-2
-10
-17
-22
-24
-24
-21
-17
-12
-9
-5
0
5
10
15
19
20
17
13
8
2
-5
-13
-19
-24
-26
-26
-24
-21
-14
-9
-1
7
15
20
25
26
24
20
14
7
-1
-8
-15
-21
-24
-27
-27
-25
-22
-18
-12
-4
3
10
14
19
23
21
20
16
10
7
1
-6
-10
-14
-16
-18
-18
-16
-13
-9
-3
3
8
12
16
20
23
24
25
22
16
9
1
-8
-15
-22
-27
-27
-25
-23
-17
-10
-4
3
7
12
18
23
23
23
18
12
5
-3
-11
-18
-22
-24
-24
-21
-18
-13
-8
-1
3
10
13
15
17
14
12
8
4
0
-4
-7
-10
-12
-11
-10
-7
-5
-1
1
6
10
14
16
18
20
20
18
15
10
6
1
-4
-10
-13
-13
-16
-16
-15
-14
-11
-7
-2
4
9
14
18
21
18
12
8
0
-6
-14
-18
-21
-21
-21
-19
-15
-10
-5
1
6
11
14
16
18
16
14
9
3
-2
-9
-15
-19
-20
-18
-17
-14
-11
-9
-5
-2
3
8
14
17
18
18
16
15
13
10
6
2
0
-3
-5
-5
-7
-5
-4
-1
1
3
8
11
12
14
14
13
13
10
7
2
-4
-8
-12
-16
-17
-16
-14
-11
-8
-6
-2
1
3
6
9
11
11
12
12
10
5
0
-7
-14
-17
-19
-20
-18
-17
-14
-11
-8
-3
2
6
8
12
13
15
15
15
11
8
4
-1
-4
-6
-8
-9
-8
-6
-5
-2
0
4
8
11
13
15
17
18
16
14
10
4
-2
-8
-12
-16
-18
-17
-17
-14
-11
-6
-2
0
4
7
9
10
10
10
7
4
0
-6
-10
-13
-15
-17
-17
-16
-14
-11
-7
-3
1
5
9
14
16
18
17
15
12
7
3
-3
-8
-12
-15
-18
-17
-15
-12
-8
-3
0
5
9
14
16
17
18
17
16
13
10
6
1
-4
-7
-11
-11
-13
-11
-10
-7
-3
1
3
4
6
8
9
9
8
5
1
-5
-10
-13
-17
-19
-20
-19
-16
-13
-9
-4
1
6
12
15
16
15
16
14
12
10
7
3
-1
-5
-9
-12
-13
-12
-10
-8
-4
-1
4
8
9
9
10
10
10
8
6
4
0
-4
-8
-10
-9
-10
-12
-9
-6
-3
1
4
7
8
10
10
12
12
11
9
7
6
4
1
0
-1
-1
0
0
0
0
2
4
7
6
5
3
2
1
-2
-4
-7
-9
-12
-14
-15
-14
-15
-13
-12
-10
-9
-7
-3
-1
0
2
3
3
3
4
5
6
6
5
3
0
-3
-5
-7
-9
-10
-9
-7
-5
-4
-3
-1
0
2
3
6
7
11
12
11
10
6
3
2
3
2
3
2
1
1
1
1
3
4
4
5
6
7
6
4
3
1
0
-2
-2
-2
-1
-2
-2
-2
-1
1
4
5
8
8
7
6
5
2
-1
-2
-4
-5
-5
-7
-8
-8
-8
-6
-5
-5
-6
-5
-5
-6
-6
-7
-6
-3
-3
-1
-1
0
1
0
0
0
0
-1
-2
-4
-6
-5
-6
-6
-5
-5
-3
0
2
5
7
7
6
4
3
1
-1
-2
-3
-5
-6
-6
-2
0
2
4
7
9
11
13
14
14
12
8
6
3
2
-1
-2
-2
-2
1
3
6
8
9
10
9
6
3
2
-1
-4
-5
-7
-8
-7
-7
-8
-7
-8
-8
-10
-8
-7
-5
-5
-4
-2
-1
1
2
4
4
4
3
1
0
-2
-4
-6
-8
-9
-8
-7
-6
-2
0
4
7
8
10
10
10
7
4
0
-3
-5
-6
-8
-8
-6
-4
-2
1
4
6
8
9
10
11
12
11
9
6
3
0
-3
-4
-4
-4
-5
-6
-7
-9
-9
-8
-6
-3
-2
-1
2
3
4
4
4
2
1
-1
-1
-1
-2
-4
-5
-6
-6
-6
-6
-5
-5
-3
-2
0
3
5
6
8
7
10
8
6
3
1
-1
-2
-3
-4
-5
-5
-4
-2
1
3
6
8
7
5
3
2
0
0
-2
-3
-4
-5
-4
-4
-3
-1
0
1
1
2
4
5
6
6
4
4
5
5
5
4
3
-1
-3
-4
-4
-5
-6
-7
-7
-7
-5
-2
-2
-1
0
2
3
3
3
3
0
-1
-1
-1
-1
-1
-2
-4
-4
-5
-3
-3
-2
-2
-3
-3
-2
1
3
2
2
2
1
1
0
1
3
4
4
5
5
7
7
4
1
-2
-1
0
2
3
1
2
-1
-2
-2
-1
-1
-2
-5
-7
-8
-6
-7
-8
-11
-11
-9
-3
0
4
8
8
7
6
6
8
8
5
3
1
2
2
1
2
2
1
-1
-1
-1
0
0
0
-2
-3
-2
0
-1
0
-2
-1
0
0
3
4
5
2
-1
-4
-4
-3
-3
-3
-5
-7
-7
-6
-3
0
-2
-3
-3
-4
-3
-1
2
3
2
0
-1
-2
-1
1
0
1
2
3
5
6
6
5
3
0
2
2
3
5
3
2
2
4
3
2
1
0
-2
-1
1
2
1
0
-3
-5
-5
-3
-1
1
2
1
0
2
2
2
3
1
0
-2
-2
0
0
1
-1
-3
-5
-6
-4
-4
-4
-3
-2
-2
-1
1
2
3
2
1
3
4
6
6
3
2
-1
-3
-5
-5
-5
-4
-4
-3
-3
-1
0
2
1
1
0
1
4
6
8
8
8
5
4
1
0
-1
-2
-2
-3
-3
-4
-4
-4
-3
-2
-2
-2
-1
0
2
2
3
3
3
4
0
-2
-3
-4
-6
-5
-4
-4
-3
-4
-3
-2
-1
-1
-1
1
3
4
5
5
5
4
2
-1
-2
-1
0
0
1
1
1
0
-2
0
0
1
2
3
4
4
1
-1
-2
0
1
3
5
5
4
3
3
3
4
4
3
3
2
2
1
2
2
1
1
-1
-2
-5
-6
-6
-8
-6
-8
-7
-6
-7
-5
-4
-6
-5
-4
-3
-1
1
2
3
3
2
1
0
0
0
2
3
3
4
3
1
1
1
0
0
0
0
-1
-2
-3
-3
-2
-3
-3
-1
-2
-1
-1
1
2
2
1
3
3
4
4
4
5
4
4
3
3
2
2
-1
-2
-2
-3
-3
-3
-3
-3
-2
-1
0
2
2
2
4
5
5
3
2
1
-1
0
-2
-2
-2
-2
-3
-3
-3
-2
-1
0
0
0
0
0
1
0
0
1
1
2
0
-2
-3
-4
-5
-5
-5
-6
-6
-6
-6
-6
-3
-2
-1
1
2
4
5
4
5
3
3
4
6
6
6
5
3
0
1
0
0
-1
-1
-2
-4
-5
-4
-4
-2
-2
-2
-1
0
1
3
4
3
2
2
2
3
3
4
2
1
0
-2
0
2
4
3
2
2
3
3
1
0
-2
-3
-3
-2
-1
-1
-1
-1
-2
0
1
3
4
2
4
1
0
1
0
1
-1
-3
-3
-4
-2
-1
1
-1
-1
-3
-3
-5
-7
-7
-6
-4
-4
-2
-1
0
0
0
2
2
4
5
6
4
3
2
-1
-2
-1
-2
-2
-1
-1
1
1
1
0
-1
-2
-3
-4
0
0
0
-1
-1
1
1
2
1
1
1
1
2
1
1
1
0
0
-1
0
1
0
0
-1
0
0
-1
0
1
1
0
0
1
1
2
3
3
4
4
3
2
0
1
1
1
-1
-1
-3
-5
-5
-5
-6
-5
-5
-3
-3
-2
1
2
3
2
3
1
2
1
0
-1
-3
-2
-4
-4
-2
-2
-3
-4
-3
-1
1
3
5
6
6
7
6
7
7
6
4
4
3
2
2
1
0
-2
-4
-4
-4
-3
-3
-1
-2
-1
-1
-2
-1
1
2
2
2
2
3
3
3
2
1
1
0
-2
-3
-4
-6
-6
-6
-7
-8
-8
-7
-6
-5
-3
-2
-1
-1
1
1
1
2
2
3
3
1
2
1
1
1
1
3
4
3
3
4
3
3
4
3
1
0
-2
-2
-2
-1
-2
-3
-2
-2
-2
-1
-1
1
2
3
3
4
3
2
2
2
1
1
0
-1
0
-2
-4
-4
-5
-5
-5
-5
-7
-6
-6
-5
-4
-2
1
2
3
4
6
7
8
7
6
6
3
1
0
0
1
-1
-4
-3
-3
-3
-1
-1
1
2
2
2
2
0
0
1
1
1
0
1
1
1
0
-1
-1
0
-1
-2
-3
-3
-3
-2
-2
-1
-1
-2
-1
-1
-1
1
0
1
2
2
2
2
0
0
1
1
2
3
5
5
5
2
1
0
-2
-3
-4
-4
-5
-6
-7
-6
-5
-4
-3
-4
-1
1
1
3
3
3
2
2
3
3
2
1
0
2
1
2
2
1
0
-1
-1
0
-2
-4
-4
-4
-3
-1
0
3
3
2
3
5
5
5
4
2
0
1
1
-1
-2
-4
-5
-5
-4
-4
-3
-3
-4
-2
-1
1
1
0
0
-2
-2
-2
0
2
3
2
2
1
0
1
0
0
-1
-2
-2
-2
-3
-2
-2
-1
-1
0
1
4
5
5
5
6
4
4
4
3
3
2
2
0
0
0
1
1
4
4
3
4
2
1
0
-2
0
-2
-1
-1
-1
-1
-1
0
0
0
2
1
2
2
1
1
-1
-2
-2
-3
-5
-5
-7
-6
-5
-3
0
0
0
-3
-4
-4
-4
-4
-3
-3
-3
-2
-1
0
1
2
1
1
1
1
1
1
-1
-2
-1
-1
0
0
-1
-1
-1
-1
1
3
4
4
2
1
2
3
4
5
6
5
4
3
3
3
3
1
0
-1
1
0
0
0
1
-1
0
0
1
1
1
2
2
2
3
2
1
0
-2
-2
-2
-2
-1
-1
-1
-2
-1
-4
-4
-5
-4
-2
-3
-1
-2
-3
-3
-4
-4
-4
-2
-2
0
0
2
2
1
1
1
1
0
1
0
-1
-1
-3
-3
-2
-1
0
0
-2
-5
-5
-7
-7
-7
-7
-6
-6
-4
-2
-2
2
4
6
8
9
9
9
9
8
7
5
4
3
3
4
4
2
2
1
2
2
2
1
1
0
1
1
2
2
2
3
2
2
-2
-2
-4
-5
-5
-4
-4
-3
-4
-5
-5
-4
-3
-1
0
1
1
3
3
4
3
3
3
4
4
3
2
2
0
-2
-1
-2
-3
-4
-5
-7
-9
-8
-7
-7
-6
-6
-6
-6
-7
-5
-4
-2
-1
0
0
3
3
5
4
4
6
6
7
8
8
7
6
5
4
4
3
2
0
0
-1
-2
-1
-1
-1
-1
-1
1
0
1
2
2
1
0
-1
-1
-1
-3
-3
-1
-1
0
1
2
2
1
1
1
1
1
1
1
-1
1
-1
-1
-2
-2
-2
0
-1
-1
0
-1
-2
-1
-3
-3
-5
-5
-5
-5
-5
-6
-5
-4
-3
-3
-2
-2
-1
1
2
2
4
4
4
3
2
3
4
4
4
3
1
0
0
-1
-1
-1
-2
-2
-1
-1
1
1
1
2
3
3
5
5
6
7
5
4
4
2
2
0
-1
-1
-1
-2
-3
-2
-2
-2
-3
-4
-4
-3
-3
-3
-3
-3
-3
-3
-3
-2
-1
-1
0
0
1
2
2
2
2
1
1
1
-1
0
-1
-2
-1
-3
-3
-3
-5
-5
-3
-3
-3
-3
-2
0
0
2
3
3
4
3
5
5
5
6
5
5
4
3
3
2
1
0
1
0
1
0
0
0
0
1
2
2
2
2
1
0
1
1
0
-1
-2
-2
-2
-2
-2
-2
-2
-2
-1
-1
0
1
0
1
1
1
0
-1
-2
-2
-2
-3
-2
-2
-3
-3
-3
-3
-3
-2
-3
-3
-3
-4
-4
-3
-4
-4
-3
-2
-1
-2
-1
-2
-2
-1
1
2
2
3
3
3
4
4
4
4
4
5
5
5
5
3
3
2
1
1
0
2
1
0
1
1
1
2
1
2
2
2
1
1
0
1
2
1
1
0
0
0
-1
-1
-1
-1
-1
-1
0
-2
-1
-1
-1
1
1
0
0
-1
-3
-2
-3
-2
-3
-2
-2
-2
-3
-3
-4
-4
-3
-3
-3
-3
-1
-1
-1
0
1
1
0
1
2
2
2
2
2
2
1
1
0
-1
0
0
1
2
2
1
1
1
0
1
1
0
1
0
0
-1
0
1
1
2
3
4
5
4
5
5
3
3
1
1
0
-2
-3
-2
-2
-3
-3
-4
-3
-2
-1
0
0
0
-1
-1
0
-2
-1
-3
-2
-3
-3
-3
-3
-2
-1
-2
-1
-1
-1
0
1
1
1
2
2
3
2
2
1
1
1
0
-1
-1
-1
-1
-1
0
0
1
2
0
-2
-2
-1
-3
-2
-2
-1
0
0
1
0
0
-1
-1
0
0
2
1
2
2
2
1
2
1
3
2
1
1
0
1
1
0
1
0
0
-1
-2
-2
-3
-2
-2
-1
1
2
2
4
3
4
3
2
3
3
2
2
2
2
1
0
0
0
-1
-2
-2
0
-1
0
0
-1
-2
-2
-2
-1
-2
-3
-4
-3
-4
-3
-3
-2
-2
-2
-1
0
1
3
3
2
1
1
1
2
2
2
2
1
2
2
2
1
2
2
2
1
0
-1
0
-1
-2
-1
-2
-2
-3
-2
-3
-3
-3
-3
-4
-3
-3
-3
-3
-4
-4
-3
-3
-3
-1
0
0
2
3
4
4
5
5
5
4
5
5
4
4
4
3
3
2
1
1
2
1
1
2
1
1
0
-1
-1
0
1
0
0
1
1
1
3
2
2
1
1
1
0
-1
-1
-2
-2
-3
-3
-5
-4
-4
-3
-3
-4
-2
-2
-1
-1
-1
0
0
1
2
2
1
0
0
0
-1
-2
-2
-2
-1
-1
-1
-2
-1
0
0
0
1
1
3
4
5
6
5
3
4
3
3
2
2
2
1
1
0
1
0
0
-1
-1
0
-2
-1
-2
-1
-1
-2
-2
-2
-3
-3
-3
-5
-5
-5
-6
-5
-5
-5
-5
-2
-1
-1
0
1
0
1
2
1
1
1
0
1
0
1
1
2
2
3
3
3
3
4
4
3
3
2
1
2
1
1
2
1
2
2
1
0
0
0
0
0
0
0
0
2
1
2
2
2
1
1
2
1
1
2
2
2
2
1
1
0
0
0
-2
-1
-1
-3
-4
-4
-4
-4
-4
-2
-1
-2
-2
-2
-2
-1
-2
-1
-1
0
0
0
0
-1
-1
0
-1
1
0
0
-1
-1
-1
-1
-1
-1
1
1
1
2
2
3
3
3
3
4
3
2
2
1
1
0
-1
-1
-2
-4
-2
-3
-3
-3
-1
-1
-1
0
0
0
-1
-1
-2
-1
0
0
0
-1
-1
-1
-1
-1
-1
-1
0
0
1
2
1
2
2
1
0
1
-1
0
-1
-2
-2
-2
-1
-1
-1
0
0
-1
0
-1
-1
-1
0
0
0
0
1
1
1
2
2
3
3
4
4
4
3
2
1
1
0
2
1
1
0
0
1
0
-2
-2
-2
-3
-2
-2
-3
-2
-1
-1
0
1
1
1
2
1
1
2
2
3
3
3
3
3
3
4
3
3
3
2
2
1
0
-1
-2
-4
-5
-5
-4
-5
-5
-4
-4
-4
-3
-2
-2
-3
-1
-1
0
1
2
3
3
2
2
1
1
0
0
-2
-2
-2
-3
-3
-3
-3
-4
-4
-5
-4
-4
-3
-3
-3
-2
-2
0
1
0
0
1
1
1
2
3
2
2
1
2
2
4
3
4
3
3
4
3
3
3
4
4
3
4
5
4
3
3
3
2
2
1
1
1
0
0
-1
0
-1
-1
0
1
1
2
2
2
2
0
-1
-1
-3
-2
-3
-5
-6
-5
-7
-9
-9
-10
-9
-9
-8
-7
-6
-5
-5
-4
-3
-2
0
0
2
1
2
2
3
3
2
2
3
3
3
4
4
4
5
4
2
3
3
3
3
3
2
4
3
2
2
2
1
2
1
1
2
1
1
1
1
1
2
3
2
3
2
2
1
1
0
0
0
1
0
-1
-2
-1
-2
-2
-1
-1
0
0
0
0
-1
-1
-1
-1
-2
-1
-2
-2
-2
-3
-3
-4
-5
-4
-2
-2
-1
-1
-1
0
0
1
0
1
0
1
-1
-1
-1
-1
0
-1
-1
0
1
2
2
3
4
4
4
3
2
1
1
1
0
0
0
0
0
0
-1
0
-1
-1
-1
-1
0
0
0
1
1
1
1
1
0
1
-1
-1
-1
-2
-2
-2
-3
-3
-2
-3
-1
-2
0
0
-1
0
1
1
0
-1
0
0
0
0
1
0
0
-1
0
0
0
0
0
0
0
0
0
0
0
0
-1
1
0
2
1
2
3
3
3
3
4
4
4
3
3
2
1
1
2
2
1
1
0
1
-1
-1
-1
-2
-2
-2
-2
-2
-2
-3
-3
-3
-2
-1
0
0
0
0
0
-1
0
-1
0
0
-1
0
0
-2
-2
-3
-2
-2
-1
-1
-1
-1
-1
0
-1
1
1
1
1
0
0
1
0
0
-2
-1
-2
-2
-1
-1
-1
-2
-3
-3
-2
-1
0
1
1
2
2
3
3
3
3
2
4
4
4
4
3
3
1
1
0
1
0
0
0
0
-1
-1
0
-1
0
0
0
2
2
2
2
2
1
0
1
0
0
0
-1
-2
-2
-1
-1
0
-1
0
0
0
0
-1
-2
-2
-2
-2
-2
-3
-4
-3
-3
-3
-2
-2
-2
-2
-1
0
0
-1
0
0
0
0
-1
1
0
0
1
1
3
2
2
2
2
2
1
0
-1
-1
-1
-1
1
0
0
0
0
0
1
1
1
1
0
2
1
0
0
1
1
2
2
3
3
3
3
2
1
1
1
0
0
-1
-1
-1
-1
-1
-1
0
0
0
0
-1
-1
-1
0
0
-1
-1
0
0
0
0
0
0
0
0
-1
-1
-1
-1
-2
-1
-2
-1
-2
-2
-1
-2
0
0
1
1
0
0
0
0
0
-1
-1
0
-1
0
0
1
1
1
1
2
2
2
2
1
0
0
0
0
-1
-1
-1
-1
0
0
0
0
1
1
1
2
2
2
2
2
1
0
1
2
2
2
1
1
2
0
1
1
0
0
-1
1
1
0
-1
-1
-2
-3
-3
-4
-5
-6
-5
-5
-5
-4
-4
-3
-2
-2
-1
0
0
0
1
3
2
3
5
5
3
3
3
3
2
2
2
1
1
0
-1
-1
-1
-2
-2
-2
-1
-2
-1
1
1
1
1
1
0
0
0
0
0
-1
0
-1
0
-1
-1
-2
-2
-3
-2
-1
-2
-1
0
1
2
1
3
3
3
3
2
4
4
3
2
2
-1
-2
-2
-2
-3
-3
-3
-3
-2
-1
-1
-1
-1
-2
-1
0
0
1
2
2
3
3
3
3
2
2
1
1
1
1
1
1
1
-1
-1
0
0
-1
0
2
1
1
1
2
1
1
0
-1
-2
-1
-1
-1
-1
0
0
0
0
0
2
1
1
0
0
-1
-1
0
0
-1
-1
-1
-1
-1
-1
0
-1
0
1
0
0
-1
-2
-2
-2
-2
-3
-1
0
0
0
0
-1
-2
-1
-2
-2
-1
-1
0
0
1
1
0
1
2
1
2
3
2
1
1
0
0
-1
0
0
-1
0
0
2
2
1
0
0
0
0
0
1
1
2
1
1
1
1
0
1
0
-1
0
0
0
0
-1
1
0
1
0
0
1
1
1
2
2
2
2
1
2
1
1
2
2
1
0
0
-1
-2
-2
-2
-3
-2
-3
-3
-2
-3
-3
-2
-2
-2
-2
-2
-2
-2
-2
-1
0
1
1
2
2
3
2
2
2
1
1
1
-1
-1
-2
-1
-2
-2
-3
-2
-2
-2
-1
-1
-3
-1
-1
0
0
0
1
2
3
2
3
3
3
4
4
4
3
2
2
2
1
2
1
0
0
0
-1
-1
0
-1
0
-1
-2
-1
0
0
-1
0
-1
-1
-1
0
-1
-1
-1
-1
-1
-1
-1
0
0
0
0
0
0
0
0
0
-1
-1
-1
-1
-1
-1
-1
0
0
-1
-1
-1
-1
-1
0
-1
0
0
0
1
2
2
1
1
1
0
1
0
-1
-1
-1
0
0
0
0
0
-1
-1
-2
-1
-1
-1
0
0
1
1
1
1
1
0
1
1
1
0
1
0
0
-1
-1
-1
-1
-1
-1
0
0
1
1
1
1
2
1
1
2
3
2
2
0
0
-1
-1
-2
-2
-2
-3
-2
-1
-2
-1
-1
-1
-1
-1
0
0
-1
0
1
1
1
2
1
2
2
3
2
2
1
0
0
0
0
0
0
-1
-1
-1
-1
0
0
-1
-1
-1
-2
-2
-1
-1
-1
-1
0
1
1
1
1
1
0
0
1
1
0
1
0
0
-1
-1
-2
0
-1
0
0
-1
0
-1
0
-1
-1
0
0
0
1
2
2
1
2
1
1
2
1
1
2
3
2
1
1
0
-1
-2
-3
-3
-3
-2
-3
-3
-4
-4
-4
-3
-2
-2
-1
0
0
0
1
2
2
3
3
4
4
4
4
5
3
4
3
2
1
0
-1
-1
-2
-2
-3
-3
-3
-3
-3
-2
-3
-2
-2
-2
-1
-2
-2
-1
-1
1
1
1
1
1
1
3
2
2
3
2
2
1
1
0
-1
-1
-1
-1
-1
-1
1
0
1
0
0
0
0
1
0
0
0
0
0
-1
-2
-1
0
-1
0
-1
-1
-1
-1
0
0
-1
0
0
0
0
0
-1
0
0
1
2
2
2
1
1
1
0
0
-1
1
0
0
0
0
0
-1
0
-1
-2
-2
-1
-1
-2
0
-1
-1
0
1
0
1
2
1
1
1
1
1
1
1
1
1
1
1
1
0
-1
-1
-1
-1
-1
-2
-2
-1
-2
0
-1
-1
1
0
0
0
0
0
0
0
1
1
1
1
1
0
0
0
0
1
1
1
1
0
0
-1
0
0
0
-1
-1
0
-1
-1
-1
-2
-1
-1
-1
1
1
0
0
-1
-1
-1
0
1
1
1
1
1
2
1
1
0
1
0
1
1
0
1
0
-1
-1
0
0
1
1
0
0
0
0
0
-1
0
0
1
0
0
0
0
1
0
0
0
-1
-1
-1
-1
-2
-2
0
-1
-1
0
-1
0
1
2
1
2
2
2
3
2
1
2
1
1
0
0
0
0
0
-1
-1
-1
-1
-1
-2
-1
-1
-1
0
-1
0
0
0
1
0
0
0
1
1
0
1
0
-1
-1
-2
0
-1
0
-1
0
1
1
1
1
1
2
1
2
1
1
1
0
0
-1
-2
-2
-2
-1
-2
-3
-1
-1
-1
-1
-1
0
-1
0
0
1
1
1
1
1
1
0
0
0
-1
-1
0
0
0
0
1
1
2
1
1
0
0
1
0
-1
0
-1
-1
0
0
0
1
0
0
1
1
1
1
2
1
1
1
1
1
0
0
0
0
1
0
0
-1
-1
0
0
0
1
0
1
1
1
1
1
2
2
2
1
1
1
1
1
0
1
0
-2
-2
-2
-2
-2
-2
-2
-3
-3
-3
-3
-2
-2
-2
-3
-3
-2
-2
-2
-2
-1
-2
-1
-1
0
0
0
0
-1
0
0
1
1
1
1
0
-1
0
0
-1
-1
0
0
1
0
1
0
1
1
0
2
1
2
1
2
2
3
2
2
1
2
2
1
1
1
1
1
1
1
1
1
1
1
0
-1
-2
0
-1
-1
-1
0
0
1
1
0
1
0
0
0
-1
-1
0
-1
-1
-1
-1
-1
-1
-1
0
-1
-1
0
0
0
-1
-2
-2
-1
-1
-1
-1
0
1
-1
-1
-1
-1
0
0
0
1
0
0
1
1
0
1
1
1
0
0
-1
-1
-1
-1
-1
0
0
1
0
1
1
1
2
3
2
2
2
2
2
1
0
0
0
0
-1
0
-1
0
-1
0
0
0
-1
-1
0
0
1
0
2
1
1
1
1
1
0
0
0
0
-1
-1
-1
-2
-1
-1
-1
-1
-2
-1
-1
-1
-1
-1
-1
-1
0
0
0
0
1
1
0
2
1
1
1
1
1
2
1
0
0
0
-1
0
0
-1
-1
-2
-1
-1
-1
0
0
0
0
-1
0
0
0
1
1
1
1
2
1
2
2
1
2
3
2
2
2
2
1
1
0
-1
0
-1
-1
-1
-1
-2
-1
-1
-2
-3
-3
-3
-2
-3
-2
-2
-2
-2
-3
-3
-2
-1
-1
-1
-1
-1
-1
-1
0
0
-1
-1
0
0
1
1
1
1
1
2
1
1
2
2
2
1
0
1
1
1
0
-1
0
0
0
0
1
0
0
1
0
1
1
1
1
1
2
2
2
2
1
2
1
1
1
2
2
1
1
1
1
1
1
0
0
0
0
-1
-1
-1
-1
-1
-1
-1
-1
-2
-2
-2
-2
-2
-2
-2
-2
-1
-1
-1
-1
-1
0
0
-1
0
-1
0
0
0
0
0
0
-1
-1
0
0
0
0
-1
0
0
0
0
1
1
1
1
1
0
1
1
1
0
0
0
0
1
1
1
2
2
1
2
1
2
1
1
1
0
0
1
0
1
0
0
-1
0
0
0
0
0
-1
-1
-2
-2
-2
0
0
0
0
0
-1
0
0
0
0
-1
0
0
0
-1
0
0
-1
0
0
0
0
0
0
-1
-1
-1
0
-1
-2
-2
-1
-2
-1
-2
-1
-1
-1
-1
-1
0
1
0
0
-1
-1
0
1
2
2
1
2
2
2
2
2
2
1
1
1
0
1
1
0
0
-1
-1
0
-1
1
0
1
1
1
1
1
0
1
1
1
1
1
1
1
2
0
1
0
0
0
0
0
-1
-1
-1
-2
-2
-2
-3
-3
-4
-3
-3
-2
-2
-1
-1
-1
-1
-1
0
-1
-1
-1
0
0
-1
1
0
0
1
1
0
1
1
1
0
1
0
1
0
1
1
1
0
1
1
2
2
1
0
-1
0
-1
-1
-2
-1
-1
-1
-1
0
-1
-1
1
1
1
2
2
1
1
1
1
0
1
1
1
1
0
1
1
1
0
1
-1
0
0
-1
-1
-1
-1
0
-1
-1
0
-1
-1
0
-1
-2
-2
-1
-2
-1
-1
-1
-2
-1
1
0
2
2
1
1
0
2
6
6
1
-4
-6
-4
3
5
5
-1
-7
-11
-9
-2
9
13
7
-5
-17
-18
-6
16
34
27
-2
-33
-38
-11
23
40
28
-3
-29
-36
-24
4
30
36
16
-14
-32
-26
-6
11
15
8
-7
-16
-15
-6
5
10
7
-2
-9
-5
6
12
8
-1
-9
-7
1
8
8
2
2
9
13
9
0
-7
-4
2
7
5
-2
-7
-8
-7
-6
-3
-1
5
6
5
0
-2
-4
-2
1
2
2
1
-1
-2
-1
1
4
6
6
4
0
-6
-8
-7
-5
0
3
3
-3
-9
-9
-3
4
5
3
3
4
2
-5
-8
-6
1
12
20
24
-6
-58
-69
-9
80
114
58
-39
-101
-88
-9
88
143
114
7
-124
-187
-117
55
203
221
69
-209
-421
-349
21
410
484
176
-251
-460
-321
40
364
456
293
-37
-359
-441
-205
158
371
309
72
-137
-198
-97
81
195
181
74
-68
-141
-102
15
104
51
-87
-160
-117
12
111
81
-21
-106
-94
-11
-7
-111
-178
-116
28
136
116
12
-57
-33
60
143
158
139
121
78
-7
-93
-123
-71
29
87
54
-43
-135
-146
-95
-47
-13
4
-16
-67
-148
-179
-115
-25
33
54
46
35
44
46
52
65
70
82
85
42
-7
-17
9
16
-55
-136
-138
-91
-39
-26
-70
-109
-119
-118
-108
-97
-52
40
111
112
79
51
69
136
195
218
193
136
112
117
109
90
62
46
34
-29
-106
-129
-97
-38
-19
-82
-160
-181
-147
-78
-16
11
7
-15
-21
13
62
97
112
100
88
112
142
172
209
253
287
260
189
157
184
223
226
180
106
49
25
24
15
-3
6
13
-68
-228
-379
-402
-261
-97
-19
27
-32
-559
-1639
-2417
-1904
-383
639
299
-650
-1192
-1269
-1305
-1188
-429
764
1435
1105
323
64
597
1184
1166
728
561
1038
1791
2120
1718
858
28
-475
-701
-702
-433
-48
12
-578
-1466
-1888
-1553
-1036
-954
-1074
-765
84
936
1224
939
528
428
743
1175
1565
2011
2399
2340
1731
1005
613
531
481
304
-44
-442
-725
-960
-1337
-1797
-2068
-2055
-1897
-1718
-1483
-1168
-860
-641
-505
-358
-35
490
1040
1516
1926
2235
2290
2057
1779
1703
1731
1707
1582
1287
860
303
-267
-720
-1049
-1224
-1383
-1681
-1938
-1905
-2311
-4220
-6649
-7069
-4543
-1431
-626
-1581
-2068
-1744
-1661
-2017
-1281
1422
4057
4328
2676
1634
2702
4251
4162
2713
1562
1616
2561
3442
3384
2201
331
-1473
-2832
-3713
-3740
-2802
-1832
-1840
-2929
-3940
-3366
-1571
-272
-163
-203
1032
3249
4828
5133
4565
3734
3257
3087
3127
3511
3899
3864
3029
1386
-187
-1177
-1848
-2463
-3421
-4484
-4855
-4526
-4013
-3851
-4200
-4386
-3984
-3198
-2093
-921
231
1398
2086
2245
2376
2570
2869
3109
3148
3225
3245
3011
2594
1883
893
-15
-788
-1346
-1607
-1770
-1837
-1791
-1683
-1431
-1290
-1409
-1343
-932
-311
440
1177
1866
2446
2595
2421
2238
2161
2388
2541
2319
2019
1802
-518
-5346
-8796
-8215
-4089
-1992
-3808
-5320
-5491
-5360
-5985
-6355
-3266
1823
3772
2313
337
1835
6060
7611
6258
4366
3745
4678
6001
6565
6155
4583
2163
-413
-3196
-4709
-4040
-2805
-2971
-4818
-7243
-7478
-5160
-3107
-2741
-3399
-2300
916
3715
5030
5541
5453
5034
4637
4531
5481
6759
7287
6150
3634
1235
25
-581
-1548
-3104
-5167
-6614
-7267
-7103
-6859
-6991
-6995
-6911
-6499
-5615
-3847
-1487
598
1685
2085
2475
3346
4526
5340
5735
5773
5947
5976
5531
4729
3729
2543
1121
-165
-1075
-1576
-1993
-2427
-2847
-3160
-3228
-3011
-2734
-2386
-1861
-1278
-562
391
1529
2568
3340
3619
3932
4259
4486
4488
4143
3867
3889
1267
-5640
-10655
-10664
-5745
-2401
-4884
-6576
-6675
-6559
-7318
-8328
-4943
1558
4084
2163
-245
1320
7024
9460
7909
5550
4142
4477
5700
6443
6254
4842
1995
-780
-3944
-6181
-5580
-4360
-4830
-7178
-10083
-9613
-5644
-2469
-1691
-2481
-1404
2308
5499
6962
7896
7932
7260
6570
5873
6681
7774
7698
5988
2520
-889
-2130
-2246
-2615
-4000
-7034
-8916
-9367
-8799
-7683
-7018
-6261
-5271
-4367
-3373
-1463
964
3558
4706
4417
4462
5192
6012
6186
5533
4715
4513
4151
3674
2656
1316
266
-1128
-2727
-3817
-4091
-3946
-3709
-3700
-3366
-2789
-1955
-1060
-673
-333
410
1535
2789
4112
5114
5772
5651
5423
5332
5208
4758
4150
3790
3511
1542
-6351
-13703
-15053
-10331
-4500
-5935
-8124
-7573
-6954
-7209
-8625
-6408
1188
6004
4550
1476
1791
7990
11969
10184
6862
4459
3836
4583
5262
4753
3295
174
-2985
-6129
-8986
-8718
-6908
-6623
-8100
-10753
-10690
-6069
-1223
987
662
1323
5151
9232
10987
11689
11233
9580
8099
6738
6901
7672
6936
4588
648
-3674
-5294
-5348
-5349
-6174
-9097
-11164
-11555
-10177
-7840
-5982
-4772
-3289
-1634
-191
2008
4320
6596
7425
6625
5854
5875
6032
5942
4903
3212
2312
1529
991
-13
-1362
-2423
-3611
-4696
-4997
-4675
-4188
-3535
-3187
-2563
-1570
-295
992
1645
2066
2641
3355
4303
5285
6046
6166
5614
4882
4498
4142
3801
3297
2785
1162
-7222
-15648
-17674
-13014
-5889
-7044
-8880
-7659
-6642
-6571
-8758
-6764
1745
8321
6964
2784
2552
9564
14714
12102
8100
5927
5257
4968
4128
2923
2410
180
-3103
-7119
-10830
-9690
-7206
-7072
-9049
-11776
-11171
-6105
-433
2463
2852
3999
7833
11199
11750
12167
12404
10912
8436
5958
5586
6637
6009
3268
-862
-5310
-7143
-7269
-7206
-7285
-9206
-11176
-11365
-9842
-7055
-4492
-3299
-1634
177
1374
2809
4223
6242
7278
6126
4366
3541
3307
3192
2133
406
-476
-811
-622
-727
-1365
-1880
-2502
-3391
-3657
-3393
-2776
-1937
-1250
-331
441
1452
2794
3842
4131
3630
3588
4143
5021
5648
5291
4642
3996
3568
3440
3208
2724
2740
-3767
-14332
-19063
-17138
-8103
-5788
-8716
-7382
-5991
-4144
-6025
-7480
-1333
7341
9458
5084
1995
6939
15249
14799
9015
5108
3822
4349
3571
1430
308
-888
-2798
-5543
-10136
-11125
-8061
-6690
-7869
-11005
-11473
-6761
-309
3603
4044
4547
7945
12453
12672
11132
11033
10573
8936
5367
3588
4712
4873
2474
-1471
-5554
-7256
-7283
-7849
-8115
-9162
-9331
-8963
-8538
-6184
-3312
-1087
-531
-98
930
2179
3748
5264
6319
5668
4484
3544
2212
1020
325
-111
-840
-1515
-1399
-916
-623
-428
-603
-1372
-1806
-1587
-1401
-1531
-1006
499
1818
2377
2631
3231
3673
3565
3038
2527
3032
3932
4464
4279
3937
3761
3948
3757
3100
2861
-5041
-15275
-19538
-17065
-7518
-6012
-8040
-6042
-4538
-2938
-5528
-6495
308
8383
9157
3595
796
6791
15379
14548
7838
3328
1688
2204
1385
-349
-761
-1181
-2578
-5561
-9545
-9756
-5978
-4632
-7076
-10918
-10983
-4990
2290
5494
4811
4920
8353
12884
12628
9906
9048
8383
6859
3349
1518
3233
3721
1050
-3307
-6931
-7480
-6304
-6028
-7231
-9102
-8809
-6553
-4289
-2477
-762
725
1393
1656
1803
2172
2657
3664
4068
2950
2340
2639
2395
709
-1525
-2270
-2079
-1762
-1185
-566
162
677
786
354
-23
-167
-353
-1205
-1604
-189
1974
3128
2976
2903
3134
3130
2228
1416
1658
2363
2794
2509
2408
2974
3906
4336
3075
3656
-678
-11502
-18267
-19645
-11282
-5562
-7974
-6539
-4277
-1743
-2718
-6426
-2599
6476
11010
6196
204
2704
11980
16214
10368
4605
1984
1549
1246
-1317
-2029
-1351
-1407
-3498
-7729
-9912
-7050
-3211
-3872
-8122
-11216
-8204
-262
5278
5420
4347
6336
11212
13369
10373
7996
7569
6534
3364
-160
466
2865
2185
-1655
-5803
-7330
-6255
-5226
-5743
-6963
-7089
-5744
-3949
-2397
-471
1498
2251
2705
2587
1459
877
1516
2764
3185
2404
2081
1888
503
-1392
-2759
-2987
-2172
-1233
-862
-179
943
1799
1833
1181
597
-69
-1000
-1529
-824
727
2147
2890
2898
3015
2955
1998
1001
795
1417
2134
2355
2483
2848
3617
4629
4712
5305
-279
-11493
-18228
-18919
-10989
-6063
-7563
-5622
-3111
-717
-1774
-5080
-1566
6159
9922
4761
-1265
1797
10281
14632
9767
4166
1869
1155
982
-1273
-2966
-2848
-2086
-3101
-6549
-8824
-6938
-2939
-2918
-6860
-10148
-8467
-1004
5105
5707
4476
6034
10862
13391
10662
7333
6566
6318
3897
454
-159
1564
1773
-718
-4362
-6475
-5869
-4578
-4712
-6355
-7176
-5906
-3818
-1925
-12
1663
2279
2907
2751
1188
140
467
1989
2586
1748
1319
1223
502
-1115
-2674
-3319
-2757
-1589
-1168
-420
1243
2631
3169
2536
1435
502
-512
-1054
-451
934
2371
2960
2542
2217
2372
1949
1184
730
582
1130
1820
2732
3256
3987
4366
5279
4858
-4449
-14348
-18962
-16375
-8219
-7319
-7858
-5011
-1988
149
-2969
-4638
735
7960
8772
1385
-1869
3838
11828
13802
8035
3538
1821
1209
798
-955
-2397
-2133
-1557
-3470
-6275
-8157
-6274
-2844
-3809
-7150
-9900
-7754
-156
5148
5134
3958
6365
11599
13611
10274
6797
6474
6267
4007
930
-158
1018
1182
-652
-4012
-6585
-5959
-3968
-3853
-6175
-7803
-6836
-3842
-1222
278
927
1229
2810
3323
1519
-194
379
2597
2835
1337
493
692
970
-208
-1750
-2857
-2718
-1351
-556
-51
562
1594
2588
2394
1340
326
-354
-676
-125
822
1497
1828
1874
2261
2298
1734
1655
1733
1665
1447
1656
2401
3261
4266
4911
5778
-127
-11036
-17562
-18399
-11566
-7014
-7715
-6339
-3759
-591
-1111
-4208
-2357
4120
8713
4293
-1617
667
7616
13355
11308
6189
3950
2668
1985
807
-1054
-1603
-705
-2165
-4784
-6780
-7261
-4065
-2748
-4721
-7364
-8943
-5081
1069
3819
3245
3627
7816
12141
12197
8750
6960
7342
6433
3888
924
208
1271
1422
-491
-3990
-5765
-4868
-3817
-5133
-7804
-9185
-7760
-4407
-1662
-416
-200
1323
3496
3214
628
-1357
49
2512
2556
1100
-20
633
1383
713
-445
-1456
-816
-139
-446
-922
-693
1069
2322
1972
650
-417
-584
-29
896
1002
770
1022
1654
2338
2178
2088
2880
3507
3035
2100
2113
2712
3894
4334
4308
4240
-2204
-11210
-16445
-16455
-10626
-7463
-7337
-5815
-3293
-1059
-2308
-3827
-1178
4607
7819
2488
-2114
816
6312
11092
9334
5314
4486
3360
2559
1887
222
197
632
-1668
-4356
-6310
-6366
-3518
-2317
-3928
-6389
-7750
-4990
-313
1663
1093
2006
5635
9109
9317
6978
6423
7160
6609
4497
1767
867
1480
1717
469
-2169
-3950
-3954
-3769
-4980
-7082
-8612
-7816
-5244
-3117
-1932
-1545
-148
2110
2232
263
-1335
-464
1813
2692
2138
1505
1724
2285
2406
1760
1032
1013
1168
1115
288
-288
517
1431
1406
162
-1576
-2100
-1199
7
499
291
459
1486
2116
1670
1301
1993
3300
3682
3037
2713
3283
4763
5326
5287
4622
-1247
-8883
-13820
-14484
-10194
-7294
-6865
-5760
-3852
-2612
-3668
-4648
-2337
2969
5790
1052
-3054
-627
4125
8718
7851
4583
4395
3530
3039
3028
1713
2017
2350
464
-2224
-4752
-5211
-3416
-2092
-3225
-5791
-7536
-6315
-2399
-260
-687
107
3122
6433
7007
5533
5445
6570
7066
5756
3599
2372
2261
2764
2226
204
-1472
-2024
-2209
-2946
-4708
-6649
-6694
-5425
-4134
-3486
-3890
-2945
-495
329
-755
-1722
-1089
1182
2602
1870
987
1089
1944
3246
3246
2263
1893
2115
2458
1829
817
688
1444
1651
59
-1997
-2928
-1959
-208
89
-761
-991
-74
1047
1166
664
1202
2591
3425
3490
3324
3560
5208
6301
6466
5310
-1136
-8387
-12113
-12091
-8516
-6458
-6455
-5074
-3030
-2985
-5237
-6126
-3670
1324
3729
-1496
-4515
-1312
2845
7314
6321
3671
4427
3705
3644
4049
3428
4488
4834
3051
-51
-3304
-4264
-2952
-1449
-2706
-6006
-8098
-7145
-3531
-1578
-2083
-1437
1380
4295
4661
3753
4061
5644
6965
6076
4393
3607
3526
4659
5004
3024
858
-332
-794
-1311
-3455
-6187
-6695
-5587
-4224
-3882
-5166
-5055
-2925
-1862
-2688
-3656
-2927
-421
1671
1740
949
833
1968
3802
4403
3405
2595
3484
4480
4017
2697
1418
1816
2407
735
-1746
-3485
-3065
-1010
-473
-1278
-1780
-1258
-176
276
46
305
1594
2652
3117
3184
3229
4525
6315
6935
6958
3198
-4083
-8876
-10818
-9172
-6130
-5759
-5288
-3616
-3112
-5022
-7355
-6607
-2641
2110
586
-4659
-3776
-419
3905
6117
3420
3364
4168
3586
4251
4487
5564
7364
6725
3731
18
-2403
-2657
-1399
-1420
-4318
-7599
-8728
-6620
-3412
-2628
-2616
-1177
1489
3201
2455
2137
3042
4912
6299
5252
4304
3995
4509
6316
5841
3541
1660
419
172
-825
-3293
-5328
-5538
-4745
-4357
-5299
-6521
-5509
-3975
-4007
-4743
-5084
-3022
-167
998
1015
311
768
2668
3980
4191
3792
4114
5392
6162
5371
3935
3549
3271
2207
99
-2280
-2721
-1807
-946
-879
-1542
-1542
-1063
-761
-916
-1202
-446
782
2122
2866
2937
3537
4688
5976
6769
6978
3179
-4046
-9172
-10943
-8357
-4810
-4381
-4252
-3392
-3820
-6086
-7978
-6691
-2094
2049
-827
-5426
-3887
-412
4061
5518
2726
2997
3315
2889
4371
4968
6344
7597
6179
3827
604
-1780
-2207
-1902
-2379
-5089
-7890
-8262
-5662
-2730
-1967
-1784
-260
2794
3809
2677
2181
2229
4163
5467
4740
4323
3694
4553
6176
5590
3729
1893
992
755
-230
-2839
-5274
-5802
-5082
-4215
-5048
-5797
-4947
-4113
-3256
-4113
-4810
-2991
-1305
212
532
-598
-277
1529
2759
3219
3108
3056
4659
5863
5251
4679
3888
3048
2360
475
-1393
-2129
-1833
-950
-656
-1064
-1519
-1381
-994
-973
-1070
-657
636
2334
3302
3238
3305
4031
5358
6465
7595
6013
-833
-7505
-10839
-9604
-5447
-4308
-4951
-4261
-3788
-5399
-8144
-8197
-4644
728
1185
-3972
-4242
-1038
2738
5639
3544
2797
3816
3247
4135
5211
6336
7591
6790
5144
2443
-784
-3093
-4343
-4266
-5170
-7367
-8325
-6941
-3824
-1853
-1499
-454
2316
4638
4124
2832
2060
3048
5217
5355
4860
4143
3798
5283
5754
4580
2903
1326
643
-294
-2481
-4924
-6086
-5673
-4626
-4720
-5479
-5176
-4412
-3772
-4188
-4739
-3514
-1616
217
902
89
-390
109
1293
2675
3619
4154
4954
5681
5745
5222
4264
3249
2217
954
-552
-1727
-1890
-1412
-863
-614
-1128
-1467
-1508
-1633
-1087
-313
814
2060
2674
3107
3656
4324
5372
6528
7764
8331
3499
-5347
-11563
-12782
-8865
-5259
-5487
-5804
-4655
-4296
-6676
-8648
-6990
-2126
2602
182
-3911
-2037
1137
5280
6713
4275
4421
4184
3744
5155
5599
6189
6189
5079
3450
-280
-4253
-6612
-6707
-5551
-6571
-8607
-8506
-5547
-1755
119
534
2143
5189
5958
4557
3039
2553
4522
5976
5753
4881
3467
3946
5366
5102
3328
826
-673
-1210
-2350
-4655
-6796
-7066
-5630
-4384
-4665
-5035
-4390
-3078
-2063
-2610
-3046
-2131
-496
1280
1370
370
-211
409
2225
3406
3544
3887
4790
5942
6108
4385
2602
1505
473
-240
-1550
-2755
-2234
-1070
-135
-97
-910
-1314
-994
-393
14
459
1321
2491
3761
4522
4838
5308
6477
7577
8735
7045
-1135
-10201
-15230
-14167
-9115
-6564
-6520
-5703
-4128
-5020
-8481
-9128
-5250
1457
4590
-298
-2566
882
4934
8994
7937
5184
5141
3698
3539
4512
4741
5622
5019
3502
492
-4562
-8046
-9053
-7529
-6197
-8221
-9675
-7438
-2770
1232
2105
2339
4937
7568
7039
4901
3293
3687
5832
6352
5282
3710
2612
3728
4615
3195
346
-2441
-3429
-3212
-4025
-5879
-6822
-5864
-3700
-2790
-3669
-3859
-2829
-1503
-1373
-2482
-2310
-420
1946
2969
1784
-106
-619
746
2317
3137
3461
4412
6044
6442
4742
2204
313
-574
-1045
-2145
-3444
-3322
-1772
-202
425
16
-386
-239
112
313
501
1344
2691
4106
4915
5187
5334
6124
7246
8085
8874
3517
-7437
-15897
-18528
-13668
-8071
-6910
-6756
-5228
-3670
-5808
-8606
-6860
-968
5805
4691
-1393
-382
4126
8766
10589
6552
4436
4049
2785
3389
3599
3585
4030
3052
788
-3900
-8872
-10810
-9749
-7110
-6968
-8719
-7424
-2881
2100
4139
3498
4640
7992
9143
6943
4456
3537
5208
6893
6002
4128
2005
1586
2519
1680
-981
-3664
-4339
-3456
-3201
-4894
-6794
-6447
-4344
-2430
-2593
-3209
-1975
94
1137
-30
-959
238
1912
2930
1842
-314
-957
-339
649
1194
1219
2377
4524
5294
4106
1922
151
-419
-871
-1736
-2745
-3130
-1937
-322
702
1110
1073
1057
924
478
498
1570
3127
4462
4985
4797
4838
5107
5717
6221
6471
6674
856
-10095
-18427
-19911
-13696
-7802
-6377
-6143
-4541
-2914
-4847
-7179
-5281
632
6775
5332
157
1557
5985
9962
10585
6421
4229
3185
1487
1749
1698
1750
2096
1116
-975
-5575
-10183
-11504
-9687
-6618
-6258
-7333
-5384
-538
4350
5537
4653
6349
9605
10300
7324
4179
3587
5236
6580
5505
2992
620
-38
548
-556
-3488
-5411
-4906
-3074
-2569
-4691
-6704
-5904
-2924
-974
-1577
-2378
-1112
1231
1150
-899
-1361
229
2581
3326
1146
-1447
-2193
-1297
37
953
1659
3177
5389
5640
3726
1360
-708
-1111
-1013
-2012
-3089
-2751
-416
2198
3142
2303
1157
757
314
-324
-317
931
3153
4953
5166
4475
4471
5067
6292
6639
6814
5480
-3344
-14457
-20809
-18937
-11082
-6090
-4987
-4503
-2516
-2136
-5520
-6892
-3351
3651
8313
4092
296
3968
8421
11271
9360
4473
2815
1130
-762
-398
-124
846
1590
271
-2870
-8399
-12260
-11978
-9137
-6287
-6459
-6218
-2164
3391
6968
6520
5875
8498
10924
9193
5050
2790
3793
6153
6398
4004
1042
-1149
-1443
-1393
-3353
-5638
-5583
-3619
-1850
-2368
-4473
-4602
-2507
-231
-232
-1918
-1692
558
2462
1448
-564
122
1968
2580
1142
-1785
-3456
-2876
-1492
-110
1046
2361
4578
5816
4307
1554
-731
-1458
-1308
-1669
-2215
-2221
-533
1925
2809
2281
1169
895
1084
102
-813
-144
1904
3962
4472
3744
3345
3951
4534
4694
4550
4746
5781
271
-11600
-20479
-21188
-13206
-5744
-3738
-3756
-2569
-902
-2895
-5870
-4310
1714
8216
7429
1815
2720
7664
10893
10482
5292
1444
192
-1340
-772
287
545
1118
361
-2393
-7492
-12293
-12913
-10063
-6363
-4918
-4742
-1650
3738
7702
7323
5506
6978
9957
10002
6038
2878
3598
5852
6771
4337
195
-2732
-3820
-3732
-4470
-5922
-5244
-2559
-396
-576
-3209
-4772
-3582
-1590
-712
-1460
-820
1840
4022
3371
381
-675
230
741
-559
-2933
-3739
-3016
-1352
217
1271
2826
4485
5051
3810
1293
-709
-971
-760
-914
-951
-802
248
1893
2538
2029
1193
931
955
320
-648
-318
1739
3944
4798
4280
3543
3615
4226
4512
4781
4837
5980
2005
-10185
-20713
-23180
-15204
-5705
-3414
-3798
-3124
-1481
-2565
-6515
-5944
734
8428
9446
3218
2420
8273
11969
10938
4731
168
-31
-956
-1063
-289
220
1165
332
-3266
-8921
-13818
-14188
-10814
-6826
-4533
-3178
371
5294
7822
6222
3955
5722
9621
10201
6555
4002
5512
7649
6882
2993
-1195
-3852
-5121
-5126
-4922
-4704
-3026
-619
492
-421
-2844
-4358
-3994
-2719
-1675
-1006
863
4373
6187
3532
-274
-1539
-276
276
-1675
-3900
-3703
-1438
46
691
1519
3085
4651
4099
1530
-471
-637
123
579
-4
-410
-75
572
1028
573
188
193
339
528
-326
-1184
-487
1200
2785
3455
3101
3148
3725
4474
4948
4859
5467
5839
6366
822
-12335
-21957
-22758
-14023
-5378
-4165
-4330
-2351
358
-1370
-6506
-6226
638
8377
8834
2896
3592
10438
13925
11028
3630
-635
-357
-632
-1564
-1734
-1255
-210
-316
-3651
-8995
-13178
-12955
-9462
-5966
-3453
-1513
2200
6312
6948
4629
3485
6535
10818
10640
6466
4488
6279
7557
5609
1194
-2774
-4902
-6041
-5811
-4605
-3240
-1359
-304
-618
-1804
-3613
-4743
-4772
-3778
-1547
1065
3843
6604
7060
4355
121
-2916
-3442
-3392
-3416
-2409
-1201
-229
426
687
1096
1110
1068
1126
1096
1015
681
691
653
214
-202
-983
-1084
77
1068
1335
1102
991
1039
376
-976
-1392
27
2514
4199
4578
4057
3682
4292
4457
4212
4010
3964
5390
4868
-4602
-16928
-22443
-17913
-7826
-3745
-4565
-3760
-334
1110
-3328
-6857
-3080
5182
10350
6658
2904
8167
13521
12480
6021
-911
-1598
-654
-2449
-3485
-3406
-2085
-487
-2153
-7142
-12067
-13349
-10585
-6508
-3534
-1416
1311
4729
6504
5447
4362
6014
9759
11249
7902
5022
5761
6705
5330
1150
-2992
-5028
-6330
-6544
-5252
-3588
-2048
-809
-611
-1220
-2407
-4283
-4677
-2978
257
3893
5757
6653
5914
2500
-952
-3371
-4125
-3590
-3354
-2176
-177
1350
1687
948
693
845
594
169
278
1245
2216
1854
855
132
-777
-1327
-1547
-1322
-59
1375
2334
2452
1602
383
-753
-1031
122
2085
3706
4564
4568
4411
4403
4419
4200
3862
3534
3944
3928
-4393
-16686
-22799
-19260
-8757
-3777
-4614
-3698
-622
825
-3155
-6731
-2505
5739
10818
7532
3445
8648
14048
12440
5243
-2176
-3022
-2112
-3937
-4674
-3547
-1695
-427
-2555
-7371
-11393
-12118
-9019
-5286
-2848
-688
1835
5081
6556
5362
4322
5764
9220
10821
8352
5675
6092
6630
4443
266
-3237
-4778
-5694
-6256
-5344
-3572
-2220
-1048
-1016
-1674
-2161
-3312
-3426
-1945
1056
4717
6404
6274
5220
2384
-1350
-3875
-4470
-2786
-967
64
526
-224
-967
-1379
-1563
-1079
-231
782
1949
2351
2132
1621
579
-401
-1278
-2146
-2378
-1191
860
2370
2427
1337
159
-491
-703
-518
713
2804
4342
4925
4577
3800
3525
3062
2614
2280
2852
3674
4400
2253
-8412
-19454
-23000
-17524
-7316
-3515
-3259
-1055
1620
1882
-3190
-5857
-626
6974
11141
7917
6490
12695
15470
10945
1991
-4772
-4712
-4233
-5882
-5712
-3554
-1012
-330
-3926
-9172
-12204
-11842
-8715
-5410
-2413
1247
4896
7801
7874
5717
4869
6387
9333
10217
7848
6464
6785
5785
2632
-1678
-4700
-6467
-8239
-8087
-5486
-2368
-475
-284
-1170
-2194
-3047
-3722
-2828
-219
3167
5656
6043
5442
4267
1023
-3030
-5065
-4258
-1165
729
1083
1144
31
-1100
-1964
-2343
-1479
-587
734
2140
2336
2321
1261
-359
-1464
-2941
-2901
-1355
808
3400
3958
2858
1785
983
481
-341
-616
914
3306
4624
4714
4115
3634
3589
2944
2411
2132
2821
3870
4210
-2224
-15107
-22572
-20963
-11477
-3952
-3346
-1905
1281
2825
-372
-5639
-3481
4770
11456
11257
6853
9418
14156
11283
3020
-5255
-7104
-4990
-5723
-6380
-4545
-2108
-885
-2953
-7880
-11893
-12675
-10327
-6405
-2696
1214
5096
7727
8389
6603
4618
5146
7962
10763
10092
7420
6564
5915
3257
-763
-4692
-6690
-7874
-7817
-5038
-1877
-226
-6
-408
-1081
-1694
-2785
-3089
-1135
2217
5645
7016
5588
3905
1792
-1976
-4380
-4354
-1865
834
1269
262
-1611
-2824
-3014
-2581
-1794
-970
280
1984
2673
1908
1076
-134
-1284
-1654
-2042
-1292
720
2464
3659
3306
1971
900
-30
-875
-1116
-107
1787
3119
3562
3545
3352
3365
3084
2454
2089
1728
1843
2800
3181
3442
-3497
-16037
-22516
-20170
-8980
-934
-64
1965
3992
3732
-2106
-8763
-4793
5214
12602
11602
6547
9230
12303
7471
-1782
-8912
-8211
-5233
-5852
-5746
-2357
1379
1708
-2557
-8447
-11693
-11866
-9322
-4971
-248
4857
7905
8791
7602
4643
3382
4790
8347
10722
9364
7212
6310
5358
1903
-3051
-6450
-7741
-8084
-7391
-4720
-1378
482
380
-655
-1795
-2930
-3459
-2758
-545
2971
5701
6495
5767
3673
665
-2610
-5195
-4803
-2378
-425
779
709
-136
-1506
-2967
-3268
-2749
-1695
483
2725
4043
3285
985
-478
-1675
-2385
-2059
-589
2184
4597
5284
4072
2006
585
-325
-1496
-2008
-877
1762
3694
4106
4215
4539
4875
3873
2213
1319
1144
2309
3517
4306
3698
-5694
-18126
-23454
-19042
-6793
-236
297
1861
2829
1328
-5523
-9806
-2835
7830
13665
10183
5402
8469
9480
3524
-4932
-9828
-7381
-4488
-4731
-3242
420
2883
1496
-3979
-9792
-12282
-11021
-7124
-2198
2067
5489
7688
8090
6097
3128
2369
4922
9196
10682
8738
7108
6506
4624
56
-4523
-6409
-6490
-6715
-6300
-3466
-120
1181
306
-1529
-2284
-2285
-2616
-1709
855
4355
6601
5934
4159
1999
-528
-2819
-4810
-4333
-1730
390
1475
700
-1699
-3920
-4912
-4391
-2462
-292
2343
4184
3896
1981
-706
-1691
-1831
-1930
-449
1659
3935
5375
4110
1765
-79
-1157
-1585
-2091
-1611
386
2692
4080
3838
3733
4099
3934
3101
1881
1108
1813
3044
4183
5222
4952
3043
-7279
-20300
-24094
-17672
-4757
1344
631
1824
2163
-999
-7626
-10376
-1446
9655
13428
8502
3390
6797
8114
1229
-7379
-10236
-5622
-1609
-1807
-401
3371
4332
403
-6333
-11638
-12334
-9872
-5953
-1019
3262
6842
7878
6035
3512
1223
1686
4689
8506
11379
10724
9004
7379
3707
-1383
-5591
-7020
-6743
-6096
-3925
-77
2537
1488
-931
-2660
-3387
-3099
-2746
-1178
1562
4067
5513
4316
2172
610
-2224
-4795
-5267
-2821
1020
2111
921
-931
-2570
-3622
-3887
-3056
-1128
1606
3496
3575
2100
394
-593
-1367
-2046
-1497
348
2440
3633
3369
2449
1257
84
-633
-1254
-1258
-197
1791
3988
4726
4387
3864
3404
3186
2368
1219
706
1521
3219
4280
4717
4192
2740
-5928
-19696
-24835
-19035
-5751
2639
2079
2751
2731
-581
-6874
-11185
-3531
7378
12068
8743
2798
5718
7528
1155
-6496
-9502
-4859
-589
-1034
-125
3295
4243
533
-5236
-10058
-10928
-8683
-5560
-1000
2687
5339
6379
4752
2791
612
459
3763
8867
13285
12726
9407
6361
2373
-1949
-5222
-5948
-4930
-4118
-2788
-155
1752
772
-1424
-3129
-4166
-3837
-2966
-1218
1429
2979
3323
2112
384
-421
-2156
-4052
-3825
-1362
1506
1936
659
-415
-1545
-2754
-3328
-2440
-490
1266
2189
1969
935
180
-170
-622
-1014
-902
225
1788
2670
2872
2234
1240
833
545
351
294
1055
2779
4398
4786
4228
3635
3208
2831
2161
1676
1579
1614
1859
1949
2160
3070
2465
627
-7334
-18809
-21620
-15839
-4177
3201
2081
1728
102
-3698
-7639
-10004
-2738
6781
10470
8080
2451
3587
4992
406
-4693
-6747
-3531
-270
122
1810
4104
3261
-844
-5417
-8970
-9783
-7927
-4734
-285
2931
4535
4537
2812
1578
518
1112
4754
9582
12897
11197
7513
5130
2406
-629
-3500
-4314
-3326
-2808
-1164
1200
2104
627
-2417
-4386
-4780
-4033
-2794
-1691
-345
1278
2103
1206
-369
-1433
-2276
-2982
-3392
-1722
1106
2364
2631
1376
-717
-3128
-4465
-2772
-335
2207
3909
3942
3377
1136
-941
-1897
-2468
-957
916
2461
3101
2612
2435
1199
29
-143
165
893
1899
3305
4225
4143
3302
2730
2767
2185
1902
1626
1288
1706
1915
2454
2521
2611
1900
-410
-7617
-18222
-20998
-14788
-4073
2363
604
-357
-1135
-4674
-8650
-10723
-3560
6425
10105
7260
1350
2699
5364
1589
-3364
-5866
-2991
915
2082
4316
5742
3306
-1549
-6233
-9221
-9687
-7380
-3550
367
2682
3374
3089
2157
1298
469
932
4506
10163
13950
12226
8226
5520
2507
-736
-3206
-3315
-1723
-1111
33
1888
1999
-244
-3606
-5666
-5630
-4351
-3016
-2089
-1061
260
980
56
-1285
-1683
-1745
-2147
-1948
-50
2281
2899
2012
372
-1178
-1604
-1105
71
825
877
1187
1275
572
-403
-1347
-1944
-1932
-1298
-235
671
1176
1541
1779
1868
2055
1993
1611
1248
1445
2393
3324
3686
3521
3025
2523
1956
1463
1495
1391
1205
863
405
492
792
1153
732
-972
-7303
-16238
-18252
-12264
-2344
3394
1212
-757
-2261
-5413
-8187
-8764
-1882
6678
9622
6456
1617
2858
4623
1531
-2820
-4158
-386
3587
4576
4933
4494
1848
-2083
-5444
-8469
-9237
-6393
-2423
1298
2378
1528
1131
-4
-983
-1132
204
5065
10846
13377
11051
6873
4282
1801
-958
-2222
-1346
385
758
803
1178
-88
-2801
-5482
-6578
-6000
-4690
-3035
-1918
-966
-327
-884
-1812
-2752
-2687
-2067
-1846
156
2613
3322
2863
1466
614
209
-392
387
1554
2263
2632
2316
1905
833
-350
-1630
-2881
-2247
-663
506
1197
1437
1673
1639
874
274
405
618
1229
2335
3038
3670
4158
3539
2328
1440
1466
2263
2249
1561
1178
908
1066
768
257
6
-376
-1397
-8145
-16984
-18118
-10989
-612
2731
-1043
-2769
-3745
-5613
-8142
-7959
-912
6519
8832
4901
866
2965
4946
2565
-1866
-2894
1162
4455
5286
5521
4577
1034
-3253
-6091
-8261
-8187
-5435
-1709
1188
909
-192
-480
-1113
-771
440
2650
6793
11052
12505
9753
5649
3113
1528
167
-296
821
1757
1155
624
565
-489
-3034
-5099
-5511
-5128
-4230
-3633
-3537
-3484
-3611
-3286
-2744
-2264
-1279
-459
-33
979
2577
3296
2648
1782
1585
1979
2049
2099
2598
2690
2112
1120
129
-662
-1240
-1490
-1382
-1068
-725
-387
-241
-138
-9
-223
-334
-94
685
1638
1804
2055
2879
3730
4073
3491
2878
2868
2814
2350
1666
1065
840
569
-163
-608
-822
-572
-309
-1165
-3258
-9341
-15617
-14985
-7904
972
2571
-2109
-4504
-5097
-5894
-7881
-7053
105
7153
8646
4501
1450
3274
4814
3289
-336
-1154
2178
5255
6565
6079
3739
-483
-4698
-6613
-6597
-5330
-3579
-1045
1024
60
-2107
-3205
-2509
-788
221
2101
5872
9597
10913
8470
4583
1835
844
1460
2351
3296
3724
3178
2883
2057
-307
-3580
-5991
-5775
-4361
-4011
-4693
-4822
-4273
-4403
-5170
-5564
-4548
-2420
-595
575
1493
2397
2912
2963
2948
3239
3893
4201
4431
4379
3316
1751
341
11
139
-261
-672
-1045
-1196
-1654
-2566
-2863
-2555
-1968
-1670
-1323
-254
1050
2005
2039
1935
2602
3607
4285
4081
3778
3664
3440
3073
2329
1815
1267
383
-476
-1130
-1323
-1357
-1563
-2103
-3070
-6224
-10884
-12369
-8857
-2056
1640
-805
-4571
-6926
-7175
-6605
-4912
-673
3388
5446
3934
2003
2490
2822
3219
2106
698
1800
3710
6298
7587
5468
1060
-2955
-4111
-3128
-1554
-1004
-785
-142
-741
-1596
-2039
-2297
-1993
-2052
-1389
1112
4145
6371
6188
3772
1183
22
670
2078
3036
3370
3533
3955
4255
3198
531
-2316
-3874
-3863
-3100
-2721
-2788
-3387
-4580
-5351
-5510
-5230
-4543
-3904
-2845
-1460
-363
762
1732
2235
2089
1352
790
1215
2093
2400
2230
2051
2470
2799
2046
910
81
-374
-733
-922
-674
-239
-131
-618
-871
-655
-613
-798
-1086
-792
298
1360
2117
2550
2527
1963
1096
614
740
1302
1705
1871
2283
2350
1669
586
-155
-53
581
929
800
586
-396
-1472
-1964
-2303
-2226
-2809
-3571
-3485
-3006
-2539
-2462
-1976
-1215
-475
-321
-877
-573
-283
-140
374
504
943
969
467
520
1065
1901
2414
2320
1561
767
387
144
355
564
405
173
-410
-799
-671
-704
-900
-1029
-973
-354
481
807
714
414
222
440
497
328
274
384
811
1079
974
546
-22
-367
-706
-1026
-1064
-837
-482
-259
-108
101
119
-221
-614
-468
134
758
1233
1185
785
175
-516
-609
-366
-92
96
28
83
261
155
-285
-733
-1016
-1021
-756
-444
27
156
-298
-716
-860
-586
-243
-113
86
501
992
1152
952
650
588
833
1071
1266
1139
746
393
251
515
922
767
289
-414
-1312
-1692
-1972
-1781
-1617
-2142
-2865
-3577
-3555
-3267
-2942
-2815
-2831
-2095
-1570
-948
-648
-940
-458
-230
220
837
891
1065
1136
1499
2233
2843
2785
2293
1946
1755
1977
1960
1566
1272
987
792
644
378
1
-68
-135
24
645
867
1074
965
442
360
351
641
1138
1257
1381
1556
1606
1451
899
249
-86
-184
-187
-325
-619
-991
-1342
-1517
-1639
-1508
-1444
-1528
-1436
-1330
-960
-651
-599
-575
-787
-901
-847
-659
-295
2
307
688
1064
1126
954
668
461
558
609
654
625
471
413
379
457
557
533
390
311
476
709
1146
1513
1620
1536
1169
1008
1049
1090
1047
800
566
473
631
642
458
-35
-898
-1310
-1624
-1712
-1643
-1863
-1849
-2108
-2437
-2744
-3024
-2955
-2919
-2531
-2266
-1975
-1616
-1542
-942
-455
-126
62
-99
59
406
956
1616
2097
2148
1803
1548
1554
1847
2071
1796
1298
895
707
897
1040
884
699
318
104
172
234
389
290
26
-88
47
318
472
326
-134
-330
-242
-2
137
-183
-556
-837
-861
-742
-800
-1030
-1346
-1497
-1483
-1226
-908
-733
-606
-576
-524
-421
-501
-554
-485
-462
-357
-296
-205
40
228
472
643
594
456
257
169
184
260
401
507
491
289
123
87
118
293
448
514
594
611
684
865
982
1056
966
759
743
844
1056
1181
1047
895
757
717
633
504
374
151
76
-71
-234
-447
-742
-898
-1204
-1497
-1856
-2261
-2457
-2463
-2217
-1996
-1854
-1891
-1987
-1821
-1524
-1162
-953
-807
-452
79
703
1153
1251
1174
1095
1151
1458
1753
1844
1756
1535
1356
1266
1198
1076
881
635
474
490
538
589
502
289
179
211
349
410
342
189
169
344
506
623
414
107
-60
-214
-195
-263
-450
-665
-910
-984
-952
-933
-1006
-1149
-1307
-1442
-1361
-1138
-1056
-1043
-1098
-1119
-961
-780
-522
-324
-328
-263
-137
22
213
286
282
214
191
229
348
539
663
792
867
876
911
840
765
825
905
1050
1176
1124
988
881
807
799
779
622
427
274
248
326
340
296
238
152
124
130
62
-46
-230
-409
-437
-391
-433
-619
-864
-1101
-1237
-1311
-1306
-1249
-1190
-1095
-1025
-997
-1021
-1143
-1238
-1137
-984
-752
-502
-387
-304
-306
-251
-36
127
207
233
295
492
792
1049
1184
1190
1075
1026
1048
1060
1068
986
897
916
934
971
990
903
833
762
688
691
672
626
542
426
344
267
166
-46
-260
-459
-598
-617
-673
-710
-748
-810
-775
-773
-849
-960
-1088
-1072
-949
-779
-671
-643
-639
-647
-586
-528
-521
-535
-569
-523
-312
-114
16
23
-95
-140
-76
90
263
293
233
227
344
502
590
519
330
258
313
493
672
665
554
451
444
545
669
733
728
688
670
684
702
660
575
463
357
344
323
271
182
-3
-133
-171
-229
-297
-347
-341
-283
-213
-198
-266
-365
-495
-576
-599
-601
-596
-646
-702
-726
-780
-859
-948
-1010
-963
-833
-654
-460
-297
-222
-224
-247
-229
-127
-34
40
133
234
300
263
142
28
-22
-31
14
99
198
270
255
183
135
134
166
175
203
286
355
364
344
309
243
184
130
117
134
121
72
7
-18
-2
11
21
27
37
72
128
163
161
115
60
71
127
184
182
107
51
49
54
17
-54
-85
-31
40
77
56
-15
-80
-92
-76
-64
-35
24
116
204
239
227
222
256
332
390
414
415
406
407
392
338
279
259
257
265
246
133
1
-92
-155
-150
-131
-130
-124
-133
-153
-153
-139
-115
-97
-107
-119
-115
-99
-78
-64
-115
-207
-312
-385
-391
-357
-311
-274
-251
-238
-218
-228
-276
-320
-340
-328
-277
-225
-225
-286
-333
-319
-241
-159
-165
-205
-210
-142
-11
104
142
102
-14
-112
-129
-92
-43
-18
-54
-113
-123
-144
-135
-121
-120
-97
-106
-127
-115
-65
-8
39
85
105
114
103
73
89
142
235
328
347
304
254
208
220
298
363
394
403
363
340
338
294
307
310
335
367
295
196
121
112
172
232
231
157
118
158
216
257
212
134
69
21
-1
-1
8
26
106
187
222
202
84
-33
-74
-48
59
127
135
79
-32
-109
-112
-59
-14
-17
-70
-123
-117
-47
12
26
-45
-178
-285
-365
-377
-345
-325
-323
-311
-309
-322
-307
-338
-343
-303
-269
-232
-271
-322
-332
-316
-271
-220
-222
-273
-306
-281
-193
-84
-10
-7
-41
-102
-116
-86
-86
-60
-45
-69
-81
-74
-47
-3
38
13
-28
-61
-68
-4
33
58
81
64
66
62
46
36
23
29
72
159
237
260
223
153
100
87
112
125
101
45
24
60
126
168
165
91
-18
-60
-54
10
58
76
75
52
61
109
145
115
86
67
55
75
69
36
17
-5
-6
1
-31
-51
-31
-31
-30
-9
19
46
38
11
5
-4
-1
26
32
25
16
-14
-49
-69
-88
-92
-101
-124
-128
-80
-33
-23
-42
-75
-98
-114
-105
-61
-1
52
89
78
30
0
19
50
84
112
133
159
167
174
174
133
62
29
32
65
128
174
192
176
136
87
32
6
54
135
184
179
102
17
-56
-112
-129
-113
-88
-62
-37
-55
-76
-80
-104
-165
-226
-245
-210
-121
-46
-15
-30
-119
-237
-336
-378
-331
-227
-122
-37
-2
4
8
-27
-55
-38
7
55
126
213
298
368
365
303
224
167
190
293
415
527
598
598
516
407
327
334
397
437
482
510
502
479
418
347
259
192
194
221
243
248
214
155
68
-38
-149
-251
-279
-265
-263
-300
-343
-387
-432
-475
-539
-556
-548
-536
-508
-492
-467
-430
-431
-443
-463
-457
-437
-450
-438
-407
-372
-343
-342
-382
-407
-388
-355
-289
-211
-166
-128
-94
-68
-30
-9
-8
-11
-9
11
61
128
170
185
186
150
126
107
92
81
86
134
158
181
180
114
53
17
43
122
178
173
111
50
17
34
41
19
12
-15
-85
-158
-177
-113
-9
51
82
100
89
50
5
-4
35
112
162
203
259
279
285
286
278
292
316
325
340
362
375
401
417
417
432
440
451
410
298
173
110
122
179
213
206
210
182
126
4
-111
-148
-152
-118
-94
-114
-140
-136
-135
-169
-231
-288
-305
-273
-295
-362
-373
-324
-243
-226
-281
-316
-350
-423
-482
-457
-374
-353
-421
-433
-386
-262
-189
-113
-255
-887
-1095
-417
561
991
580
-446
-1530
-1777
-746
791
1449
921
-93
-715
-664
-92
700
1103
700
8
-179
74
509
851
695
134
-495
-693
-94
806
1365
1290
646
-180
-870
-841
-70
622
819
465
-155
-455
-313
-3
107
-197
-536
-397
131
558
476
-59
-516
-584
-369
-140
-4
54
145
292
288
142
-90
-156
18
95
-59
-229
-224
-44
146
101
-34
-94
-83
28
197
285
321
383
358
116
-170
-160
155
420
389
262
206
216
239
194
93
16
42
125
63
-152
-219
-85
56
31
-115
-199
-168
-88
-39
-85
-258
-349
-233
-149
-266
-412
-350
-140
-68
-205
-367
-432
-379
-200
-29
11
-32
-38
-5
-26
-75
-14
162
238
154
-3
-132
-200
-163
-33
54
60
12
20
111
180
220
214
145
99
150
295
456
549
642
731
727
617
461
413
445
530
718
924
1000
899
676
481
322
234
196
203
358
446
299
49
-118
-47
145
-450
-2069
-4048
-5151
-4219
-2237
-730
-541
-1609
-2917
-3817
-4254
-3663
-1950
141
1628
1637
1014
969
1792
2720
2820
2127
1654
2373
4045
5591
5988
4974
2964
910
-664
-1224
-717
131
562
-171
-1652
-2696
-2841
-2469
-2387
-3071
-3472
-2727
-994
909
1783
1396
480
-150
-64
838
2138
3419
4243
4235
3510
2653
2129
1905
1447
294
-1009
-1717
-1544
-956
-991
-2056
-3501
-4859
-5796
-6054
-5503
-4497
-3822
-3528
-3241
-2687
-2261
-1937
-1202
-82
1215
2616
3784
4559
4903
4743
4262
3431
2862
2983
3323
3292
2826
2092
1154
61
-1023
-1916
-2607
-2882
-2662
-2253
-2027
-1807
-1471
-1267
-1218
-1158
-804
92
1202
2181
2930
3309
3546
3688
3486
3119
2815
2622
2449
2099
1784
1692
1656
1426
732
-1702
-6178
-10112
-10282
-6232
-2102
-1750
-3922
-5493
-5994
-6659
-7512
-6156
-1846
1999
2537
1014
1075
3948
6746
6360
3634
1606
2087
4611
7301
8639
8039
5675
2371
-718
-3027
-3926
-3215
-2121
-2072
-3525
-5203
-5001
-3286
-2665
-4214
-6324
-6138
-3168
286
2627
3814
4185
3949
3263
2657
2976
4302
5949
6852
6391
5207
4502
4351
3701
1594
-1779
-4492
-4929
-3611
-2309
-2195
-3024
-4015
-5281
-6785
-7505
-6658
-4635
-2776
-1941
-1624
-767
793
2339
2879
2469
1960
2147
3312
4882
6019
6169
5385
3848
1925
226
-551
-414
-97
-370
-1156
-1906
-2354
-2575
-3133
-4096
-4739
-4345
-2985
-1336
-65
808
1274
1281
1026
862
1251
2231
3409
4207
4479
4457
4243
3690
2741
1618
699
123
66
422
684
425
-453
-1599
-2529
-2974
-3002
-2704
-2159
-1370
-519
45
-900
-3721
-6632
-7012
-4278
-1329
-448
-647
-345
-153
-1301
-3170
-3043
-637
1274
870
-655
-344
2178
4228
3729
1511
-349
-619
205
1520
2993
4028
4102
2793
498
-1792
-2877
-2431
-1618
-1835
-2887
-3083
-1326
998
1529
5
-1754
-1941
-893
205
1291
2622
3806
4047
3209
2258
2108
2617
3026
2641
1802
1490
2075
2992
3204
1945
-364
-2425
-3401
-3339
-2955
-2466
-1823
-1569
-2216
-3245
-3509
-2741
-1890
-1875
-2399
-2386
-1192
616
1998
2371
1891
1332
927
835
1152
1690
2370
2597
2086
1265
540
168
-65
-791
-1757
-2491
-2458
-1634
-1042
-988
-1266
-1555
-1662
-1670
-1504
-1021
-338
534
1324
1786
1954
1961
1841
1473
1183
1220
1541
1920
2172
2283
2135
1574
874
331
17
-44
-6
74
251
412
566
673
612
617
587
539
557
644
921
1281
1381
91
-2898
-5878
-6518
-4668
-2894
-2758
-3139
-3063
-3281
-4516
-5840
-5081
-2637
-1060
-1324
-1823
-93
3229
5176
4692
3213
2287
2195
2530
3400
4655
5502
5322
3926
1784
-151
-1056
-1229
-1815
-3363
-4950
-4982
-3138
-1020
-458
-1414
-2266
-2064
-1377
-699
442
2124
3425
3753
3731
4305
5315
5851
5462
4424
3479
3122
3259
3659
3683
2657
590
-1671
-3101
-3660
-3918
-4123
-4177
-4222
-4584
-5040
-4995
-4347
-3661
-3396
-3363
-2969
-1960
-580
788
1828
2477
2734
2943
3150
3393
3128
2216
1595
1018
471
-222
-925
-1050
-1210
-1783
-2315
-2802
-2725
-2230
-2274
-2437
-2303
-1527
-491
81
539
1238
1680
1875
1979
2133
2673
3173
3392
3366
3243
3314
3260
2555
1766
1123
417
-313
-885
-971
-757
-658
-761
-871
-844
-562
-472
-731
-912
-726
-369
-109
181
696
1273
1640
1022
-1361
-4266
-5850
-4895
-3126
-2605
-2632
-2300
-1830
-2416
-3928
-4464
-3069
-1473
-1245
-1964
-1300
1467
4059
4810
4212
3685
3442
3190
3007
3571
4553
4989
4422
2921
1380
436
-217
-1266
-2959
-4802
-5637
-5168
-3922
-2922
-2553
-2214
-1669
-1271
-1101
-418
809
1765
1938
1996
2919
4488
5670
6033
5858
5561
5072
4138
3289
2879
2438
1223
-650
-2153
-2747
-2954
-3379
-4154
-5024
-5716
-6102
-6077
-5593
-4824
-4113
-3600
-3095
-2218
-1047
9
775
1295
1605
1904
2310
3027
3744
3936
3569
2916
2189
1162
288
-433
-900
-1169
-1430
-1223
-1007
-1019
-1240
-1752
-2125
-2045
-1772
-1284
-636
254
1107
1434
1630
1984
2293
2313
2183
2036
2135
2397
2677
2707
2311
1861
1244
303
-409
-614
-521
-369
-566
-776
-839
-677
-262
-133
-147
-81
25
170
363
839
1249
1269
1051
899
283
-1554
-3596
-4662
-4177
-3537
-3833
-4043
-3607
-2981
-3103
-3677
-3334
-1862
-846
-997
-1384
-344
1973
3620
4078
4286
4758
4838
4358
3907
4195
4610
4333
3264
1672
502
-109
-815
-2052
-3583
-4811
-5381
-5346
-4809
-4057
-3289
-2410
-1567
-965
-235
952
2117
2621
2657
3163
4230
5227
5918
6351
6500
6253
5483
4401
3369
2331
985
-775
-2469
-3473
-3908
-4281
-4682
-5127
-5660
-6302
-6767
-6644
-6034
-5228
-4479
-3706
-2730
-1472
-78
1113
2060
2817
3335
3687
3817
3843
4053
4087
3784
3103
2338
1746
1187
656
57
-600
-1219
-1561
-1881
-2213
-2533
-2776
-2865
-2850
-2428
-1690
-945
-169
658
1264
1801
2308
2740
2953
2907
2855
2720
2543
2395
2214
1815
1283
783
230
-335
-683
-751
-861
-1160
-1333
-1264
-1193
-1173
-1202
-1183
-1187
-1125
-921
-563
21
602
979
1091
1213
390
-1548
-3579
-4330
-3556
-3300
-3614
-3539
-2759
-2202
-2532
-2821
-1897
-358
35
-736
-1202
218
2467
3595
3726
4204
5011
5300
4807
4422
4626
4358
3239
1408
-114
-635
-639
-1121
-2306
-3568
-4365
-4626
-4699
-4485
-4122
-3399
-2340
-1332
-431
685
2148
3083
3076
2791
3269
4425
5291
5546
5552
5556
5324
4550
3475
2603
1690
316
-1618
-3343
-4197
-4570
-4978
-5504
-5883
-5928
-5826
-5692
-5236
-4547
-3722
-2950
-2313
-1471
-134
1467
2779
3513
3993
4564
4971
5076
4933
4282
3539
2949
2017
1159
291
-125
-269
-963
-1571
-2052
-2456
-2749
-3233
-3807
-4002
-3818
-3224
-2589
-2009
-1007
-6
671
1335
2000
2559
2977
2941
2854
2697
2517
2543
2183
1678
1375
1148
841
408
-3
-279
-631
-932
-1009
-976
-710
-424
-332
-323
-186
32
65
-43
119
436
698
911
1227
1205
21
-1802
-3346
-3573
-3371
-3689
-4041
-3942
-3220
-2965
-3092
-2620
-1169
-1
-113
-845
-555
1117
2620
3267
3547
4170
4727
4748
4443
4457
4444
3892
2547
650
-605
-1177
-1579
-2442
-3663
-4609
-4940
-4826
-4467
-4077
-3669
-2876
-2055
-1353
-479
979
2561
3433
3619
3928
4773
5643
6157
6161
6021
5759
5234
4440
3636
2898
1847
212
-1766
-3313
-4307
-4977
-5474
-5856
-6112
-6111
-5946
-5473
-4828
-4110
-3306
-2747
-2158
-1238
59
1439
2459
2974
3559
4151
4578
4693
4257
3830
3316
2602
1804
997
395
-79
-844
-1627
-2191
-2644
-2964
-3515
-3913
-3948
-3793
-3420
-2800
-1923
-859
158
978
1698
2324
2950
3311
3324
3232
3204
3123
2977
2723
2376
1950
1351
834
286
-84
-314
-575
-921
-1293
-1481
-1607
-1612
-1607
-1421
-1194
-944
-487
-5
547
956
1156
1200
1343
881
-510
-2135
-3060
-2736
-2696
-3310
-3626
-3084
-2189
-2024
-2361
-1856
-517
140
-345
-1143
-510
1199
2181
2265
2512
3430
4242
4266
3915
3986
4039
3506
2165
658
-144
-517
-1120
-2266
-3392
-3962
-3917
-3715
-3522
-3314
-2921
-2215
-1611
-1049
-197
980
1891
2181
2237
2742
3593
4172
4342
4321
4381
4344
3938
3223
2570
1866
740
-799
-2151
-2884
-3304
-3892
-4657
-5159
-5214
-5006
-4895
-4579
-3912
-3136
-2529
-2147
-1516
-539
458
1157
1685
2273
3087
3791
4203
4344
4264
3985
3366
2629
1867
1209
574
-186
-1011
-1560
-1813
-1989
-2275
-2671
-2848
-2867
-2774
-2595
-2225
-1656
-991
-407
184
989
1834
2476
2681
2707
2718
2678
2492
2160
1813
1474
1086
506
-59
-424
-615
-821
-1108
-1389
-1497
-1413
-1192
-875
-628
-310
23
307
592
918
1349
1709
1756
1582
1373
1222
678
-720
-2287
-3121
-3098
-3260
-3948
-4162
-3494
-2735
-2733
-2897
-2191
-799
14
-181
-328
682
2334
3155
3106
3270
3998
4469
4265
3848
3748
3712
3060
1700
122
-917
-1526
-2446
-3768
-4840
-5171
-4902
-4584
-4354
-3968
-3312
-2388
-1610
-919
172
1639
2792
3287
3635
4374
5404
6011
6074
5943
5861
5686
5124
4348
3571
2628
1125
-847
-2640
-3762
-4433
-5252
-6049
-6449
-6338
-5846
-5347
-4611
-3718
-3029
-2633
-2371
-1868
-861
239
1153
1940
2589
3564
4438
4932
5037
4724
4257
3474
2539
1764
1051
292
-421
-1191
-1815
-2167
-2425
-2721
-3100
-3410
-3497
-3457
-3319
-2737
-1969
-1245
-508
206
1135
2019
2706
3115
3163
3279
3346
3155
2833
2417
2044
1647
1146
757
399
73
-234
-577
-943
-1216
-1261
-1163
-1045
-977
-941
-926
-643
-256
23
228
512
929
974
78
-1471
-2720
-3127
-3079
-3589
-4165
-4023
-3219
-2553
-2505
-2184
-1064
246
403
-249
-300
871
2156
2413
2337
2680
3432
3844
3814
3892
4223
4220
3319
1670
274
-307
-893
-2076
-3514
-4336
-4372
-4038
-3644
-3225
-2608
-1869
-1266
-887
-320
761
1845
2244
2273
2718
3729
4709
5022
4935
4951
5079
4897
4132
3312
2840
2163
670
-1297
-2827
-3548
-4176
-5142
-6015
-6276
-5941
-5558
-5257
-4797
-3978
-3127
-2681
-2439
-1880
-822
249
1041
1746
2640
3669
4467
4909
5055
5003
4681
3969
3013
2093
1248
407
-543
-1431
-1932
-2050
-2036
-2132
-2197
-2181
-2181
-2253
-2345
-2288
-1993
-1466
-887
-247
475
1307
2128
2645
2947
3049
3007
2891
2618
2189
1665
1203
758
169
-440
-826
-930
-960
-1099
-1267
-1340
-1220
-966
-769
-698
-562
-384
-178
90
390
855
1143
1052
850
203
-988
-2106
-2840
-2886
-3061
-3637
-3769
-3427
-2774
-2446
-2271
-1505
-234
603
654
687
1325
2383
2810
2749
2940
3367
3725
3713
3569
3758
3938
3547
2574
1264
278
-557
-1641
-2851
-3862
-4315
-4393
-4203
-3907
-3414
-2655
-1903
-1259
-711
65
983
1583
1812
2082
2745
3515
3925
4024
4158
4329
4295
3899
3274
2806
2182
977
-536
-1923
-2829
-3561
-4361
-4977
-5218
-5111
-4891
-4671
-4280
-3553
-2798
-2240
-1832
-1167
-189
586
1193
1881
2704
3559
4203
4624
4923
4914
4581
3886
2955
2075
1156
187
-740
-1477
-1931
-2180
-2355
-2452
-2555
-2697
-2749
-2756
-2728
-2550
-2177
-1704
-1184
-642
5
775
1501
2067
2451
2724
2926
2929
2693
2346
1973
1514
842
189
-253
-402
-452
-628
-748
-745
-636
-585
-574
-450
-172
-44
-187
-260
-30
397
615
335
-580
-1627
-2327
-2453
-2533
-2911
-3029
-2839
-2455
-2281
-2007
-1064
299
1210
1162
901
1176
1968
2370
2179
2008
2148
2348
2322
2285
2468
2706
2432
1591
478
-339
-841
-1588
-2660
-3695
-4184
-4168
-3838
-3313
-2511
-1543
-576
266
954
1808
2618
2969
2808
2516
2490
2712
2858
2812
2689
2630
2687
2620
2400
2149
1855
1247
169
-1056
-2004
-2612
-3119
-3643
-4082
-4082
-3654
-3169
-2764
-2285
-1658
-1093
-784
-599
-200
277
573
652
800
1187
1586
1810
1835
1796
1695
1440
905
284
-231
-630
-982
-1343
-1479
-1331
-1057
-800
-572
-405
-213
-58
-48
-140
-263
-235
-176
-84
161
534
944
1240
1468
1654
1735
1654
1422
1074
726
420
142
-37
-174
-309
-373
-292
-22
259
344
360
369
380
441
491
535
547
549
552
569
729
774
583
-154
-1639
-2973
-3701
-3719
-3752
-4210
-4250
-3799
-3176
-2758
-2153
-783
790
1592
1549
1632
2340
3224
3372
2886
2657
2760
2727
2398
2168
2303
2323
1686
542
-540
-1209
-1737
-2610
-3653
-4289
-4278
-3928
-3524
-2863
-1897
-738
294
1121
1977
2860
3542
3640
3281
2980
2896
2733
2364
2013
1904
1967
1990
1886
1673
1426
972
53
-1122
-2117
-2785
-3346
-3881
-4146
-4003
-3526
-3089
-2709
-2186
-1400
-587
-189
-24
273
695
879
865
885
1155
1533
1711
1726
1632
1625
1501
1015
367
-188
-656
-1160
-1635
-1878
-1838
-1627
-1353
-1026
-616
-217
61
129
181
343
404
345
292
401
618
814
1051
1296
1465
1533
1465
1264
1001
686
364
-11
-423
-703
-859
-833
-653
-436
-233
-22
263
399
396
421
500
585
535
455
440
483
399
241
-436
-1579
-2407
-2953
-2994
-3189
-3495
-3254
-2922
-2435
-2040
-1448
-248
1012
1678
1718
1859
2366
2817
2659
2161
1880
1760
1618
1384
1272
1416
1519
1157
333
-496
-939
-1332
-2047
-2796
-3215
-3131
-2866
-2465
-1860
-988
194
1154
1815
2417
3022
3390
3135
2580
2187
1908
1598
1171
837
825
1044
1197
1198
1178
1202
1059
398
-473
-1154
-1653
-2093
-2589
-2977
-2907
-2527
-2096
-1713
-1298
-691
-212
-83
-178
-284
-369
-364
-390
-408
-120
356
810
1095
1324
1570
1628
1404
1035
589
110
-355
-794
-1080
-1090
-844
-482
-122
180
526
754
762
626
405
229
53
-131
-288
-307
-153
54
200
303
438
544
582
553
471
306
104
-204
-542
-720
-725
-526
-344
-203
-33
79
275
493
604
617
524
416
287
140
-21
-105
-551
-1604
-2562
-3134
-3092
-3100
-3323
-3133
-2728
-2124
-1686
-1118
-34
1137
1846
1834
1777
2133
2616
2641
2180
1813
1712
1660
1429
1214
1235
1370
1134
383
-256
-576
-760
-1174
-1826
-2189
-2183
-1925
-1562
-1085
-365
514
1228
1678
2102
2491
2689
2448
1851
1330
925
533
179
-111
-160
70
279
387
555
817
953
688
129
-365
-781
-1244
-1695
-2112
-2201
-1970
-1821
-1656
-1373
-912
-413
-228
-166
-136
-222
-368
-535
-569
-316
78
406
691
972
1322
1532
1472
1338
1024
525
-9
-492
-787
-959
-1026
-942
-724
-347
111
511
785
910
897
761
550
360
237
173
101
49
22
124
263
387
440
314
284
174
48
-90
-305
-378
-550
-596
-492
-348
-43
53
122
169
156
278
228
221
236
145
54
-125
-343
-410
-725
-1299
-1675
-1949
-1856
-1897
-1942
-1609
-1331
-880
-514
-104
533
1010
1325
1376
1365
1426
1356
1157
857
653
564
472
316
222
233
232
144
-79
-161
-162
-259
-427
-700
-788
-710
-648
-520
-311
69
554
942
1197
1394
1505
1482
1283
999
760
579
419
220
138
227
497
745
894
1056
1177
1185
963
577
191
-203
-664
-1091
-1371
-1456
-1405
-1363
-1303
-1100
-822
-543
-436
-425
-400
-464
-527
-595
-595
-462
-291
-125
46
239
385
444
374
197
8
-226
-482
-705
-860
-890
-760
-496
-150
209
530
760
841
856
820
719
515
245
-9
-227
-285
-195
-60
69
180
297
369
421
450
415
327
144
-69
-261
-370
-361
-343
-304
-255
-174
-58
14
67
-155
-561
-931
-1136
-1088
-996
-836
-751
-657
-515
-352
-48
266
557
615
495
432
366
265
88
-146
-329
-426
-371
-243
-82
122
265
276
210
125
36
-6
-104
-225
-283
-211
-61
75
219
366
536
709
851
866
728
521
291
94
-100
-232
-294
-323
-269
-101
158
330
441
453
375
303
209
203
257
341
469
579
718
791
719
554
345
133
-53
-239
-448
-636
-843
-949
-963
-895
-732
-530
-357
-276
-235
-208
-219
-310
-444
-562
-568
-499
-375
-229
-64
134
253
285
234
152
80
-36
-176
-247
-248
-198
-132
-54
70
235
380
462
484
439
324
141
-14
-93
-133
-84
77
310
584
812
1002
1139
1185
1127
923
646
393
147
-81
-237
-350
-383
-388
-414
-413
-406
-335
-287
-268
-239
-270
-302
-364
-414
-420
-394
-271
-141
-70
17
99
176
215
194
154
66
-56
-179
-254
-262
-217
-178
-135
-122
-184
-252
-312
-355
-392
-419
-339
-261
-156
-13
79
224
338
453
517
508
486
394
290
149
-16
-146
-208
-181
-80
60
191
303
374
387
369
315
265
209
142
140
178
268
362
434
520
552
562
573
534
437
288
106
-112
-344
-521
-633
-669
-636
-572
-514
-449
-380
-313
-271
-271
-246
-211
-179
-128
-82
-43
7
36
70
101
122
121
79
31
-63
-197
-337
-465
-547
-582
-572
-523
-444
-310
-182
-111
-88
-91
-107
-121
-131
-93
-40
64
207
308
425
505
581
591
459
281
60
-131
-306
-488
-605
-640
-601
-522
-409
-296
-169
-43
14
50
51
34
35
6
21
73
172
320
409
488
584
604
575
516
406
293
152
33
-74
-135
-148
-191
-224
-250
-214
-158
-162
-132
-35
40
115
156
141
203
287
301
280
279
279
263
198
66
-19
-99
-184
-257
-371
-417
-336
-330
-327
-258
-236
-122
-10
23
95
155
156
157
121
75
85
107
154
238
335
401
399
385
340
273
215
88
-34
-144
-249
-301
-302
-243
-174
-102
-60
-48
-7
36
83
60
-7
-70
-153
-168
-126
-69
22
135
235
282
264
196
85
-52
-191
-318
-399
-447
-462
-446
-423
-347
-208
-58
69
155
187
188
211
213
188
197
171
97
41
3
3
14
-7
-54
-95
-134
-173
-213
-250
-246
-298
-332
-340
-364
-299
-231
-155
-87
-17
52
68
117
178
238
336
373
388
377
319
332
259
213
247
213
223
247
208
170
150
51
-23
-89
-182
-194
-178
-166
-163
-106
-49
-37
52
120
164
240
218
176
161
146
148
87
56
8
-22
-23
-42
16
19
29
77
98
145
167
142
107
19
-96
-117
-127
-138
-116
-69
28
84
119
152
145
158
183
181
130
85
21
-61
-109
-173
-229
-258
-304
-357
-352
-322
-287
-237
-203
-168
-113
-51
12
37
58
115
146
162
183
215
234
217
187
133
83
-13
-127
-219
-292
-292
-307
-321
-312
-291
-224
-138
-56
-32
-14
40
70
91
137
179
212
228
193
173
191
176
139
121
121
91
57
12
-63
-92
-106
-151
-211
-256
-241
-222
-259
-321
-328
-234
-134
-86
23
157
233
264
253
221
231
218
136
130
165
178
201
206
171
144
129
59
9
-15
-20
-23
-31
-29
-36
10
28
-3
-22
-21
-24
-52
-76
-110
-110
-96
-106
-71
-20
-9
-6
-17
-9
43
67
39
29
39
67
98
96
87
78
61
45
22
20
69
56
3
-22
-44
-51
-58
-90
-93
-71
-56
-56
-85
-129
-191
-239
-273
-323
-335
-297
-232
-166
-134
-84
-72
-89
-106
-135
-89
-10
48
98
134
195
221
218
215
142
68
10
-66
-122
-186
-246
-282
-295
-284
-230
-133
-26
41
65
80
127
184
159
158
174
178
212
215
230
261
283
288
272
256
239
199
145
101
35
-33
-98
-177
-224
-243
-219
-179
-152
-119
-132
-156
-148
-138
-125
-112
-128
-134
-80
3
95
177
208
215
193
163
135
136
160
147
83
11
-1
5
27
79
118
115
73
39
14
5
14
3
-20
-47
-60
-58
-50
-46
-85
-124
-162
-178
-173
-168
-136
-132
-122
-79
-35
24
86
128
126
113
115
96
80
53
5
-20
-38
-49
-20
7
4
30
69
75
94
122
127
136
109
97
137
153
165
153
136
132
71
45
46
4
-13
-28
-52
-56
-57
-68
-75
-121
-166
-189
-238
-269
-267
-252
-222
-206
-194
-182
-190
-205
-240
-237
-235
-239
-175
-128
-99
-69
-53
-16
13
51
77
112
152
145
143
183
227
253
270
276
292
266
243
227
204
211
200
196
214
194
180
160
105
81
59
55
56
56
68
44
16
-25
-62
-83
-106
-128
-168
-193
-206
-201
-214
-241
-194
-155
-147
-124
-92
-79
-115
-117
-99
-93
-77
-104
-100
-46
-98
-125
-97
-99
-96
-102
-79
-62
-40
-26
-36
-23
1
-10
6
59
46
59
81
78
115
141
142
137
137
131
133
130
116
145
169
190
173
143
123
97
60
18
16
8
-15
-44
-47
-25
1
22
49
117
139
115
118
99
60
-11
-99
-154
-179
-195
-218
-215
-166
-141
-109
-68
-45
4
32
41
25
-2
-10
-55
-96
-103
-135
-132
-133
-105
-37
3
26
40
45
25
1
-29
-67
-101
-107
-121
-152
-122
-41
6
26
50
84
118
119
113
152
179
138
102
98
97
73
58
70
84
77
69
85
104
131
122
111
127
107
101
94
62
21
-20
-31
-33
-29
-26
-38
-57
-71
-98
-120
-132
-144
-152
-178
-189
-182
-167
-144
-127
-107
-98
-76
-29
-19
-22
-31
-44
-39
-36
-36
-22
3
-1
26
80
126
171
171
152
126
87
59
42
37
34
16
-14
-44
-43
-18
-14
-13
-6
5
15
0
-22
-48
-50
-49
-58
-60
-59
-29
-23
-16
12
28
50
65
68
79
73
72
82
79
52
18
19
50
79
79
81
91
73
41
23
33
36
16
-7
-31
-47
-52
-49
-46
-65
-83
-83
-84
-96
-97
-78
-64
-67
-56
-73
-88
-81
-75
-45
-29
-24
-26
-50
-71
-91
-77
-59
-66
-46
-50
-39
-22
-5
26
21
44
55
62
84
78
78
78
47
29
22
30
38
72
122
132
166
188
200
209
208
205
201
206
168
115
83
55
58
54
45
70
95
95
66
54
48
23
-8
-52
-100
-116
-123
-135
-150
-157
-150
-150
-132
-120
-116
-91
-86
-106
-110
-120
-142
-139
-139
-141
-130
-119
-116
-114
-84
-76
-63
-27
-30
-25
-36
-62
-54
-33
-28
-42
-31
-21
-23
-18
9
40
52
54
44
62
74
52
28
21
16
2
12
35
48
58
87
102
100
106
90
79
62
21
-5
11
22
0
-5
9
27
36
45
61
72
61
34
5
-17
-19
-48
-85
-92
-94
-93
-69
-57
-42
-7
-11
19
67
100
136
124
97
43
3
-40
-78
-91
-98
-71
-55
-37
-2
50
111
157
167
151
133
84
26
-35
-99
-137
-152
-161
-168
-130
-75
3
84
135
159
131
98
33
-26
-71
-109
-118
-133
-141
-135
-103
-41
10
44
76
92
112
110
102
93
71
49
13
-19
-39
-45
-20
6
42
66
87
120
129
140
118
70
40
7
-39
-92
-118
-125
-131
-108
-91
-72
-35
-15
-20
-23
-43
-73
-62
-79
-113
-128
-143
-142
-101
-51
-21
40
81
73
75
47
-4
-33
-57
-88
-119
-137
-112
-74
-50
-38
-22
22
52
72
87
68
56
37
14
-13
-34
-21
-10
30
68
91
139
188
224
232
238
236
212
187
141
100
88
85
78
71
86
97
118
138
125
125
126
69
38
6
-56
-77
-85
-111
-138
-145
-158
-169
-165
-162
-170
-160
-156
-162
-137
-126
-133
-121
-121
-120
-101
-111
-100
-61
-49
-52
-39
-39
-34
-6
-26
-40
-28
-26
-16
-2
-9
-7
28
22
18
38
42
57
72
67
64
82
92
86
69
52
49
49
45
31
49
73
73
52
35
30
38
53
35
38
56
37
31
35
39
45
46
46
44
45
39
32
11
-10
-11
-27
-26
-17
-23
-13
-26
-45
-34
-49
-44
-32
-51
-61
-64
-80
-71
-66
-82
-65
-56
-58
-43
-38
-28
-13
-32
-49
-37
-39
-40
-32
-16
-6
-6
-17
-27
-23
-25
-27
-27
-29
-25
-25
-34
-31
-19
-16
-13
-1
10
24
42
49
50
48
60
75
90
97
112
129
123
117
100
86
92
69
54
36
0
-8
-26
-38
-36
-33
-14
-4
-6
-14
-27
-38
-67
-90
-95
-89
-77
-63
-37
-13
5
7
-9
-33
-53
-53
-54
-53
-49
-56
-57
-66
-69
-68
-64
-50
-42
-38
-23
-17
-6
-5
-10
-5
-9
5
24
51
86
110
126
132
134
138
136
119
102
87
79
83
86
85
80
75
63
41
24
-4
-32
-54
-68
-70
-62
-43
-7
5
10
23
15
14
1
-11
-17
-30
-51
-71
-80
-86
-83
-72
-78
-61
-61
-67
-49
-66
-72
-92
-109
-116
-135
-131
-116
-84
-47
-10
43
77
103
125
135
139
129
101
68
52
45
49
74
97
124
140
133
131
118
106
84
38
-10
-60
-90
-111
-122
-104
-89
-73
-49
-25
-3
17
33
31
29
18
4
-8
-15
-19
-29
-38
-25
-3
17
32
46
64
53
26
-6
-32
-57
-84
-99
-107
-110
-106
-109
-111
-96
-68
-44
-30
-27
-25
-10
-5
6
28
50
72
85
89
90
98
90
83
88
76
71
80
72
69
68
50
27
5
-20
-43
-53
-64
-63
-54
-59
-48
-29
-27
-24
-15
-10
0
10
23
39
52
45
30
23
2
-22
-34
-47
-55
-59
-68
-72
-61
-48
-36
-19
0
21
33
36
30
26
18
-5
-30
-56
-65
-53
-40
-13
16
44
58
50
43
35
34
27
19
21
14
5
2
8
19
22
13
6
9
7
5
11
17
20
14
7
4
6
3
-2
-11
-18
-24
-27
-20
-18
-9
-2
4
9
10
10
3
-7
-23
-35
-39
-55
-75
-86
-97
-103
-110
-106
-96
-73
-50
-25
10
41
67
83
86
74
63
51
35
24
11
3
4
4
14
36
50
60
69
70
62
53
48
41
33
25
10
12
17
21
33
43
61
72
75
72
67
60
46
37
23
8
-6
-27
-44
-52
-47
-47
-46
-40
-39
-38
-38
-48
-60
-73
-90
-92
-93
-90
-76
-61
-53
-48
-47
-42
-29
-17
-7
2
12
15
18
26
29
31
26
17
14
11
14
17
17
16
13
15
9
4
-6
-15
-17
-23
-22
-12
2
9
15
19
29
43
51
55
61
62
59
50
37
27
14
-4
-12
-9
0
9
12
4
5
16
16
6
-10
-24
-37
-50
-60
-66
-58
-43
-36
-20
-3
19
33
31
29
26
20
13
7
-3
-19
-36
-45
-52
-59
-56
-46
-37
-28
-21
-15
-15
-19
-21
-34
-45
-47
-48
-44
-32
-15
2
24
43
58
74
78
78
76
73
68
61
55
47
44
47
47
43
42
43
50
50
40
24
12
0
-17
-37
-50
-50
-41
-25
-7
7
21
30
29
20
19
16
10
1
-5
-2
-16
-23
-28
-34
-33
-31
-35
-41
-43
-47
-52
-59
-69
-73
-63
-51
-44
-31
-15
-3
6
5
3
7
7
2
5
9
15
23
20
19
19
18
13
9
8
3
-4
-9
-12
-15
-18
-11
4
16
22
27
35
39
38
32
30
27
18
12
10
6
9
11
13
14
11
11
11
6
-3
-13
-22
-30
-42
-45
-42
-43
-42
-38
-25
-11
5
25
46
55
48
46
44
36
26
16
6
2
-4
-10
-17
-25
-33
-36
-30
-25
-24
-21
-19
-22
-22
-22
-16
-6
3
11
20
26
34
34
33
24
16
14
11
20
22
18
17
14
12
-1
-17
-27
-30
-33
-38
-38
-39
-38
-30
-22
-12
-2
6
11
10
12
15
24
29
25
28
28
24
21
18
21
17
9
-1
-8
-9
-9
-10
-18
-24
-24
-25
-22
-12
-7
-1
7
11
13
13
14
11
6
1
-5
-6
-7
-10
-18
-23
-24
-20
-18
-20
-22
-22
-22
-13
-2
2
5
2
0
0
-2
-4
-7
-12
-14
-16
-13
-5
1
10
18
23
29
33
39
40
37
37
33
31
30
25
22
19
9
6
5
-1
-7
-4
-2
2
3
0
1
0
4
5
8
9
9
9
7
0
-2
-3
-4
-6
-13
-13
-12
-11
-6
-6
-6
-7
-7
-7
-5
-3
3
11
10
0
-7
-9
-9
-3
-1
2
0
-11
-19
-25
-29
-33
-35
-31
-33
-37
-34
-28
-17
-7
-5
-4
-2
0
4
11
17
26
30
34
28
16
7
5
-1
-1
-1
0
5
3
3
9
17
22
23
28
32
32
32
33
38
44
43
38
28
19
14
11
7
0
-6
-11
-13
-17
-18
-15
-15
-22
-32
-39
-46
-51
-57
-58
-51
-45
-42
-43
-40
-39
-39
-35
-23
-12
-3
-5
-10
-11
-10
-6
1
7
10
12
15
22
33
40
44
42
38
37
31
33
37
35
29
21
14
10
12
22
29
30
30
29
31
34
38
40
40
34
23
16
13
9
-1
-6
-14
-25
-31
-36
-36
-30
-31
-36
-39
-39
-35
-27
-25
-28
-34
-37
-40
-39
-35
-29
-22
-19
-16
-10
-4
4
6
5
6
2
-5
-8
-6
-4
-7
-12
-12
-12
-8
-6
-5
-6
-8
-7
-2
-1
1
0
-2
-2
-7
-8
-11
-14
-17
-18
-16
-10
-6
2
14
18
21
24
23
19
15
14
16
12
11
10
11
7
-4
-11
-7
-2
-2
1
7
10
9
9
12
14
15
15
21
28
30
25
21
17
15
18
18
19
22
23
24
16
7
0
-3
-7
-13
-17
-13
-9
-7
-6
-6
-10
-13
-18
-16
-10
-4
-2
-1
2
3
-2
-2
-2
-5
-4
-7
-8
-2
-2
-1
0
-4
0
0
2
9
10
12
12
11
16
19
16
11
7
4
1
-2
-1
-3
-5
-5
-7
-8
-3
-2
-2
-3
-8
-12
-11
-10
-9
-5
-4
-8
-17
-24
-28
-31
-32
-34
-33
-33
-34
-34
-33
-27
-20
-17
-15
-14
-9
-5
-4
-5
-7
-9
-7
-6
-3
4
12
12
9
12
10
16
22
26
27
20
13
5
2
5
3
10
18
22
22
21
21
18
17
19
20
28
33
33
30
28
27
21
18
20
22
24
25
25
19
11
4
-2
-6
-14
-23
-23
-25
-25
-26
-31
-34
-31
-30
-28
-21
-13
-3
1
-1
3
8
13
15
11
12
10
5
4
7
9
7
3
3
1
1
0
-2
0
-2
-4
-6
-11
-16
-16
-16
-15
-9
-4
0
3
5
10
11
9
6
1
0
-1
0
3
2
-1
-6
-9
-7
-6
-5
0
5
8
4
-1
-2
-3
-6
-10
-12
-16
-19
-20
-19
-13
-13
-16
-17
-22
-24
-17
-5
3
10
13
16
18
18
16
11
8
7
4
6
10
11
11
7
3
2
4
5
7
9
9
6
2
0
3
4
1
0
-2
-3
-1
-5
-5
-5
-4
-1
2
4
4
3
2
0
0
5
9
11
13
14
14
10
8
5
0
-5
-4
-1
-2
-2
-3
-7
-11
-10
-6
-1
7
10
9
12
12
13
11
9
9
3
-1
0
1
1
2
4
8
13
13
14
15
13
7
3
2
0
-3
-5
-10
-13
-15
-17
-19
-22
-27
-26
-26
-24
-19
-15
-10
-13
-16
-18
-19
-22
-22
-16
-9
-4
0
-6
-11
-18
-21
-17
-11
-5
1
2
-1
-8
-13
-16
-15
-12
-10
-3
5
12
17
17
12
-2
-16
-25
-26
-21
-15
-5
7
12
16
17
14
12
16
17
21
30
37
43
40
34
27
25
27
25
27
29
27
22
16
15
13
9
-4
-17
-22
-24
-25
-21
-19
-18
-20
-26
-27
-21
-15
-9
-5
0
7
14
15
13
12
12
12
10
6
2
-3
-5
0
5
12
13
12
7
3
-4
-9
-10
-16
-23
-27
-28
-24
-17
-12
-5
0
4
8
15
18
20
22
19
13
3
-3
-6
-6
-2
2
9
15
19
22
19
14
8
0
-8
-18
-24
-27
-28
-26
-20
-15
-14
-17
-16
-13
-11
-5
0
5
9
10
10
12
15
9
7
8
10
12
16
19
17
13
6
-3
-10
-16
-18
-14
-10
-7
-3
1
-2
-6
-6
-8
-6
-5
-7
-7
-6
-6
-3
-2
2
3
4
4
2
0
-1
-1
-1
0
3
4
4
2
1
2
5
13
18
23
24
22
17
11
9
9
6
2
-4
-6
-5
-3
5
11
14
21
24
26
27
27
22
18
12
6
6
6
8
7
3
1
0
0
2
1
0
-5
-10
-14
-15
-16
-19
-21
-23
-26
-27
-30
-33
-33
-30
-25
-20
-16
-13
-12
-8
-6
-8
-12
-16
-19
-19
