SAMPLES:	13160
BITSPERSAMPLE:	16
CHANNELS:	1
SAMPLERATE:	16000
NORMALIZED:	FALSE
0
0
0
-1
0
-1
0
0
0
1
0
1
0
0
0
1
0
1
1
0
0
1
0
0
0
1
0
0
1
0
0
0
1
-1
0
-1
0
-1
-1
-1
0
0
0
-1
0
0
0
0
0
0
0
-1
-1
-1
-1
-1
-1
-1
0
0
0
0
0
-1
-1
0
0
0
0
-1
0
-1
-1
-1
-1
-1
-1
-1
1
0
-1
0
0
0
0
0
1
1
0
0
1
1
0
1
1
1
1
1
0
1
1
0
1
0
0
0
0
0
-1
-1
0
0
0
1
0
0
1
0
0
1
0
0
0
0
1
1
0
0
0
0
0
0
1
0
0
0
0
1
0
0
0
1
1
0
0
0
0
0
-1
1
0
0
0
0
0
1
0
0
0
-1
0
1
-1
-1
0
0
0
-1
0
0
0
0
0
-1
0
0
0
0
0
0
0
0
-1
-1
0
0
0
0
-1
0
-1
0
0
0
0
1
1
0
0
0
0
0
0
0
1
0
0
0
0
0
1
0
0
1
0
1
0
1
0
0
0
0
1
0
1
0
0
-1
0
0
0
0
0
0
0
-1
0
0
0
0
-1
0
0
-1
-1
-1
-1
-1
0
-1
-1
0
-1
0
0
0
0
0
1
-1
0
0
0
0
0
0
0
1
0
0
0
0
0
-1
0
0
0
0
0
1
0
0
0
0
-1
0
0
0
0
0
0
0
1
0
1
0
-1
0
0
0
0
0
1
-1
0
1
1
0
0
1
0
1
0
0
0
0
0
0
0
0
0
0
1
1
0
0
0
-1
0
0
0
0
-1
0
0
1
0
0
-1
0
0
0
0
-1
0
0
-1
0
-1
0
0
0
0
-1
0
0
0
0
1
-1
0
0
1
0
0
0
0
1
1
0
0
0
0
1
0
0
0
1
1
1
1
1
1
0
0
0
0
1
0
0
0
0
0
0
0
0
-1
0
1
0
0
0
0
0
0
0
-1
-1
0
0
0
0
0
0
0
0
-1
0
0
0
0
0
-1
0
0
0
0
0
-1
0
0
0
0
-1
0
1
0
0
0
-1
0
0
0
-1
0
1
0
0
0
0
-1
0
-1
-1
0
0
0
0
0
0
-1
0
0
0
0
0
0
0
1
0
1
-1
0
0
0
0
0
0
0
0
0
0
0
0
1
0
0
1
0
1
1
1
0
1
1
0
1
1
0
1
-1
1
0
1
1
0
1
0
0
0
0
0
0
-1
0
0
0
0
0
1
0
0
-1
-1
0
0
-1
0
0
0
0
-1
-1
0
0
-1
0
0
-1
0
-1
-1
0
0
-1
0
0
0
1
1
0
1
1
1
0
0
0
1
1
0
0
0
0
0
0
0
-1
0
0
0
0
-1
0
0
0
-1
0
-1
-1
-1
0
0
0
0
-1
0
-1
0
0
0
0
0
0
0
0
0
0
0
-1
-1
0
0
-1
0
0
0
0
1
0
0
0
0
0
0
0
0
0
0
-1
0
0
0
0
0
0
0
0
0
0
0
0
0
1
0
0
0
0
0
1
0
1
0
0
0
1
1
0
0
0
-1
1
1
0
0
0
0
0
0
0
1
0
0
0
0
0
-1
-1
-1
0
-1
0
-1
0
-1
0
0
0
0
1
0
0
-1
-1
0
0
0
0
-1
0
0
0
-1
0
0
0
0
0
1
0
1
-1
0
0
0
-1
-1
0
-1
0
0
-1
0
0
0
0
0
0
0
0
0
0
0
-1
0
0
1
0
0
0
0
0
0
0
1
0
0
0
-1
0
0
0
0
0
0
0
1
-1
0
1
1
0
0
0
1
0
0
1
1
0
-1
0
0
-1
0
-1
0
0
0
0
1
0
0
0
-1
0
-1
0
0
-1
0
-1
-1
0
0
1
-1
0
0
0
0
0
-1
0
0
0
0
0
0
0
-1
-1
0
0
1
0
1
0
0
0
0
0
0
1
0
0
0
1
1
0
0
0
0
0
0
0
0
0
1
1
0
0
0
0
0
0
0
-1
0
-1
0
0
0
-1
-1
-1
0
0
0
-1
0
-1
0
0
0
0
-1
-1
0
0
-1
1
0
1
0
1
0
0
0
0
1
0
-1
0
-1
0
0
-1
0
-1
1
-1
-1
0
0
0
0
-1
0
0
0
1
1
1
0
0
0
0
-1
0
0
0
0
0
0
0
0
0
0
0
0
0
0
1
1
0
0
1
0
0
-1
-1
0
0
0
1
-1
0
0
0
0
1
0
0
1
1
0
0
0
0
0
0
0
0
0
0
0
0
-1
0
0
1
0
0
0
0
0
-1
0
0
-1
0
0
-1
2
0
0
0
0
0
0
0
0
0
0
0
0
0
0
0
0
0
0
0
0
0
0
-1
0
0
0
-1
-1
0
-1
-1
-1
0
0
0
0
0
1
-1
0
-1
0
0
0
0
0
0
0
0
1
0
0
0
1
-1
1
0
0
1
0
0
0
0
0
1
1
0
0
0
0
0
-1
1
-1
1
0
0
0
0
1
0
0
1
0
0
0
1
0
0
1
0
0
0
-1
-1
0
0
0
-1
-1
0
0
0
-1
0
0
0
-1
0
0
1
0
-1
0
0
0
0
0
1
0
0
0
0
1
1
0
1
0
0
0
1
1
-1
0
0
0
0
-1
0
0
0
0
0
0
0
0
0
-1
0
-1
1
0
0
1
0
0
0
0
0
-1
0
0
-1
0
0
0
0
0
0
-1
-1
-1
0
-1
0
1
1
1
0
0
0
-1
-1
0
-1
-1
-1
-1
0
1
0
1
0
0
0
0
0
1
0
0
0
0
0
0
0
0
0
0
0
-1
1
0
0
0
-1
0
0
0
0
0
1
-1
1
0
0
0
0
-1
-1
-2
-1
-1
-1
0
1
1
1
1
1
0
1
0
0
-1
1
1
-1
-1
0
0
0
0
0
0
-1
0
0
0
0
1
0
-1
0
-1
-2
-1
-1
-1
-1
-1
0
1
1
0
0
0
0
0
0
0
1
1
0
0
0
-1
-1
0
0
1
0
1
0
1
1
0
0
-1
-1
-2
-2
-1
0
0
0
0
2
1
1
1
1
0
1
0
1
1
1
1
1
1
0
-1
0
0
0
-1
-1
0
0
0
0
1
0
0
0
0
0
1
0
0
0
0
0
0
0
0
0
0
0
1
1
1
0
0
0
0
0
-1
-1
0
-1
-1
-1
-1
0
0
0
0
0
-1
0
0
0
0
0
0
0
0
-1
0
0
0
0
1
1
1
0
0
0
-1
1
1
0
0
0
0
1
0
0
0
0
0
0
0
0
1
0
1
1
1
0
0
1
0
0
0
1
0
0
1
1
1
0
0
0
0
-1
0
0
-1
-1
0
0
0
-1
0
0
0
0
-1
0
-1
0
-1
-1
-1
-1
0
-1
1
-1
0
0
0
0
1
0
0
0
1
0
0
0
0
0
0
0
0
0
0
0
1
0
1
1
1
0
0
0
0
-1
0
-1
0
0
0
0
1
0
0
0
0
0
0
0
-1
0
-1
-1
-1
0
0
0
0
0
0
0
1
1
0
1
0
0
0
-1
-2
-1
0
0
0
0
-1
0
0
1
1
0
1
1
0
0
1
0
0
0
0
0
-1
0
1
0
0
-1
0
1
1
1
0
0
0
0
-1
0
-1
-1
-1
-1
-1
-1
0
0
0
0
0
0
0
0
0
0
0
-1
0
0
-1
-1
-1
0
0
0
0
1
0
2
0
1
1
1
1
0
0
-1
-1
-1
-1
-1
-1
0
0
1
1
1
1
1
0
0
0
-1
0
-1
0
0
0
0
-1
0
-1
0
0
1
0
1
0
0
0
0
0
0
0
0
0
0
0
0
0
0
0
-1
0
0
0
0
0
0
-1
-1
0
-1
-1
-1
0
0
0
0
1
0
1
1
1
1
2
1
1
0
0
-1
-1
-1
-2
-1
0
0
0
0
1
0
0
0
1
1
0
2
0
-1
-2
-2
-2
-3
-3
-2
-1
0
1
1
2
1
1
2
1
2
0
3
-1
2
-1
1
2
0
3
-3
2
-2
-1
-1
-3
-1
-2
1
0
1
-1
0
-2
-2
-3
-4
-2
-6
-2
-3
-1
-1
-1
3
1
4
1
2
1
1
0
-1
0
-1
0
1
-1
-1
-2
-1
-1
0
1
2
4
2
2
1
2
2
3
4
4
3
3
-1
-1
-2
-2
-3
-3
0
-1
1
0
2
0
0
2
0
1
2
4
2
3
2
-1
0
0
-2
-2
-1
-1
0
-2
-1
-2
0
-1
0
0
0
2
4
2
1
2
2
0
0
1
-1
-1
-2
-2
-3
-2
-1
-2
-3
-1
-1
-2
0
2
4
5
5
4
2
1
1
1
0
-1
-1
-1
-2
-4
-4
-5
-6
-6
-6
-3
-1
-1
-2
-1
-3
-2
-3
-2
1
2
5
7
8
7
6
4
2
2
1
2
1
2
2
1
1
-1
-2
-3
-4
-4
-3
-3
-3
-3
-2
-4
-4
-4
-4
-3
-2
-1
-1
-1
-1
-1
0
1
0
0
2
1
3
1
1
1
0
1
-1
-1
0
0
1
2
1
1
0
1
1
0
-2
-3
-2
-3
-2
0
0
1
3
5
6
7
9
7
6
4
3
3
0
0
-1
-1
1
2
4
5
3
1
-1
-3
-4
-7
-4
-3
-1
0
0
1
1
2
1
2
0
1
0
-1
0
0
1
1
0
0
0
0
0
0
-1
0
-1
-2
-2
-4
-2
-5
-5
-3
-3
-1
-2
-2
-2
-2
-2
-2
-1
-2
-4
-4
-4
-3
-4
-3
-2
-2
1
0
3
4
3
3
2
2
3
3
5
7
7
8
7
8
8
7
6
4
2
1
-1
-2
-3
-2
-1
-3
-5
-5
-5
-6
-8
-8
-8
-9
-8
-6
-4
-4
-3
0
1
2
3
4
6
6
5
6
5
6
4
3
1
0
0
-1
0
1
-1
-1
-2
-1
-1
-3
-2
-3
-2
-1
0
1
1
2
2
1
-1
-1
-1
0
2
3
4
5
6
5
5
6
6
5
2
3
2
3
2
1
0
0
-2
-2
1
3
3
1
0
0
-1
-1
-2
-2
-2
-2
0
0
2
4
4
4
3
0
-2
-3
-2
-4
-4
-3
-4
-1
-2
-3
-4
-3
-3
-4
-2
-2
0
-2
-2
-3
-2
-2
-2
0
2
1
1
1
1
2
2
1
1
1
1
-1
0
0
-1
-2
-4
-3
-3
-3
-3
-4
-3
-2
-1
0
2
2
1
1
1
1
2
3
4
4
3
3
1
1
0
-1
-3
-3
-1
-1
0
0
-1
-2
-4
-4
-4
-3
-3
-2
-3
-3
-3
-3
-2
-3
-2
0
1
3
2
3
1
-1
-1
-2
-3
-2
-3
-4
-2
-1
-2
-2
0
-1
-1
-1
-2
-2
-1
0
-1
0
0
3
3
0
0
-2
-3
-2
-1
2
4
3
5
2
2
2
2
3
3
2
3
4
3
4
3
6
5
5
6
5
5
3
2
0
1
1
2
0
1
2
1
0
0
0
1
2
4
5
5
5
1
0
-1
-1
-4
-3
-2
-1
-2
-1
0
-1
-1
-3
-2
-2
-2
0
-1
0
-2
-3
-3
-4
-5
-5
-5
-5
-8
-8
-8
-7
-6
-4
-3
-1
0
1
3
4
5
5
4
4
4
4
4
3
1
0
-2
0
-1
-2
0
1
-1
-2
-3
-4
-5
-5
-2
-1
-2
-1
-1
-2
-1
0
1
2
3
6
5
5
5
5
3
0
-1
-1
0
0
1
1
0
0
-4
-2
-1
0
2
2
1
-1
-3
-4
-3
-2
-3
-3
-4
-5
-4
2
5
6
1
-5
-7
-4
4
10
10
3
-8
-10
-6
1
7
7
2
-1
0
4
4
1
-3
-2
2
10
12
7
-3
-9
-4
1
9
13
4
-2
-6
-3
8
7
2
-3
-10
-4
-1
2
5
-1
-1
-2
2
7
4
2
-1
-2
4
7
6
7
-2
-11
-2
-4
8
6
-5
2
-7
-3
-4
-4
5
-6
-3
-7
-11
-13
-19
-8
-5
5
2
-10
-14
-19
-12
-5
-1
2
0
-3
-3
0
0
-1
-6
-9
-7
-2
7
7
5
1
1
4
-5
-9
-8
0
13
17
16
4
-8
-11
-6
4
5
-3
-11
-16
-10
11
22
36
3
-62
-107
-107
-18
81
134
94
-17
-108
-111
-15
118
179
133
40
-44
-38
14
43
34
-5
-11
43
85
75
16
-104
-138
-90
21
121
69
3
-91
-127
-24
46
108
66
-66
-69
-42
41
131
90
47
-39
-74
-11
14
51
18
-34
-15
-3
33
42
-29
-107
-99
-90
28
149
52
51
-135
-150
30
-49
107
76
36
-14
-198
-51
-54
38
99
38
105
-44
-79
-137
-137
5
54
132
41
-9
-37
-55
26
50
54
-45
-65
-58
15
64
16
5
-80
-25
4
14
-93
-177
-26
109
223
100
-71
-182
-159
-14
108
188
29
-94
-99
6
146
133
6
-133
-137
-87
46
145
120
67
2
-38
-65
-112
-154
-89
42
118
71
-67
-172
-149
-87
-66
-49
-88
-79
-55
-30
86
124
108
15
-120
-113
-56
102
303
329
267
151
65
77
100
137
136
95
79
84
99
70
-9
-61
-115
-173
-202
-232
-205
-167
-136
-88
-101
-115
-133
-155
-96
-2
87
135
128
181
229
248
346
384
362
274
180
204
245
306
322
280
212
92
17
-25
-59
-85
-134
-160
-174
-211
-264
-300
-337
-356
-307
-215
-228
-472
-822
-1010
-804
-446
-266
-185
-233
-441
-675
-810
-645
-325
-127
108
372
425
307
257
412
582
654
675
715
749
723
710
806
832
642
385
74
-209
-405
-443
-288
-180
-188
-301
-427
-539
-627
-536
-368
-196
-33
108
260
415
585
707
751
706
646
666
705
690
657
579
472
372
256
118
-44
-218
-396
-517
-597
-635
-521
-304
-118
-11
-53
-180
-149
-17
147
367
567
728
754
719
672
621
583
385
129
-125
-426
-581
-649
-590
-671
-1532
-2577
-3114
-2996
-2608
-2384
-1857
-1497
-1582
-1817
-1869
-1228
-657
-173
605
1314
1581
1458
1832
2439
2769
2967
2907
2686
2106
1511
1398
1341
1119
676
171
-584
-1565
-2011
-2100
-2176
-2235
-2270
-2088
-2000
-1824
-1260
-721
-18
537
988
1428
1602
2061
2444
2936
3286
3252
3250
2698
2086
1542
955
511
0
-362
-807
-1216
-1458
-1769
-1993
-2258
-2472
-2444
-2252
-1958
-1604
-1059
-520
-45
364
577
829
1125
1347
1481
1524
1513
1475
1456
1464
1348
1214
1042
627
145
-329
-485
-435
-449
-510
-691
-956
-1253
-1381
-1171
-725
-502
-459
-1751
-3699
-4396
-4275
-3333
-2854
-2009
-940
-1359
-1867
-1996
-864
216
544
1671
2486
2444
1821
2314
3880
4450
4593
4497
4078
2875
1529
1398
1503
1240
471
-461
-1788
-3348
-3854
-3586
-3342
-3344
-3029
-2676
-2749
-2391
-1264
258
1402
2318
3196
3434
3339
3357
3765
4027
3734
3395
2969
2119
948
-117
-1347
-2374
-2851
-3045
-3098
-3289
-3094
-2847
-2802
-2830
-2600
-1910
-1509
-1004
-336
345
884
1269
1950
2509
2929
2981
2585
2028
1305
750
254
-251
-752
-1271
-1601
-1836
-1675
-1120
-468
221
776
1128
1119
1117
1222
1574
2043
2368
2512
2212
2017
1641
1314
913
352
-1438
-4838
-6682
-7257
-7019
-6754
-6218
-4478
-3953
-4031
-3748
-1909
280
930
2184
3729
4602
4460
4844
6410
7155
7426
7288
6630
5119
3312
2548
1868
658
-935
-2383
-3818
-5842
-6979
-6761
-6230
-5810
-5249
-4159
-3511
-2781
-1197
532
1910
2731
3561
4016
4269
4710
5196
5622
5415
4882
3800
2531
1313
-112
-1303
-2627
-3719
-4362
-4757
-4957
-4609
-3875
-3560
-3385
-2998
-2394
-1916
-1186
-388
257
1067
1659
2191
2623
3099
3584
3696
3215
2192
1331
569
-176
-555
-700
-898
-1106
-1059
-719
-292
199
819
1298
1237
1171
1398
1269
1413
1702
1913
2127
1816
1708
1430
1216
779
66
-1065
-4591
-7411
-8084
-7711
-7242
-6961
-4908
-3323
-2564
-1897
-478
1990
2991
3618
4554
5353
5255
4844
5723
6340
6097
5661
4972
3664
1862
862
472
-549
-2163
-3888
-5414
-6813
-7750
-7605
-6842
-6152
-5374
-4010
-2484
-1237
356
2340
3693
4239
4713
5165
5289
5105
4815
4568
4151
3290
2380
1316
69
-1245
-2651
-3880
-5290
-6360
-6665
-6270
-5301
-4028
-2578
-1342
-343
510
1272
2065
2764
2996
3285
3668
3848
4099
4320
4458
3893
2920
1848
523
-596
-1694
-2479
-3116
-3670
-3639
-3121
-2274
-1498
-403
841
1592
2171
2715
3207
3303
3125
3218
3347
3353
3169
3026
2900
2270
1494
484
-881
-4265
-8043
-9462
-9976
-9799
-9749
-8235
-6198
-4779
-3072
-1368
1485
3302
4453
5466
5922
5672
4996
5475
5704
5441
5308
5100
4331
3126
2238
1541
503
-1143
-3168
-5305
-7422
-8877
-9234
-8888
-8142
-6996
-5061
-3015
-1365
516
2492
3983
4643
5007
4993
4792
4860
4844
4811
4732
4773
4540
3662
2543
965
-804
-2537
-4314
-5400
-6052
-6134
-5421
-4111
-2651
-1521
-316
616
1319
1844
2255
2405
2507
2757
2634
2634
2656
2754
2561
1938
1346
566
-149
-1064
-1870
-2499
-3070
-3008
-2585
-1999
-1333
-347
1056
2258
3009
3620
4153
4030
3228
2478
1807
1218
744
335
409
474
606
351
-518
-2467
-6535
-9661
-10943
-11235
-11114
-10329
-7889
-5588
-3003
-544
2426
5718
7469
8522
8653
8252
6882
5903
5767
5097
4523
4131
3718
2809
1902
1239
428
-790
-2586
-4814
-7125
-9120
-10183
-10077
-9351
-8100
-6099
-3426
-923
1313
3610
5693
7068
7598
7538
6871
6191
5564
4884
4297
3791
3487
2725
1590
379
-852
-2201
-3973
-5378
-6770
-7930
-7851
-7130
-5726
-3867
-1807
-13
1639
3175
3931
4613
4764
4562
4240
3588
2882
2342
2103
1305
627
246
-592
-1443
-2136
-2816
-3535
-3905
-3924
-3636
-2829
-1850
-497
1137
2278
3122
4003
4703
4669
4295
4004
3332
2587
1855
1320
843
567
448
-407
-1637
-4551
-8356
-10355
-11033
-11012
-10949
-9531
-7487
-5564
-3029
-365
3489
6742
8924
9932
10082
9548
7974
7308
6426
5065
3842
2891
2031
1067
662
493
94
-1035
-2889
-5185
-7542
-9531
-10734
-11005
-10521
-9118
-6684
-3599
-620
2201
5073
7503
8830
9132
8575
7605
6549
5378
4301
3515
3188
2659
1760
861
74
-832
-2075
-3405
-4999
-6726
-7942
-8111
-7430
-6281
-4502
-2550
-815
695
2104
3279
4194
4863
4973
4686
3920
3114
2301
1307
422
-206
-712
-1585
-2216
-2371
-2512
-2529
-2193
-1795
-1564
-1062
-347
592
1618
2552
3582
4438
4874
4640
4492
4154
3300
2579
1781
1177
459
-50
-309
-1020
-1686
-3760
-7292
-9718
-10647
-10782
-10853
-9543
-7377
-5250
-2619
-204
3274
6529
8992
10376
10441
9911
8006
6682
5597
4052
2983
2161
1468
748
240
-191
-782
-1451
-2810
-5074
-7347
-9286
-10545
-11057
-10823
-9440
-7219
-4250
-1335
1349
4396
7016
8767
9621
9626
9023
8037
6960
5751
4459
3347
2157
1156
312
-809
-1886
-2839
-3934
-5409
-6461
-7310
-8169
-8227
-7677
-6426
-4922
-3049
-955
1027
2980
4503
5903
6577
6698
6424
5801
4785
3393
2299
1006
-420
-1568
-2070
-2336
-2577
-2532
-2294
-2069
-1879
-1426
-853
-214
350
1059
1875
2520
2946
3172
3452
3515
3439
3433
3344
3078
2609
2086
1590
883
-99
-2437
-6438
-9486
-10613
-10915
-11052
-9928
-8151
-6272
-4007
-1836
1472
4562
7131
8659
8984
8896
7334
6365
5576
4211
3388
2588
1959
1188
590
398
88
-68
-1010
-2984
-5133
-7381
-8980
-9939
-10166
-9409
-8186
-6005
-3467
-844
2316
5363
7793
9207
9877
9868
9268
8488
7084
5315
3834
2394
828
-483
-1393
-2297
-3082
-3712
-4488
-5345
-5954
-6596
-6912
-6757
-6719
-5908
-4453
-2820
-1190
784
2550
3801
5090
5667
5992
5899
5540
4770
3589
2202
273
-1054
-1967
-2856
-3288
-3314
-3143
-2773
-2196
-1406
-421
603
1380
1887
2487
2936
3146
3307
3317
3293
3328
3463
3389
3228
3161
2835
2317
1942
1370
389
-1946
-5770
-8573
-9789
-10208
-10476
-9577
-8300
-6897
-5215
-3685
-670
2012
4607
6043
6723
7294
6251
6068
5775
5025
4408
3563
2697
1760
1169
981
894
759
-25
-1659
-3110
-4941
-6496
-7516
-8187
-8291
-8028
-6662
-5168
-3408
-1171
1086
3381
5319
6800
7805
8373
8494
8006
6973
6035
4886
3776
2579
995
-388
-1567
-2454
-3406
-4079
-4695
-5279
-5399
-5564
-5973
-6120
-5245
-4165
-2891
-1251
-314
433
1561
2310
2863
3550
3967
4035
3804
3223
2230
1636
1407
1166
1210
941
325
-122
-302
-549
-564
-199
-206
-165
105
160
473
941
1245
1451
1566
1507
1212
1017
896
850
945
963
884
808
543
-407
-2415
-3780
-4166
-4664
-4935
-4794
-4501
-4308
-3971
-3603
-2442
-1220
-19
850
1729
2722
2378
2767
3143
2780
2559
2269
1784
1384
1444
1495
1453
1412
1018
129
-479
-1348
-2453
-3091
-3421
-3529
-3439
-2861
-2488
-2294
-1674
-910
-86
1024
1909
2397
2755
2797
2781
2883
3281
3409
3233
2956
2190
1329
895
556
-151
-765
-1451
-2279
-2420
-2440
-2670
-2470
-1933
-1637
-1312
-569
-529
-510
-119
-453
-828
-814
-941
-1267
-1145
-925
-827
-53
876
1429
2232
2775
2570
2663
2804
2524
2384
2317
1966
1580
1564
1395
1112
977
613
242
91
-165
-582
-713
-721
-657
-393
-200
-136
144
483
517
179
-1078
-1837
-1997
-2390
-2444
-2168
-1851
-1742
-1953
-2124
-1639
-1043
-244
-105
82
162
-698
-752
-724
-690
-366
-59
7
133
482
731
1224
1591
1556
1180
929
395
-189
-178
-56
8
-15
79
-106
-235
-87
-9
122
-10
-417
-694
-770
-814
-660
-254
183
498
695
849
781
561
501
276
-28
-109
-323
-433
-73
292
518
666
806
719
544
510
-20
-586
-772
-1412
-2210
-2496
-2758
-2786
-2278
-1691
-1209
-593
118
515
1019
1567
1783
2268
2734
2811
2925
3124
3158
3056
3014
2721
2119
1634
1097
636
413
261
95
116
206
146
225
422
509
603
638
442
-168
-1763
-2813
-3225
-3452
-3280
-2868
-2344
-1833
-1531
-1574
-866
-199
321
113
17
-117
-1074
-1117
-1067
-1044
-809
-629
-565
-185
207
314
610
884
793
460
381
75
-268
-384
-400
-281
-70
217
144
-58
-304
-667
-808
-717
-854
-700
-296
-123
254
513
933
1168
1120
1034
629
298
-93
-295
-272
-146
326
781
1280
1747
1809
1642
1473
1326
899
450
-54
-797
-1174
-1600
-1997
-1857
-1520
-1223
-1050
-741
-518
-294
230
587
1017
1388
1390
1408
1449
1621
1758
1937
2038
1848
1787
1642
1394
1208
1001
799
584
307
205
440
617
769
996
902
616
488
180
-224
-1172
-3154
-4562
-4974
-5079
-4767
-3756
-2632
-1980
-1751
-1486
-1051
-380
424
219
331
314
-671
-804
-479
-365
-36
387
404
411
746
1097
1451
2021
2236
1899
1736
1392
789
666
755
565
260
-90
-692
-1187
-1377
-1513
-1449
-1108
-942
-705
-398
-229
45
186
501
589
376
291
38
-201
-153
-8
197
577
1015
1391
1614
1796
1816
1652
1361
726
121
-356
-1033
-1553
-1932
-2157
-2245
-2134
-1892
-1740
-1414
-1143
-757
-213
248
710
1116
1293
1330
1423
1529
1683
1817
1930
2059
2167
2253
2263
2221
2056
1828
1655
1472
1284
1096
969
772
493
257
20
-131
-462
-1066
-1632
-3015
-4643
-5154
-5089
-4792
-4016
-3003
-2187
-1417
-1233
-874
131
1230
1856
1832
2071
1359
658
870
767
784
1014
963
789
875
1078
1418
1927
2168
1765
1393
954
27
-656
-965
-1395
-1889
-2129
-2489
-2876
-2921
-2817
-2568
-2022
-1415
-1039
-562
-61
238
615
986
1125
1061
908
728
571
502
629
818
1042
1278
1451
1532
1461
1231
788
172
-447
-1096
-1747
-1994
-2342
-2709
-2440
-2203
-2019
-1411
-820
-287
436
1145
1629
2085
2569
2584
2593
2684
2283
2008
2125
1950
1771
1874
1618
1319
1281
1106
650
362
233
-118
-162
-94
-333
-245
189
430
585
717
708
437
20
-1223
-3273
-4150
-4237
-4528
-4160
-3456
-3172
-2780
-2595
-2225
-1409
-327
652
781
1315
1190
513
1000
1642
2058
2679
3111
3194
3419
3799
3948
3757
3646
2860
1537
356
-1213
-2624
-3444
-4066
-4751
-4942
-4813
-4868
-4496
-3813
-3143
-2325
-1254
-293
562
1485
2171
2715
3230
3506
3453
3315
2958
2286
1643
1171
681
189
-141
-536
-991
-1338
-1559
-1784
-1979
-2074
-2237
-2298
-2307
-2236
-1922
-1308
-544
176
1036
1810
2346
2698
2917
2998
2952
2892
2697
2389
1943
1469
1108
852
725
531
398
372
188
-49
-217
-406
-610
-700
-804
-855
-721
-459
-1
492
939
1243
1177
1089
843
269
-907
-3099
-4793
-5224
-5348
-5135
-4348
-3684
-2887
-2474
-2238
-1280
-505
555
978
1200
1524
892
1193
1973
2572
3473
4146
4540
4694
4771
4738
4358
3768
2683
1104
-490
-2223
-3783
-4673
-5029
-5289
-5297
-4861
-4562
-4223
-3612
-2786
-1818
-669
566
1603
2639
3364
3902
4383
4685
4738
4402
3936
2981
1710
667
-322
-1131
-1733
-2284
-2625
-2786
-2932
-3026
-3087
-3076
-2992
-2638
-2182
-1858
-1266
-632
145
1030
1670
2314
2875
3177
3278
3277
3148
2913
2820
2629
2074
1559
1111
781
719
627
356
202
149
-170
-414
-638
-1082
-1208
-1060
-859
-446
79
594
1123
1716
1946
1980
1949
1649
1111
-435
-3047
-5769
-6961
-6673
-6513
-5529
-4303
-3695
-2706
-2581
-1922
-609
373
1570
1819
2139
1808
1587
2809
3600
4473
5323
5433
5214
4664
4012
3231
2434
1481
-230
-2023
-3816
-5449
-6064
-6019
-5815
-5502
-4795
-4159
-3837
-3270
-2364
-1058
371
1804
2973
3994
4929
5406
5880
6077
5915
5491
4509
3233
1497
-124
-1322
-2576
-3372
-3924
-4316
-4240
-4137
-3782
-3382
-3138
-2707
-2265
-1579
-1124
-809
-125
571
1364
1996
2667
3250
3631
3850
3526
3175
2813
2475
2131
1508
892
219
-148
-250
-421
-333
-255
-166
-106
-419
-656
-829
-872
-506
-113
337
778
1386
2127
2600
3089
3099
2928
2497
1413
173
-2169
-5453
-7944
-8487
-8017
-7515
-5987
-4382
-3351
-2318
-2039
-1179
130
1302
2274
2634
3270
2999
3369
4649
5064
5744
6169
5796
4839
3596
2375
1053
-58
-1509
-3301
-4500
-5800
-6910
-7036
-6648
-6088
-5247
-4007
-3281
-2739
-1712
-486
1162
2922
4425
5627
6634
7194
7190
7039
6542
5739
4599
2959
988
-1137
-2846
-4280
-5231
-5458
-5520
-5132
-4430
-4005
-3912
-3650
-2832
-2033
-1190
-131
353
682
1585
2278
2860
3737
4278
4558
4438
3860
2988
2141
1650
998
368
-254
-1016
-1233
-1131
-1097
-730
-285
-123
-156
-425
-758
-707
-418
-18
614
1486
2364
3005
3644
3620
3582
3628
3024
2412
1371
185
-1722
-4988
-8502
-10478
-9815
-8769
-7723
-5549
-4074
-3063
-2475
-1886
-198
1230
3010
3942
4430
4819
4348
5174
5829
5948
6150
5590
4526
2862
1304
94
-984
-1807
-3096
-4437
-5623
-6849
-7410
-7196
-6405
-5494
-4340
-3009
-2159
-1299
-9
1781
3824
5490
6686
7350
7553
7419
6941
6224
5259
4191
2652
503
-1795
-3860
-5240
-6160
-6551
-6343
-5724
-4602
-3531
-2655
-1906
-1435
-827
-347
108
674
1076
1858
2675
3411
3934
4062
4119
3544
2575
1551
488
-221
-631
-822
-1038
-1219
-1146
-989
-915
-770
-538
-246
154
325
357
656
1159
1628
2319
3047
3670
3988
3859
3491
2935
2713
2238
1649
1317
424
-957
-2740
-5660
-9617
-11490
-10620
-9142
-7303
-5060
-3045
-1773
-1097
-546
725
2537
4159
4721
5196
5422
4843
5361
5589
5002
4485
3633
2189
523
-785
-1849
-2462
-2909
-3832
-5046
-5867
-6511
-7027
-6687
-5726
-4546
-2828
-1145
-202
661
1933
3435
4816
6014
6854
7252
7398
6991
6150
5139
4097
2892
1190
-933
-3347
-5368
-6449
-6944
-6824
-6065
-4875
-3473
-2355
-1438
-814
-505
-141
237
777
1479
2208
3021
3674
4092
4055
3571
2917
1824
519
-451
-1029
-1238
-967
-687
-724
-880
-981
-1052
-1151
-938
-643
-120
711
1136
1597
2330
2773
2716
2817
2950
2930
3194
3415
3312
2953
2639
1930
1179
482
-586
-1744
-3178
-5957
-10056
-12004
-10749
-8311
-5971
-3323
-1077
-91
99
-520
652
2541
4125
5199
5333
5868
5199
5056
5014
3688
2948
1995
615
-693
-1874
-2349
-2525
-2690
-3392
-4717
-5556
-6548
-7260
-6900
-5653
-3827
-1768
363
1374
1935
2813
3616
4487
5213
5996
6571
6791
6436
5415
4387
3287
1693
-369
-2729
-4926
-6431
-7094
-7105
-6448
-4818
-3160
-1911
-916
-468
-119
70
255
734
1536
2767
3460
3918
4126
3700
2970
1833
831
-199
-1010
-1238
-1301
-1147
-778
-394
-383
-849
-1188
-1337
-1098
-401
321
1533
2652
3221
3453
3408
3122
2605
2606
2601
2727
2902
2898
2787
2343
1820
647
-171
-1104
-2328
-3015
-3666
-5922
-9700
-11020
-9420
-6887
-4817
-2441
-412
142
-206
-868
783
3022
4749
5605
5708
5876
4924
4450
3604
2257
1531
781
-113
-1053
-1710
-1784
-1670
-2242
-3708
-5240
-5882
-6695
-7080
-6061
-4203
-1974
61
1774
2156
2056
2378
2697
3462
4609
6105
7350
7615
6918
5439
3765
1984
-20
-2040
-4021
-5494
-6187
-6147
-5546
-4425
-2989
-2045
-1453
-1130
-879
-440
-16
640
1482
2622
3648
3828
3517
2910
1861
592
-394
-811
-1071
-1104
-986
-1050
-1063
-903
-706
-932
-1258
-1253
-899
-107
891
1840
2863
3530
3375
2969
2315
1989
1997
2073
2395
2378
2743
2526
1982
1523
318
-519
-1406
-1732
-1844
-2010
-1643
-2271
-5276
-9294
-10432
-8135
-5175
-3127
-802
808
811
-24
-638
1095
3165
4362
4602
4533
4898
4296
3856
3151
1993
1269
418
-506
-1340
-1596
-1273
-1162
-1815
-3000
-4130
-5001
-5875
-6392
-5646
-3961
-2226
-474
853
1515
1966
2519
3347
4125
5461
6755
6979
6471
5036
3451
1988
585
-733
-2128
-3137
-4114
-4699
-4531
-4047
-3100
-2271
-1892
-1673
-1126
-128
412
795
1156
1572
2168
2333
2163
1753
1267
444
-383
-739
-918
-782
-644
-720
-972
-1018
-692
-507
-435
-468
-309
258
806
1293
1973
2824
3034
2539
2050
1695
1746
1648
1376
1378
1458
1689
1432
1030
552
138
252
-110
-347
-275
-89
208
-409
-3392
-7870
-9502
-7598
-5001
-3117
-948
432
-23
-1236
-2110
-460
1858
3363
3967
4190
4740
4162
3745
3137
2045
1566
921
206
-352
-377
31
2
-754
-2465
-4300
-5555
-6683
-7100
-6521
-5161
-3393
-1509
79
564
1034
1792
2410
3238
4460
5862
6434
6235
5222
3627
2270
1151
204
-834
-1882
-2722
-3381
-3584
-3447
-3283
-2904
-2518
-1865
-944
-137
402
386
636
973
1347
1922
2073
1860
1210
562
-50
-301
-114
107
438
295
-166
-448
-308
-261
-469
-602
-651
-390
-5
709
1731
2650
3007
2687
2188
1840
1494
1220
1153
1329
1756
1823
1546
923
331
76
-117
-319
107
666
939
1397
1100
7
-4578
-9583
-10549
-8320
-4556
-3037
-499
651
-679
-2090
-3503
-757
1264
2587
3548
3653
4827
3917
3645
3356
2436
2187
1195
736
564
798
1595
1231
-228
-2461
-4539
-5971
-7305
-7517
-6556
-4636
-2722
-1560
-781
-654
-245
224
980
2229
3972
5924
6538
6234
5223
4206
3321
2404
1774
850
56
-593
-1252
-1665
-2058
-2388
-2897
-3319
-3231
-2892
-2296
-1789
-1428
-958
-340
423
979
1128
917
750
667
648
1046
1651
2191
2061
1651
1215
877
792
217
-409
-1077
-1615
-1799
-1358
-280
496
1048
1163
1052
1031
957
978
948
1453
2166
2481
2678
2204
1667
1325
868
678
728
1615
2417
2736
2309
775
-391
-2055
-5969
-10542
-11635
-8742
-5389
-3504
-1860
-623
-1102
-2861
-4142
-2233
952
3247
4730
5425
6120
5845
5178
4155
2834
2338
1737
1117
618
450
771
400
-1337
-4110
-6439
-7612
-8118
-7928
-6867
-5047
-3213
-1943
-1243
-778
-67
846
1985
3429
5183
6873
7814
7784
6858
5650
4473
3406
2588
1786
1017
8
-1423
-2900
-3971
-4288
-4360
-4643
-4752
-4199
-3129
-2051
-1230
-643
-40
554
957
1061
1205
1739
2394
2757
2976
3248
3132
2496
1529
667
120
-320
-770
-1411
-2120
-2410
-2299
-2204
-1814
-1050
-26
958
1463
1843
2176
2619
2748
2509
2428
2438
2704
2731
2646
2579
2570
2644
2478
2475
2230
1963
1091
-8
-1109
-2334
-4266
-9013
-12193
-11573
-8076
-4773
-3508
-1741
-2127
-3530
-4756
-3724
444
3263
5560
6436
6771
6692
5283
4787
3513
2233
1441
596
417
-75
-52
-166
-1567
-3725
-6192
-7581
-8033
-8164
-7756
-6494
-4536
-2916
-1717
-860
-297
390
1526
3300
5587
8021
9469
9635
8777
7274
5957
4946
4222
3108
1469
-281
-2229
-3728
-4575
-5178
-5574
-5844
-5950
-5324
-3891
-2328
-1207
-716
-300
68
843
1774
2416
3274
3701
3779
3454
3136
3008
2520
1858
862
-112
-875
-1313
-1548
-2074
-2736
-3164
-3201
-2772
-1695
-274
1004
1679
1921
2159
2447
2535
2348
2459
2790
3320
3591
3502
3425
2925
2238
1399
995
1311
1488
1468
963
189
-894
-2217
-2982
-5871
-10592
-12440
-10120
-5577
-3056
-1619
-347
-1106
-2944
-4781
-2761
1030
3481
5202
6137
6913
5848
4604
3699
2259
1194
262
-111
-247
216
1002
857
-845
-3654
-6229
-8068
-8972
-8673
-7294
-5789
-4308
-2570
-984
-227
201
1228
2372
3790
5797
8191
10001
10404
9712
8141
6212
4406
3056
1741
-103
-2020
-3613
-4780
-5368
-5446
-5222
-5083
-5136
-4816
-4190
-3406
-2624
-1818
-706
423
1492
2230
2748
3305
3487
3458
3289
3194
3148
2693
1934
950
243
-285
-796
-1485
-2478
-3190
-3568
-3373
-2605
-1176
438
1307
1565
1691
2053
2518
2629
2614
2975
3435
3917
4180
4218
4103
3789
3288
2409
1560
1289
1547
1165
268
-980
-2194
-3001
-3586
-4994
-8984
-11485
-9955
-6249
-3501
-2647
-1528
-1920
-4105
-6014
-4387
298
3760
5571
6324
6215
4689
3171
2561
1835
1340
1596
2381
2493
2245
2119
1243
-1305
-4924
-7412
-8397
-8387
-7222
-5539
-4429
-4333
-3897
-2782
-2323
-1802
-194
2513
5084
7190
9336
10473
10233
8647
6658
4983
3690
3308
2976
1975
264
-1372
-2627
-4235
-5503
-6077
-6208
-6176
-5554
-4203
-3280
-2717
-2355
-1890
-1294
-566
689
1660
2289
2709
3221
3852
4022
4081
3917
3465
2516
1324
607
-58
-761
-1486
-2094
-2312
-2124
-1640
-1189
-689
-44
516
1019
1533
1824
1998
1968
1924
2414
3185
3668
3805
4029
4139
3646
2791
2050
1403
785
368
200
190
-195
-1132
-2387
-3539
-5787
-9570
-11031
-8692
-4811
-2838
-3076
-3053
-3577
-4975
-5589
-3345
440
2479
3194
3995
4369
3339
2474
2601
2606
2492
2881
3719
3634
2479
1249
96
-1661
-3887
-4832
-4748
-4778
-4914
-4762
-4307
-4389
-4225
-3449
-3014
-2361
-664
1963
4389
6019
6971
7230
6704
5594
4990
5037
5237
5246
4895
3778
1627
-424
-1906
-3004
-3750
-3994
-3822
-3743
-3586
-3546
-3869
-4407
-4839
-4515
-3478
-2206
-920
258
1186
1912
2667
3353
3920
4402
4447
3900
3114
2613
2475
2157
1335
362
-285
-604
-948
-1151
-953
-803
-946
-1292
-1446
-1140
-509
36
277
690
1531
2443
2869
2918
3023
3093
3045
2754
2491
2612
2708
2657
2232
1295
-87
-1475
-2204
-2400
-2841
-5127
-8034
-8714
-6794
-4122
-3323
-3755
-4348
-5576
-6686
-5936
-2589
715
1898
2000
2247
1920
1212
1762
3247
4165
3873
3929
4559
4298
3085
1961
1399
4
-1819
-2503
-2448
-2561
-3380
-4262
-5229
-6342
-6470
-5379
-3793
-2475
-1078
614
1974
2592
3031
3827
4204
4191
4558
5646
6935
7405
6957
5410
3185
1263
268
218
-33
-749
-1694
-2839
-4009
-5019
-5315
-5384
-5589
-5550
-5038
-4118
-3220
-2110
-748
538
1472
2344
3466
4258
4481
4542
4712
4663
4312
4025
3835
3287
2073
986
538
269
-95
-693
-1241
-1598
-1755
-1525
-1240
-1288
-1507
-1527
-1088
-500
134
1137
1956
2197
2169
2255
2495
2563
2403
2435
2518
2235
1566
649
3
-321
-290
-914
-3328
-5535
-5288
-2864
-1065
-1742
-3469
-4863
-5837
-6219
-5280
-3518
-2741
-3475
-3732
-2656
-1661
-1142
-659
222
780
691
1216
2633
3946
4206
3823
3474
2819
1798
1061
829
666
181
-511
-930
-1106
-1308
-1634
-2001
-2200
-2229
-1821
-895
145
974
1437
1582
1738
2038
2316
2525
2666
2686
2432
2146
2185
2288
2125
1527
640
-240
-842
-992
-1003
-1389
-2250
-2885
-2789
-2331
-2022
-1909
-1710
-1548
-1473
-1222
-784
-161
218
460
701
524
696
1284
1705
1771
1465
1282
1385
1586
1690
1810
1747
1351
985
745
778
1050
1278
1318
1268
1208
987
745
576
483
556
557
332
92
137
258
147
-195
-685
-868
-551
100
768
1019
897
859
960
937
731
381
-15
-548
-1253
-1948
-2350
-2532
-2900
-3368
-3801
-4159
-4296
-4117
-3809
-3572
-3342
-2865
-1973
-1002
-292
68
258
312
254
313
545
778
802
727
719
790
726
502
289
-6
-308
-546
-591
-280
102
252
146
6
30
259
663
1123
1521
1823
2042
2169
2252
2319
2307
2085
1702
1399
1208
1067
730
270
-115
-547
-1050
-1459
-1454
-1151
-953
-1045
-1312
-1448
-1240
-783
-362
-115
100
525
1008
1297
1480
1566
1516
1447
1528
1767
1922
1937
1840
1577
1141
764
687
753
704
573
439
197
-181
-511
-573
-468
-520
-718
-849
-807
-640
-434
-191
-7
222
591
956
1196
1345
1482
1425
1034
501
278
428
395
-160
-1003
-1783
-2347
-2829
-3341
-3747
-3894
-3865
-3819
-3772
-3501
-3018
-2662
-2492
-2254
-1687
-893
-182
271
536
714
904
1113
1344
1615
1941
2183
2075
1769
1559
1541
1453
1089
594
167
-66
-112
-147
-255
-465
-731
-840
-807
-571
-215
49
233
217
202
343
448
510
485
462
541
657
825
897
758
465
101
-201
-416
-516
-532
-721
-1188
-1652
-1866
-1846
-1720
-1545
-1297
-1055
-895
-730
-452
-78
246
466
723
1145
1682
2126
2348
2318
2104
1952
1995
2112
2145
2057
1819
1510
1138
682
271
-107
-384
-486
-518
-540
-646
-883
-1196
-1432
-1430
-1239
-912
-567
-263
15
112
22
-76
-45
93
223
296
315
224
-58
-401
-694
-994
-1299
-1505
-1520
-1330
-1054
-815
-647
-584
-576
-551
-369
-49
322
615
700
658
618
781
1082
1304
1368
1401
1491
1584
1662
1701
1671
1479
1155
802
563
530
573
499
186
-273
-596
-705
-724
-760
-820
-818
-840
-943
-1017
-988
-870
-808
-814
-812
-790
-735
-686
-699
-718
-690
-588
-501
-534
-568
-503
-393
-361
-363
-243
17
309
487
482
393
349
352
331
297
383
580
728
649
392
249
326
495
618
707
799
857
853
824
817
849
911
871
707
561
532
564
471
153
-282
-594
-749
-823
-817
-786
-816
-974
-1163
-1157
-956
-677
-471
-444
-469
-403
-258
-129
-102
-193
-301
-352
-369
-348
-274
-189
-170
-135
-23
50
-7
-161
-293
-304
-175
29
191
238
231
276
387
506
560
594
622
634
664
703
743
706
581
444
347
337
378
411
368
191
-35
-195
-249
-227
-222
-259
-329
-419
-482
-488
-486
-436
-397
-416
-498
-614
-613
-533
-435
-370
-335
-265
-200
-143
-63
27
174
347
494
618
669
672
657
524
256
-7
-166
-148
29
221
292
159
-67
-213
-211
-90
35
185
327
356
316
312
355
360
314
272
266
231
160
128
60
-170
-522
-785
-872
-876
-834
-797
-813
-861
-894
-808
-657
-488
-255
-30
123
156
147
179
196
150
42
-15
55
178
239
243
215
189
181
200
287
433
604
765
868
888
842
736
640
548
448
471
576
683
715
603
451
277
71
-122
-279
-374
-439
-474
-485
-522
-610
-737
-823
-839
-797
-687
-577
-513
-478
-476
-457
-467
-539
-652
-759
-785
-798
-776
-652
-448
-254
-164
-103
-43
63
264
454
638
815
970
1103
1133
1044
909
818
701
565
488
507
572
542
474
403
282
173
156
199
263
232
102
-41
-242
-406
-505
-550
-479
-381
-286
-312
-412
-484
-640
-782
-887
-844
-616
-297
-50
-2
-57
-141
-183
-198
-214
-74
179
406
523
477
356
133
-148
-419
-635
-665
-507
-270
-32
122
152
162
276
331
376
541
659
718
749
794
855
881
839
755
619
491
435
404
356
296
194
26
-117
-260
-373
-483
-667
-881
-1061
-1085
-1008
-865
-747
-736
-723
-644
-614
-635
-642
-640
-553
-500
-506
-467
-458
-498
-510
-487
-360
-124
97
324
533
664
805
907
1111
1259
1383
1520
1418
1289
1221
1148
1025
891
657
589
642
615
555
389
161
9
-124
-202
-50
71
58
-46
-300
-523
-734
-920
-931
-975
-973
-1000
-1088
-1065
-1098
-1192
-1259
-1332
-1238
-1020
-829
-656
-558
-485
-402
-330
-214
-39
231
504
684
843
905
966
1007
935
868
912
920
836
787
776
796
794
686
599
605
668
771
820
788
678
501
291
157
45
-15
1
44
123
189
176
75
-106
-319
-452
-518
-583
-625
-602
-557
-579
-723
-851
-826
-860
-995
-1135
-1170
-1031
-957
-932
-955
-1029
-1063
-1032
-962
-830
-721
-667
-539
-347
-126
158
463
687
853
1005
1201
1301
1299
1328
1382
1362
1197
948
815
736
558
326
121
73
100
109
51
-35
-86
-90
-71
-91
-85
-14
36
24
-27
-125
-182
-180
-269
-364
-425
-465
-447
-535
-634
-715
-855
-991
-1082
-1002
-902
-862
-876
-950
-963
-925
-844
-665
-403
-72
216
455
663
786
846
836
805
793
857
962
1062
1131
1167
1199
1184
1116
1091
1112
1161
1119
1015
884
779
698
547
402
228
125
60
25
-55
-197
-285
-344
-376
-399
-425
-390
-362
-363
-372
-425
-480
-572
-683
-749
-728
-607
-516
-519
-511
-565
-695
-864
-1007
-1054
-1078
-1104
-1024
-822
-564
-258
-32
101
212
262
314
468
651
743
724
662
579
512
446
361
274
178
110
131
235
372
481
551
560
449
309
273
290
212
37
-151
-240
-238
-289
-372
-355
-316
-347
-425
-466
-494
-521
-559
-659
-746
-757
-684
-573
-525
-580
-610
-589
-511
-414
-298
-79
96
240
385
419
387
310
233
204
185
196
250
323
403
495
580
635
632
618
618
605
656
714
799
833
758
701
645
617
520
383
322
286
265
216
161
187
215
217
208
132
27
-106
-231
-274
-370
-458
-486
-466
-392
-391
-466
-618
-747
-811
-807
-746
-683
-565
-409
-248
-139
-52
-26
-10
-20
-78
-65
-67
28
141
176
250
280
338
381
349
356
380
400
405
382
373
388
360
227
74
-35
-133
-210
-251
-264
-240
-238
-314
-383
-377
-329
-245
-231
-313
-374
-445
-490
-481
-477
-496
-548
-588
-590
-490
-312
-132
-48
-77
-87
-101
-67
-38
-39
-4
24
33
40
49
108
204
284
337
336
331
267
172
141
214
320
377
379
309
238
202
177
177
225
235
258
304
296
264
156
49
16
-18
26
151
268
332
316
249
175
107
114
186
174
99
-6
-47
5
30
73
87
20
-18
9
64
86
58
32
-1
-21
-14
27
104
136
108
94
91
54
33
19
51
65
11
-188
-881
-1534
-941
804
2143
1688
-191
-1846
-2316
-1538
-37
1245
1527
691
-571
-1324
-1393
-1154
-630
9
542
686
457
82
-591
-1155
-1299
-819
16
436
612
600
274
-120
-477
-651
-362
106
486
734
590
177
-190
-173
-18
-263
-505
-231
517
1158
1066
582
209
-88
-330
-312
-76
289
592
665
673
315
-311
-527
-106
355
139
-201
57
541
517
-118
-686
-701
-471
-264
64
266
40
-375
-561
-520
-540
-474
-93
255
191
-72
-76
166
132
-153
-269
-148
35
55
68
127
82
13
-14
46
127
145
199
221
169
150
206
227
133
31
102
225
211
128
-30
-37
73
165
282
251
162
134
142
75
-167
-402
-408
-230
-5
122
135
127
45
-18
-68
-177
-265
-234
-113
-135
-296
-398
-376
-359
-377
-350
-218
-29
-39
-213
-397
-460
-342
-90
224
363
347
353
376
338
367
514
732
932
1062
1161
1070
845
669
545
535
608
675
685
536
321
89
-85
-17
230
416
432
-54
-1524
-3482
-4158
-2655
-599
4
-647
-1265
-2033
-3433
-4241
-2941
-706
297
204
274
339
-286
-576
478
1765
1820
1393
1964
3007
3317
3295
3637
3620
2411
936
514
885
1274
1546
1633
1032
-348
-1713
-2257
-2235
-2178
-2029
-1658
-1393
-1451
-1452
-1204
-1087
-1354
-1653
-1548
-907
70
1061
1708
1669
1079
512
254
265
535
1148
1921
2224
1637
568
-172
-387
-376
-479
-671
-802
-936
-1030
-1143
-1283
-1468
-1752
-2024
-2211
-2214
-1798
-939
-200
-78
-443
-694
-535
-106
439
970
1383
1550
1464
1387
1388
1390
1455
1570
1629
1596
1588
1718
1850
1679
1227
697
279
59
-7
138
371
450
239
-260
-771
-1079
-1068
-804
-500
-200
-79
-198
-310
-553
-1565
-3038
-3577
-2454
-851
-379
-625
-664
-1030
-2341
-3428
-2691
-911
107
426
860
1038
542
368
1312
2215
1902
1419
1962
2684
2676
2692
3356
3501
2326
792
-112
-471
-567
-155
476
368
-579
-1526
-2138
-2755
-3182
-2882
-2106
-1693
-1649
-1332
-713
-242
-142
-115
25
235
612
1147
1723
2098
2238
2238
2045
1632
1189
1025
1085
1007
598
118
-159
-329
-557
-811
-1028
-1384
-1803
-1996
-1972
-1800
-1546
-1253
-1019
-1139
-1445
-1366
-824
-262
-14
106
363
682
1095
1580
1978
2131
1904
1488
1128
909
1006
1338
1536
1360
858
285
-204
-555
-778
-912
-1020
-1110
-1121
-1056
-1002
-941
-844
-821
-871
-833
-514
61
678
1117
1377
1542
1603
1613
1663
1762
1775
1598
1310
1014
799
650
632
470
-715
-2724
-4122
-3997
-3121
-2869
-2891
-2431
-2264
-3232
-4342
-3873
-2404
-1587
-1323
-760
-139
31
421
1684
2905
3046
2849
3065
3146
2877
3087
4143
4751
4070
2881
1843
847
-79
-471
-483
-811
-1448
-1955
-2370
-2879
-3144
-2911
-2663
-2899
-3170
-2782
-1992
-1304
-713
46
816
1179
1230
1311
1589
1961
2347
2789
3063
3007
2850
2856
2881
2572
1963
1355
773
137
-381
-547
-578
-816
-1247
-1772
-2242
-2571
-2600
-2268
-1967
-1932
-1979
-1858
-1524
-1061
-508
-117
-65
-111
43
447
986
1527
1975
2150
1973
1698
1558
1482
1246
947
751
588
373
121
-85
-326
-761
-1339
-1829
-2115
-2334
-2393
-2101
-1613
-1246
-1080
-951
-783
-640
-487
-177
282
808
1366
1923
2331
2525
2583
2517
2324
2084
1979
2042
2049
1853
1566
1222
767
397
-115
-1643
-3696
-4671
-4119
-3418
-3528
-3395
-2676
-2636
-3922
-4899
-4087
-2838
-2305
-1749
-540
353
574
1347
2632
3234
3034
3231
3788
3644
3261
3883
4946
4789
3700
2871
2203
1032
-123
-582
-1004
-1816
-2520
-2841
-3233
-3763
-3707
-3190
-3070
-3378
-3250
-2550
-1973
-1406
-444
751
1654
2214
2775
3266
3587
3867
4152
4149
3838
3621
3679
3637
3217
2663
1997
1000
-215
-1223
-1859
-2423
-3104
-3621
-3906
-4168
-4396
-4365
-4034
-3714
-3499
-3233
-2905
-2451
-1656
-565
426
1062
1482
1963
2405
2673
2960
3277
3381
3164
2928
2779
2562
2320
2022
1518
768
-49
-668
-1147
-1629
-2026
-2179
-2210
-2458
-2710
-2657
-2421
-2233
-2016
-1631
-1191
-784
-265
455
1134
1586
1953
2426
2786
2832
2740
2736
2744
2545
2238
1978
1722
1324
722
17
-653
-1157
-1477
-1680
-1944
-2184
-2542
-3641
-5051
-5626
-5039
-4285
-4004
-3416
-2509
-2149
-2537
-2486
-1384
-448
-101
318
1254
1956
2259
3044
4009
4508
4376
4292
4227
3706
3321
3475
3695
3149
2182
1436
722
-131
-885
-1315
-1797
-2437
-2872
-3098
-3243
-3150
-2641
-2064
-1837
-1766
-1434
-895
-480
-100
590
1566
2379
2872
3217
3506
3604
3418
3115
2826
2617
2427
2245
2045
1730
1268
694
35
-709
-1372
-1890
-2354
-2793
-3055
-2998
-2759
-2551
-2453
-2397
-2365
-2308
-2126
-1772
-1302
-789
-246
111
294
461
716
1036
1231
1382
1509
1558
1526
1462
1361
1083
647
220
-70
-262
-424
-568
-657
-753
-965
-1264
-1495
-1566
-1507
-1344
-1132
-912
-645
-246
214
575
768
857
976
1088
1150
1326
1548
1650
1561
1404
1274
1045
786
519
180
-194
-503
-628
-641
-675
-663
-554
-480
-637
-905
-1017
-1375
-2208
-2864
-2787
-2214
-1964
-1904
-1599
-1407
-1681
-2085
-1684
-892
-541
-377
50
629
866
1224
1940
2532
2764
2764
2980
3090
3069
3292
3516
3393
2767
2199
1682
944
286
-211
-732
-1443
-1977
-2206
-2425
-2594
-2470
-2233
-2279
-2585
-2602
-2220
-1790
-1222
-423
435
1002
1433
1947
2332
2586
2754
2871
2713
2283
2005
1928
1839
1580
1343
1063
484
-217
-837
-1315
-1849
-2426
-2903
-3266
-3434
-3283
-2844
-2396
-2156
-2080
-1996
-1898
-1646
-1119
-476
35
305
623
1057
1456
1854
2282
2632
2655
2469
2290
2186
2114
1992
1825
1440
881
404
123
-62
-293
-542
-797
-1121
-1462
-1654
-1636
-1470
-1251
-1047
-892
-770
-573
-267
-28
124
342
564
729
851
1057
1357
1473
1406
1231
990
763
525
386
255
61
-84
-210
-308
-357
-290
-217
-375
-636
-957
-1413
-1815
-1897
-1677
-1599
-1637
-1540
-1342
-1298
-1377
-1047
-600
-543
-726
-629
-177
81
334
868
1381
1658
1780
2028
2233
2339
2600
2848
2701
2146
1786
1639
1205
567
52
-330
-760
-1162
-1350
-1440
-1542
-1557
-1579
-1781
-2120
-2175
-1891
-1638
-1373
-873
-138
434
782
1135
1419
1550
1488
1426
1392
1294
1254
1266
1212
1026
819
662
363
-115
-549
-824
-1099
-1515
-1872
-2040
-2076
-2081
-2108
-2041
-1867
-1591
-1192
-839
-535
-223
64
307
448
683
1073
1500
1814
1969
2135
2245
2294
2246
2077
1841
1488
1173
859
515
211
-75
-315
-627
-982
-1215
-1314
-1398
-1533
-1669
-1781
-1895
-1970
-1890
-1625
-1267
-899
-553
-300
-65
174
443
744
963
1178
1325
1415
1514
1623
1789
1895
1911
1838
1664
1419
1162
889
574
246
-108
-473
-854
-1220
-1478
-1655
-1846
-2058
-2229
-2293
-2287
-2240
-2115
-1915
-1665
-1429
-1200
-880
-463
14
478
897
1294
1702
2112
2386
2555
2712
2805
2719
2426
2082
1732
1316
791
235
-250
-746
-1250
-1676
-1952
-2103
-2203
-2230
-2220
-2186
-2106
-1930
-1670
-1364
-965
-479
61
631
1173
1623
1951
2183
2327
2347
2254
2075
1832
1579
1294
992
703
386
90
-179
-451
-793
-1160
-1468
-1754
-2001
-2118
-2099
-2023
-1893
-1691
-1408
-1053
-680
-271
117
374
513
593
699
819
931
1068
1243
1418
1514
1559
1548
1422
1174
813
365
-81
-425
-647
-806
-943
-1014
-1026
-1047
-1120
-1194
-1190
-1124
-1066
-1012
-906
-713
-449
-194
60
308
526
717
930
1191
1436
1681
1920
2054
2043
1913
1726
1514
1269
1011
763
531
242
-88
-447
-897
-1345
-1675
-1852
-2016
-2175
-2178
-2084
-1957
-1853
-1662
-1365
-1124
-943
-778
-547
-293
-17
276
529
782
1082
1411
1647
1817
1967
2063
2008
1760
1410
1051
732
426
118
-221
-520
-704
-825
-967
-1206
-1360
-1407
-1425
-1393
-1282
-1044
-809
-588
-355
-147
49
322
632
875
1062
1265
1499
1596
1598
1619
1615
1488
1214
924
663
368
5
-289
-475
-641
-796
-943
-1063
-1169
-1208
-1181
-1189
-1222
-1220
-1161
-1073
-964
-786
-511
-235
-23
160
314
441
501
526
540
541
537
511
493
478
488
461
388
260
87
-52
-181
-271
-332
-344
-325
-317
-286
-235
-125
21
113
115
98
103
120
181
278
375
440
526
607
626
586
511
452
411
369
324
318
354
361
300
178
-13
-222
-417
-629
-804
-886
-864
-834
-825
-794
-710
-622
-599
-607
-533
-383
-286
-218
-133
0
160
307
430
494
541
573
597
583
508
449
417
357
237
118
75
66
41
10
-26
-72
-117
-177
-214
-243
-272
-277
-272
-233
-162
-64
9
22
3
-32
-59
-58
-49
-61
-69
-73
-71
-61
-53
33
148
229
269
312
384
416
438
404
336
261
152
61
8
-22
-28
14
65
84
53
5
-67
-181
-267
-336
-371
-389
-428
-431
-438
-446
-408
-318
-217
-147
-96
-51
-35
-17
9
31
98
183
256
300
329
349
361
357
303
233
208
232
248
225
180
144
122
61
-15
-68
-74
-59
-57
-71
-128
-194
-259
-334
-420
-482
-509
-503
-425
-320
-207
-95
6
49
39
76
163
234
272
284
272
258
248
261
297
297
278
263
228
161
119
145
140
93
57
23
-33
-108
-189
-272
-333
-380
-398
-416
-434
-380
-289
-166
-61
34
149
224
271
241
187
181
202
239
266
262
219
156
75
-17
-85
-72
-25
-52
-169
-324
-437
-491
-516
-503
-437
-343
-240
-125
8
151
274
364
417
447
484
524
558
584
582
519
424
308
195
113
31
-46
-135
-257
-369
-448
-505
-567
-639
-667
-657
-611
-544
-467
-369
-257
-152
-89
-9
86
174
255
321
416
523
598
607
587
579
553
493
410
342
296
253
188
119
69
4
-97
-211
-323
-414
-457
-451
-450
-436
-401
-373
-344
-321
-304
-279
-235
-189
-135
-44
44
99
124
143
167
216
302
379
422
396
334
265
183
106
53
37
20
-19
-64
-94
-108
-119
-123
-115
-111
-110
-90
-54
-7
32
54
52
16
7
26
53
97
107
77
67
99
139
129
87
82
91
77
13
-54
-86
-109
-137
-194
-268
-316
-322
-304
-269
-245
-230
-222
-200
-143
-71
23
131
215
246
271
321
382
429
462
489
485
465
421
379
315
209
87
-59
-210
-338
-416
-454
-470
-483
-493
-514
-543
-564
-579
-552
-519
-493
-441
-365
-255
-110
39
151
248
341
385
395
408
399
376
346
319
302
288
265
225
169
81
-23
-118
-176
-203
-227
-256
-295
-320
-326
-359
-407
-424
-422
-406
-380
-337
-263
-170
-92
-17
66
135
187
219
241
271
303
332
358
383
408
442
448
402
326
244
171
97
31
-4
-8
-3
19
33
39
31
-3
-26
-24
8
39
68
99
120
138
150
165
179
179
153
117
114
146
168
137
88
50
12
-41
-83
-96
-92
-78
-67
-63
-61
-58
-47
-31
-38
-61
-60
-42
-30
5
73
124
133
106
45
-28
-81
-105
-97
-61
-50
-74
-79
-79
-87
-85
-57
-23
-10
-14
-39
-72
-108
-171
-234
-251
-224
-185
-136
-78
-41
-16
5
11
-11
-56
-93
-94
-68
-38
3
42
50
38
31
2
-45
-90
-136
-174
-192
-156
-57
32
55
-1
-99
-185
-253
-294
-290
-218
-128
-97
-128
-126
-60
7
34
16
-11
-27
-41
-22
38
98
123
110
94
104
142
214
277
256
192
143
131
163
195
199
150
66
-15
-73
-73
-10
64
113
136
125
106
80
50
48
54
26
-5
42
113
132
137
148
155
146
135
141
170
194
186
173
153
129
119
130
141
121
84
42
11
-10
-37
-42
-13
-12
-42
-35
4
30
30
9
-35
-80
-102
-117
-117
-96
-93
-102
-110
-117
-114
-80
-46
-38
-35
-23
-42
-86
-118
-156
-182
-174
-156
-160
-161
-139
-100
-56
-23
-7
-5
-24
-48
-57
-74
-90
-96
-111
-131
-139
-125
-101
-88
-90
-99
-110
-123
-138
-145
-156
-180
-198
-209
-220
-209
-164
-108
-63
-56
-59
-21
48
119
162
187
198
205
200
176
169
195
224
226
202
164
135
138
129
91
41
0
-27
-27
-6
-8
-38
-70
-90
-91
-73
-31
17
40
38
40
70
122
169
201
234
275
303
308
312
321
316
292
262
220
166
130
108
77
39
-3
-35
-55
-56
-78
-121
-145
-160
-188
-208
-186
-140
-104
-74
-52
-39
-35
-48
-53
-43
-40
-33
-29
-26
-27
-31
-17
-5
-11
-34
-66
-96
-132
-160
-171
-156
-129
-106
-90
-70
-31
1
-11
-57
-90
-98
-93
-89
-103
-124
-143
-143
-126
-90
-49
-14
17
32
28
-9
-60
-97
-111
-112
-102
-92
-70
-33
-16
-22
-36
-41
-31
-7
8
14
18
7
-3
24
73
105
120
150
195
202
163
117
99
108
134
183
235
284
312
300
255
185
117
60
7
-22
-28
-20
1
17
31
43
46
46
44
49
40
14
-15
-43
-68
-90
-93
-91
-79
-50
-35
-31
-25
-17
-19
-21
-6
2
-3
3
12
6
3
18
41
57
55
53
55
56
54
38
1
-33
-45
-39
-36
-43
-56
-71
-87
-131
-193
-225
-222
-221
-224
-207
-159
-114
-90
-77
-76
-76
-67
-68
-82
-84
-68
-51
-40
-28
-6
21
36
41
24
15
35
70
99
112
118
110
87
55
26
35
55
40
12
5
11
8
0
-7
-14
-15
-29
-43
-41
-25
-2
11
18
25
18
7
-24
-54
-53
-39
-12
1
-4
0
22
41
34
27
34
28
16
9
13
16
0
5
28
59
95
121
126
115
103
124
162
172
172
160
144
128
119
116
123
133
110
84
70
71
60
54
59
55
61
69
64
43
28
19
1
-18
-36
-49
-41
-38
-44
-49
-69
-78
-80
-85
-85
-74
-54
-44
-45
-50
-52
-66
-85
-80
-70
-73
-60
-27
-23
-71
-112
-122
-132
-150
-178
-205
-214
-203
-183
-187
-211
-220
-214
-221
-256
-274
-252
-215
-176
-138
-111
-90
-70
-52
-41
-36
-29
-22
-8
16
50
80
88
84
90
106
113
105
111
130
148
152
151
142
115
107
114
119
117
123
146
148
132
118
107
93
65
38
39
53
58
64
91
114
112
97
85
78
75
76
69
58
52
46
42
21
0
10
22
28
38
49
52
38
28
19
2
-18
-40
-43
-30
-13
-4
-8
-7
-9
-9
-13
-25
-35
-34
-24
-13
-2
4
-7
-20
-25
-24
-20
9
35
37
37
46
55
54
36
5
-21
-41
-59
-72
-75
-69
-66
-61
-47
-43
-54
-64
-67
-62
-46
-18
6
9
2
5
18
27
27
34
57
79
87
91
86
51
18
15
-1
-29
-32
-23
-19
-28
-31
-42
-71
-82
-92
-115
-117
-100
-89
-82
-53
-15
-7
-24
-33
-27
-26
-28
-28
-8
28
60
83
87
74
55
42
37
33
33
25
10
2
-3
-16
-35
-38
-39
-41
-36
-31
-19
-9
-6
-14
-17
1
22
32
35
45
63
72
68
63
67
66
49
33
29
22
22
15
-15
-46
-53
-61
-83
-89
-76
-70
-65
-48
-35
-31
-29
-30
-35
-33
-22
-12
-6
-12
-20
-17
-17
-12
1
13
25
23
18
20
15
8
2
2
15
37
49
47
39
35
29
22
21
36
44
41
36
22
6
-18
-40
-53
-54
-47
-45
-45
-36
-25
-26
-23
-6
5
-1
-12
-12
7
26
37
33
23
21
20
19
23
33
32
22
23
31
36
34
16
-8
-19
-15
-12
-19
-24
-28
-31
-41
-56
-61
-65
-62
-50
-48
-50
-43
-32
-28
-25
-1
36
66
89
101
99
83
71
68
63
62
69
64
39
17
1
-15
-31
-37
-40
-50
-53
-54
-70
-81
-81
-79
-71
-53
-43
-39
-31
-17
3
16
30
55
71
72
68
58
50
39
31
23
16
20
24
15
-5
-14
-21
-29
-32
-36
-36
-33
-24
-16
-23
-29
-31
-29
-23
-10
-3
-3
7
25
40
47
44
33
23
27
44
54
58
54
39
31
25
13
-5
-20
-17
-11
-18
-32
-45
-56
-63
-76
-94
-89
-74
-59
-41
-24
-15
2
12
9
11
16
17
15
24
43
50
47
42
40
36
34
32
24
12
6
1
-3
-3
-9
-21
-35
-43
-42
-33
-24
-14
-3
8
14
14
12
22
29
32
39
38
34
35
32
18
-2
-13
-19
-24
-33
-38
-39
-37
-31
-28
-32
-37
-35
-32
-27
-19
-4
6
3
7
18
27
26
26
23
17
16
13
11
5
-1
-5
-10
-10
-9
0
8
11
7
1
0
-3
-7
-9
-11
-13
-19
-21
-23
-24
-12
1
7
18
26
22
23
25
25
21
12
7
0
-7
-10
-14
-25
-35
-41
-38
-25
-11
-1
3
4
8
10
7
6
10
15
21
22
26
34
39
37
27
11
-2
-10
-17
-19
-15
-17
-23
-27
-28
-27
-30
-34
-29
-22
-9
14
32
41
48
45
46
50
53
58
60
62
63
61
51
37
27
18
13
11
13
16
13
10
6
-5
-10
-17
-21
-15
-5
2
7
14
22
25
27
36
37
28
28
31
27
23
18
13
7
-2
-6
-6
-5
-5
-9
-14
-19
-27
-39
-43
-43
-43
-51
-58
-64
-74
-88
-97
-100
-103
-103
-96
-85
-76
-67
-60
-56
-53
-50
-40
-32
-31
-29
-26
-22
-16
-6
1
6
13
17
18
20
23
28
32
36
40
43
44
51
55
52
44
37
32
24
22
22
20
21
20
17
18
14
7
3
-1
-4
-4
-2
6
6
6
9
10
10
10
12
16
18
18
15
9
5
-1
-16
-32
-43
-51
-56
-62
-60
-55
-54
-55
-61
-63
-59
-55
-46
-40
-36
-31
-28
-19
-12
-10
-6
-2
-4
0
13
22
39
54
64
71
71
75
78
78
75
73
70
65
64
68
72
76
71
61
51
50
54
53
49
44
39
26
8
-3
-12
-20
-27
-33
-36
-29
-18
-7
-1
2
-8
-22
-33
-39
-37
-34
-33
-26
-20
-15
-9
-8
-13
-19
-24
-32
-33
-25
-13
-3
0
-2
-16
-26
-33
-36
-30
-28
-23
-20
-17
-11
-7
-5
-8
-14
-23
-27
-26
-26
-25
-23
-25
-30
-35
-38
-32
-29
-23
-18
-18
-20
-16
-13
-13
-6
-2
0
3
8
16
20
28
29
25
23
20
22
25
24
27
27
28
33
33
29
24
19
16
11
11
13
15
18
19
19
16
12
16
23
25
31
37
41
45
53
58
63
64
57
54
46
44
39
36
35
34
31
23
13
2
-10
-21
-32
-46
-56
-57
-59
-64
-70
-72
-74
-74
-73
-65
-54
-42
-30
-23
-18
-15
-15
-13
-16
-20
-20
-20
-17
-13
-9
-2
2
-2
0
7
7
5
1
-2
-4
-11
-19
-23
-20
-11
-3
10
21
28
31
32
31
29
29
27
25
20
15
14
17
19
14
10
5
-3
-11
-18
-18
-18
-20
-18
-13
-10
-11
-9
-8
-4
1
-1
1
3
4
8
5
3
0
-3
0
-1
-3
-8
-14
-19
-28
-30
-39
-43
-43
-41
-39
-39
-40
-38
-34
-33
-29
-20
-13
-5
0
9
18
27
38
43
50
57
62
66
69
71
73
73
68
58
51
41
32
28
28
30
34
34
32
28
22
22
24
25
27
27
32
41
47
53
57
58
57
52
46
42
38
28
17
6
-7
-19
-29
-38
-49
-57
-60
-61
-63
-67
-69
-68
-71
-73
-73
-70
-62
-53
-45
-37
-25
-18
-14
-13
-16
-15
-11
-12
-15
-15
-14
-15
-16
-18
-17
-14
-12
-11
-15
-15
-18
-23
-27
-28
-27
-27
-21
-15
-6
1
4
12
19
20
22
21
23
23
22
24
24
23
22
17
9
2
-4
-12
-18
-21
-21
-22
-22
-20
-14
-8
-3
3
7
14
18
22
24
25
30
32
31
25
21
19
16
14
14
13
14
14
8
2
-1
-8
-11
-15
-25
-30
-35
-36
-32
-27
-23
-22
-25
-29
-28
-26
-25
-24
-21
-16
-10
1
10
19
22
23
22
20
17
15
14
14
14
14
19
22
17
11
9
8
8
13
15
13
12
9
9
7
5
6
2
2
4
1
6
8
11
14
13
10
5
0
-1
-3
-2
6
10
16
18
16
17
21
24
25
25
22
20
19
24
32
34
35
30
23
20
15
7
-1
-4
-10
-14
-17
-20
-21
-20
-22
-23
-22
-26
-24
-27
-31
-35
-39
-39
-35
-38
-36
-29
-27
-26
-24
-21
-14
-10
-10
-10
-10
-14
-14
-11
-4
2
3
2
1
4
7
11
13
16
14
7
-2
-10
-10
-9
-10
-16
-23
-23
-22
-18
-14
-14
-15
-17
-22
-24
-26
-22
-19
-21
-20
-15
-6
3
9
10
11
8
8
9
11
15
18
25
32
39
44
48
46
39
35
34
32
35
36
41
42
36
28
24
24
23
19
13
6
0
-3
-3
0
-1
-2
-3
-8
-12
-15
-14
-11
-11
-13
-17
-23
-27
-28
-31
-30
-28
-23
-22
-20
-16
-16
-17
-18
-23
-29
-31
-33
-30
-28
-24
-22
-20
-12
-7
-3
-3
-7
-8
-13
-11
-4
6
15
24
27
26
26
29
37
38
35
32
27
23
22
21
19
18
17
17
18
24
30
33
33
31
31
28
28
26
26
30
28
25
26
28
28
26
23
19
14
9
9
10
11
8
4
-5
-13
-16
-16
-15
-12
-14
-17
-23
-28
-30
-30
-26
-27
-27
-28
-31
-35
-36
-34
-39
-42
-43
-41
-40
-39
-36
-33
-32
-34
-33
-30
-27
-27
-28
-30
-31
-34
-34
-32
-27
-22
-19
-16
-14
-15
-16
-12
-6
-3
-2
2
6
6
5
6
5
4
7
8
6
4
4
7
10
12
13
11
9
9
12
14
16
16
18
25
27
27
28
31
31
29
25
24
20
17
15
13
11
12
12
10
10
10
11
15
21
23
23
23
17
15
13
13
14
11
8
8
9
9
5
2
-2
-3
-1
2
0
0
-3
-8
-8
-10
-7
-1
0
4
5
3
2
1
1
1
-1
-2
-1
0
2
4
6
4
4
3
0
1
4
6
9
11
14
16
17
16
17
17
17
19
22
27
31
31
29
25
18
13
11
11
11
6
2
-6
-9
-10
-14
-16
-15
-15
-19
-20
-21
-20
-19
-22
-25
-28
-28
-26
-20
-19
-22
-24
-25
-28
-31
-32
-34
-35
-38
-44
-48
-50
-48
-47
-44
-47
-46
-44
-40
-38
-32
-26
-21
-15
-10
-6
-3
-1
2
3
4
7
6
7
4
0
2
1
2
1
2
5
8
7
9
10
7
4
4
8
16
24
31
35
40
46
51
54
54
51
48
44
41
39
36
36
36
35
34
34
35
34
29
26
19
11
6
1
-3
-7
-7
-9
-9
-10
-12
-13
-12
-10
-5
-1
-1
0
3
6
8
5
4
6
4
6
9
14
19
19
16
10
9
2
-6
-13
-14
-13
-12
-11
-14
-17
-20
-23
-28
-29
-30
-28
-28
-26
-22
-21
-20
-16
-15
-16
-16
-14
-14
-12
-9
-7
-8
-9
-14
-17
-15
-14
-15
-16
-16
-15
-12
-11
-7
-5
-1
-2
-7
-13
-17
-15
-13
-7
-3
-2
-1
0
3
6
7
9
10
13
17
22
26
28
27
25
23
21
19
16
12
10
10
10
10
6
1
0
1
1
-3
-7
-8
-9
-7
-3
1
2
6
5
3
6
13
21
24
24
19
13
11
12
9
3
-3
-6
-5
-5
-7
-6
-5
-5
-3
-6
-7
-9
-15
-15
-15
-16
-17
-18
-16
-13
-11
-10
-8
-6
-5
-7
-9
-5
-1
1
2
4
2
1
2
2
3
7
7
8
4
-1
-3
-2
-5
-6
-8
-11
-14
-15
-12
-14
-14
-14
-12
-10
-8
-5
-4
0
3
5
8
9
13
18
22
24
26
26
25
24
23
23
21
19
15
13
8
6
6
4
2
1
-1
-1
-1
-1
-3
-5
-7
-8
-8
-6
-7
-12
-14
-12
-11
-7
-4
-3
-3
-5
-9
-10
-9
-6
-6
-4
0
1
1
3
3
5
3
1
1
3
2
0
-1
-1
0
-3
-3
-4
-2
-1
-1
3
6
9
10
9
12
12
14
18
21
25
26
27
28
24
19
12
9
7
8
9
7
8
6
3
-1
-6
-11
-15
-20
-23
-23
-20
-20
-21
-26
-27
-26
-24
-19
-19
-18
-20
-20
-16
-12
-10
-7
-6
-6
-4
-6
-6
-4
-4
-5
-6
-5
-1
2
3
1
-2
-4
-6
-5
-2
-1
3
4
6
4
1
-6
-10
-5
-1
3
7
8
14
20
20
21
22
23
27
27
30
32
33
33
35
33
30
25
22
22
16
12
8
6
4
2
1
-3
-5
-4
-7
-10
-13
-15
-17
-19
-18
-19
-20
-20
-18
-15
-15
-17
-16
-16
-15
-15
-15
-15
-15
-14
-17
-21
-22
-22
-20
-21
-20
-18
-20
-22
-24
-23
-20
-17
-15
-12
-11
-9
-5
1
8
11
13
15
17
23
25
27
27
26
26
28
25
26
26
25
23
21
18
17
18
15
14
14
12
7
5
1
2
0
-2
-3
-2
-2
-3
-5
-4
-3
-2
-1
-1
-1
-4
-4
-5
-8
-10
-15
-19
-22
-23
-24
-25
-26
-26
-24
-22
-23
-23
-21
-18
-15
-14
-13
-9
-3
0
1
1
0
-2
-2
-5
-4
2
4
5
10
13
16
16
16
13
11
9
11
14
16
22
19
18
15
14
17
21
27
33
32
31
27
28
29
29
31
25
19
17
15
14
14
12
10
10
7
4
2
-1
-5
-10
-13
-14
-15
-17
-18
-19
-22
-22
-23
-19
-15
-10
-9
-10
-12
-15
-17
-19
-20
-20
-17
-15
-16
-16
-17
-19
-23
-28
-30
-30
-28
-26
-24
-25
-26
-27
-26
-25
-23
-19
-16
-12
-11
-11
-12
-13
-14
-16
-18
-18
-19
-18
-18
-17
-12
-10
-7
-7
-4
1
6
8
12
16
20
24
30
38
44
49
52
56
56
55
55
54
52
51
51
52
54
56
54
47
41
31
21
11
5
1
-2
-4
-4
-2
-1
0
-2
-7
-8
-9
-8
-8
-7
-6
-5
-3
-3
-3
-5
-8
-10
-13
-17
-23
-29
-30
-30
-32
-34
-35
-34
-32
-31
-33
-34
-36
-36
-34
-32
-32
-29
-24
-20
-15
-10
-6
0
4
8
10
10
14
15
17
18
16
12
8
10
12
16
17
14
12
11
10
13
14
12
15
17
19
19
20
18
17
15
10
9
8
7
7
5
4
4
2
1
1
-1
-4
-7
-11
-14
-15
-14
-13
-13
-16
-17
-15
-13
-9
-7
-7
-9
-9
-8
-8
-9
-8
-9
-7
-4
-5
-2
-4
-6
-5
-5
-3
-2
-2
0
2
2
2
2
2
3
4
3
4
7
8
7
6
2
-1
-4
-4
-4
-2
0
1
-1
-3
-5
-7
-9
-11
-10
-10
-8
-6
-4
-2
-1
-3
-5
-6
-5
-6
-8
-8
-7
-7
-5
-1
1
2
6
11
12
13
13
13
13
14
17
19
22
20
20
20
21
20
19
20
21
23
25
26
26
23
20
14
6
0
-3
-2
-2
-2
-3
-1
-3
-4
-5
-8
-9
-10
-9
-7
-5
-4
-6
-6
-7
-9
-10
-12
-11
-9
-7
-6
-4
-4
-5
-6
-9
-11
-11
-12
-13
-12
-13
-14
-12
-12
-10
-7
-4
-2
1
1
-1
-4
-8
-9
-12
-13
-14
-13
-12
-10
-11
-12
-14
-16
-16
-14
-8
-6
-2
0
3
7
7
6
6
6
7
8
10
12
15
16
15
13
10
8
7
5
5
6
6
7
6
6
5
5
4
1
1
2
3
3
3
1
1
3
3
5
6
5
3
2
2
5
7
8
8
8
9
10
8
8
4
2
0
0
1
0
-1
-4
-7
-9
-10
-10
-10
-10
-11
-11
-10
-10
-10
-8
-5
-6
-5
-4
-4
-4
-4
-2
2
5
10
12
13
10
6
4
5
9
11
14
17
19
18
18
15
10
6
1
-2
-6
-9
-7
-4
-4
-4
-7
-8
-11
-12
-12
-17
-17
-16
-14
-13
-14
-13
-11
-6
-5
-5
-3
-2
-1
2
3
4
4
5
4
3
1
0
0
0
2
4
2
1
-3
-6
-7
-6
-6
-8
-9
-8
-8
-7
-7
-8
-6
-3
0
2
2
3
6
11
16
20
21
20
19
19
19
17
15
13
9
7
5
4
1
-2
-4
-6
-7
-8
-9
-9
-12
-13
-16
-18
-17
-13
-7
0
3
5
6
6
8
6
4
6
6
10
13
14
15
15
11
7
5
3
1
0
-2
-5
-7
-9
-11
-13
-14
-17
-16
-15
-13
-12
-10
-7
-5
-5
-7
-6
-3
-1
2
3
2
3
1
0
-2
0
1
1
1
4
5
6
6
3
2
1
0
1
3
4
5
4
5
4
2
2
2
4
8
12
15
18
20
20
17
13
9
7
5
5
8
9
8
7
6
5
3
1
-3
-6
-7
-10
-12
-11
-9
-9
-8
-8
-9
-8
-8
-5
-1
3
6
6
5
3
1
2
0
-1
-2
-3
-4
-3
-4
-5
-6
-6
-7
-8
-12
-13
-12
-9
-6
-5
-6
-7
-7
-10
-12
-15
-17
-16
-14
-13
-12
-10
-9
-8
-9
-8
-7
-6
-6
-6
-4
-3
-1
0
-2
0
1
4
7
11
12
16
17
16
16
13
13
12
11
12
12
12
9
9
8
6
6
6
9
9
9
8
7
6
5
5
4
2
-2
-3
-1
2
6
9
9
7
5
3
1
0
0
-1
-2
-4
-5
-6
-5
-7
-9
-10
-13
-12
-12
-12
-9
-7
-5
-2
-1
-3
-4
-2
0
-1
0
1
-1
-1
-2
-3
-8
-12
-15
-14
-11
-8
-3
0
4
9
14
17
20
21
16
10
5
3
4
5
6
4
2
2
1
-1
0
0
0
-1
-4
-3
