1
1
2
1
2
1
1
1
1
1
1
1
1
1
1
0
1
1
0
0
0
0
1
1
1
1
0
0
0
0
0
-1
-2
-3
-2
-2
-2
-2
-2
-2
-2
-3
-2
-3
-2
-1
-2
-2
-1
-1
-1
-2
-2
-2
-2
-2
-2
-1
0
0
0
1
1
2
2
1
2
2
2
2
2
2
2
2
2
1
1
1
1
1
1
1
2
1
0
1
1
1
1
1
1
1
0
0
1
0
-1
-1
-1
0
-1
0
0
-1
0
-1
0
-2
-2
-1
-2
-2
-1
-1
0
-1
-1
-1
0
-1
-1
-1
-2
-2
-3
-1
-1
-1
0
0
0
-1
0
0
-1
0
0
0
1
0
1
1
1
1
2
2
2
2
1
2
2
1
1
1
0
1
2
0
1
1
0
1
1
1
0
1
1
1
1
0
1
2
1
1
0
1
1
0
0
-1
0
-1
0
0
-1
0
0
-1
-1
0
-1
-1
-2
-1
-1
-2
-2
-2
-2
-2
-1
-1
-2
-1
-1
-2
-1
-1
-1
-1
-2
-1
-1
-1
-1
0
-1
0
1
1
1
1
1
1
0
0
0
0
1
1
1
0
1
0
1
1
2
1
3
2
2
3
1
3
2
2
2
1
1
1
1
1
0
0
0
-1
0
0
0
0
1
1
0
0
0
0
-1
-2
-1
-1
0
-1
-1
-1
-1
-1
-2
-1
-1
-1
-1
-1
-2
-1
-1
-1
0
0
-1
-1
-1
-1
0
-1
-2
-2
-2
-3
-3
-2
-2
-1
-1
-1
0
0
0
1
2
1
2
2
3
3
4
3
2
2
2
1
2
1
1
1
2
1
1
1
1
0
1
0
1
1
1
1
1
1
1
1
0
1
0
0
0
0
0
-1
-2
-2
-2
-2
-2
-1
-2
-1
-1
-1
-1
-1
0
-2
-1
-2
-1
-2
-2
-1
-2
-1
-2
-2
-2
-2
-1
-2
-1
0
0
0
0
0
1
1
0
1
1
2
3
1
1
1
1
1
0
1
1
1
1
1
1
0
0
1
0
1
1
0
1
1
0
0
1
1
0
0
0
1
0
0
0
1
0
1
1
0
0
1
1
2
1
1
0
1
1
1
0
0
0
-1
-1
-1
-1
0
-1
-1
-2
-1
0
0
-1
0
-1
-1
0
0
-1
-1
-1
0
1
0
0
-1
0
0
-1
0
-1
0
-1
-1
-2
-1
-1
-1
-2
-1
-1
0
0
0
0
1
1
0
1
1
0
1
1
1
1
2
2
2
1
1
2
2
2
2
2
2
1
1
0
1
-1
-1
-1
0
0
0
0
-1
-1
-1
-1
-2
-1
-1
-2
-1
-1
0
-1
0
1
0
0
0
0
1
0
1
0
1
1
2
1
0
1
-1
0
-1
-1
0
0
0
1
1
0
0
0
1
1
1
1
1
1
1
1
0
0
1
0
-1
0
-1
0
0
0
1
1
-1
0
0
0
0
0
1
0
0
-1
0
0
-1
-1
-1
-1
-2
-1
-2
-1
-1
-1
-1
-1
-1
-1
0
-1
0
1
0
1
1
1
1
2
2
1
2
2
0
1
1
1
1
0
-1
0
0
0
0
1
0
0
1
1
0
0
0
1
1
0
0
0
0
0
1
1
1
1
1
0
0
1
1
1
1
1
0
1
0
0
-1
0
-1
-1
-1
-2
-2
-1
-1
-2
-2
-2
-2
-2
-1
-1
-2
-1
0
-2
-1
-1
-1
-1
0
0
1
0
0
0
0
0
-1
0
0
1
0
1
1
0
1
1
0
2
1
1
1
1
1
1
1
0
1
0
1
1
0
1
1
0
0
1
0
0
0
0
1
0
0
1
1
0
1
0
0
-1
0
0
0
0
0
0
-1
-1
-2
-2
-1
-2
-2
-2
-2
-2
-1
-2
-2
-2
-2
-2
-1
0
-1
0
0
-1
-1
0
-1
0
1
1
0
1
2
2
1
1
1
1
2
1
1
1
1
1
2
1
2
1
0
1
0
0
0
0
0
1
0
1
1
1
0
1
1
1
0
0
1
1
0
0
0
0
0
1
0
0
1
-1
0
0
-1
-1
0
-1
-1
-1
-2
0
-1
-1
-1
-1
-2
-1
-2
-1
0
-1
0
-1
-1
-1
-1
-1
-1
-1
0
-1
-1
0
-1
-1
-1
0
-1
-2
0
-1
-1
-1
-1
0
0
-1
0
0
0
0
1
0
0
0
0
0
0
1
0
1
0
1
1
1
2
1
2
2
2
3
2
2
2
1
1
1
2
1
1
1
1
0
1
-1
0
0
-1
0
-1
-1
-1
-1
-1
-2
-1
0
-1
-2
-1
-1
-2
-1
-1
-2
-1
-2
-1
-1
-1
-1
-2
-2
-1
-1
-1
-2
-1
-1
-1
-1
0
-1
1
1
1
0
1
1
1
2
2
3
2
2
2
2
2
2
1
1
1
1
1
2
1
1
1
1
1
1
1
1
1
0
0
0
0
1
0
0
0
0
0
-1
-1
-1
0
-1
-1
-1
0
-1
0
-1
-1
-1
-1
-1
-1
-1
-2
-1
-1
-2
-1
-1
-1
-2
-2
-1
-1
-2
0
0
-1
-1
0
0
0
0
0
0
0
0
1
0
1
1
1
0
1
1
1
1
1
1
1
0
0
2
1
1
2
1
2
1
2
0
2
1
1
0
0
0
-1
1
-1
0
0
0
0
0
0
0
0
0
0
1
0
1
1
0
0
0
1
0
1
-1
0
0
0
-1
0
-1
0
-1
-1
0
0
-1
-1
-1
0
-1
-1
-1
-1
-1
-1
0
0
0
-1
0
-1
0
-1
-1
-1
-1
-1
-1
-1
0
0
0
0
0
0
0
-1
-1
0
0
0
0
0
0
0
0
0
1
1
0
1
0
1
0
1
1
1
1
1
1
2
2
1
1
1
1
1
1
1
1
1
0
0
0
0
0
0
0
0
-1
0
-1
-1
-1
-1
-1
-1
0
-1
0
-1
-1
-2
0
-2
-1
0
-1
-1
0
-1
-1
-1
0
-1
-1
0
0
0
0
1
-1
1
0
1
1
0
1
2
1
2
0
1
0
1
0
1
1
1
1
1
1
1
0
0
-1
0
0
0
0
0
0
-1
0
0
0
0
-1
0
-1
-1
-1
-1
-1
-1
-1
1
0
0
0
0
0
0
-1
0
0
-1
-1
0
0
-1
0
0
0
1
0
-1
0
1
0
1
0
0
0
1
1
0
0
0
0
0
1
0
0
1
0
0
1
0
0
0
0
0
1
0
0
0
0
0
0
1
-1
-1
-1
-1
0
-1
-1
0
0
0
0
0
-1
-1
0
-1
0
0
1
0
0
1
1
1
1
0
-1
0
1
-1
-1
0
0
0
-1
-1
-1
-1
-1
-1
-1
0
0
0
0
0
-1
-1
0
-1
0
1
1
1
1
-1
0
0
0
1
0
0
1
1
1
1
1
1
1
1
0
1
1
1
0
1
0
1
0
0
1
0
1
1
1
1
0
0
1
1
0
1
0
1
0
0
0
0
0
0
0
0
-1
0
0
0
0
-1
0
0
-1
-1
-1
-1
0
0
-1
-1
-1
-1
-1
-1
-1
0
-1
0
-1
-1
-1
0
0
0
-1
-1
1
-1
0
0
0
0
-1
0
0
-1
0
0
0
0
1
1
0
-1
-1
-1
-1
-1
-1
-1
0
0
-1
0
0
-1
-1
0
0
0
1
1
0
0
1
1
0
0
1
0
1
1
1
0
1
0
0
0
0
0
0
1
1
0
0
0
0
0
0
0
0
0
0
0
1
0
0
-1
0
-1
0
1
0
0
0
-1
0
-1
0
0
0
0
0
1
1
0
0
1
0
0
0
1
0
1
1
0
1
1
0
0
0
0
1
1
1
1
1
1
1
1
1
1
0
0
0
0
0
0
0
0
0
-1
-1
0
0
-1
-1
0
-1
-2
-2
-1
-1
-1
-1
-2
-1
0
0
0
0
0
0
0
1
0
1
1
1
1
0
-1
0
0
0
-1
0
0
0
0
0
0
-1
0
1
0
0
0
0
0
0
1
-1
0
2
0
0
1
1
0
1
0
-1
0
0
0
0
1
0
0
0
1
0
0
0
0
0
0
0
0
-1
-1
-1
-1
-1
-1
0
0
-1
0
0
0
0
0
0
0
0
0
1
1
1
1
2
2
1
1
1
1
1
0
2
1
1
1
0
1
0
0
0
0
0
0
-1
0
-1
-1
-1
-1
-1
-2
-1
-2
-1
-1
-1
-1
1
0
1
2
0
0
1
1
1
1
1
1
1
0
0
0
0
-1
0
-1
0
0
0
-1
-1
0
0
-1
-1
-1
0
-1
-1
-1
0
-1
0
0
0
-1
0
0
0
0
0
0
0
1
1
1
1
1
1
1
1
1
0
0
0
0
1
1
0
0
0
0
0
0
0
1
1
0
0
0
0
-1
0
-1
0
-1
0
0
-1
-1
0
0
0
0
0
-1
0
-1
0
0
-1
-1
-1
-1
-1
-1
-1
-1
-1
0
-1
0
-1
-1
0
-1
0
0
0
1
0
1
1
1
1
0
0
0
0
2
2
1
1
1
1
1
1
1
1
0
1
1
1
0
0
0
0
0
0
1
0
1
0
1
1
0
1
1
0
0
-1
-1
-1
-1
-1
-1
-2
-1
-1
-1
-2
-2
-2
-2
-2
-2
-1
-1
0
-2
-1
0
0
0
0
1
0
1
1
0
1
1
1
1
1
1
1
0
1
1
1
0
1
1
2
2
2
1
1
1
1
1
1
0
0
0
-1
0
0
-1
0
0
-1
0
0
-2
-1
0
0
-1
0
-1
0
0
0
0
0
-1
-1
0
0
-1
0
-1
0
-1
0
0
1
0
0
0
-1
0
-1
0
-1
-1
0
-1
-1
0
0
0
-2
-1
-1
-1
0
-1
-1
0
0
0
0
1
0
0
-1
-1
0
0
1
0
1
0
0
0
0
1
0
1
1
1
1
2
2
1
1
1
1
1
1
1
1
0
1
1
0
0
0
0
0
1
1
0
0
-1
0
0
0
-1
-1
-1
0
0
0
-1
0
0
0
0
0
0
0
0
1
0
0
1
0
1
0
0
0
0
0
0
0
-1
-1
0
-1
-1
-1
-1
-1
-1
0
-2
-2
-1
-1
-1
-1
-1
-1
-1
-1
0
-1
-1
-1
-1
-1
-1
-1
0
0
0
1
1
1
1
1
1
1
2
2
1
1
2
1
1
0
2
1
0
0
0
1
0
1
1
-1
0
0
0
0
1
0
0
0
1
-1
0
0
-1
0
0
0
0
0
0
0
0
-1
0
0
0
0
0
0
0
0
-1
-1
0
-1
-1
-2
-3
0
-1
-1
-1
0
0
0
0
1
1
0
0
1
1
0
0
1
1
1
1
1
0
0
0
0
1
0
-1
0
1
0
1
1
0
1
0
0
0
1
0
1
-1
-1
-1
-1
-1
0
0
0
0
-1
-2
-2
-2
-1
-2
0
-1
-2
-1
-1
-1
-1
0
0
0
0
0
0
1
0
0
0
1
0
2
2
2
1
1
1
1
1
2
2
2
2
2
1
1
2
1
1
1
0
0
0
1
1
0
-1
-2
-1
0
-1
0
-1
-1
-2
-1
0
0
-1
-3
-2
-1
-1
0
1
2
1
-2
-6
-8
0
13
21
13
-11
-30
-27
-4
22
31
16
-18
-42
-34
-4
23
25
8
-12
-18
-12
-5
-1
4
11
14
7
-3
-13
-12
1
17
24
11
-9
-19
-15
-3
7
11
11
2
-7
-10
-10
-6
3
14
20
15
2
-6
-5
2
10
13
14
11
1
-6
-4
2
3
1
1
2
1
-2
1
4
3
-1
-4
-5
-3
-2
0
1
-4
-11
-13
-11
-7
-4
-6
-6
-7
-10
-16
-19
-18
-15
-9
-5
-8
-13
-15
-5
7
15
10
0
-2
7
19
24
16
2
-6
-1
9
10
4
-1
1
6
12
20
18
8
-2
-7
-14
-25
-18
19
73
93
12
-165
-283
-169
134
371
335
48
-277
-404
-206
210
509
425
48
-283
-323
-112
121
203
142
50
-9
-73
-149
-170
-91
53
168
169
19
-204
-290
-119
157
294
227
63
-78
-149
-105
31
150
183
152
94
-11
-146
-226
-180
-31
92
92
3
-106
-186
-229
-193
-50
78
59
-39
-70
-27
13
38
72
74
6
-60
-27
68
108
66
9
-30
-71
-104
-88
-7
82
96
32
-31
-61
-79
-65
-1
70
79
29
-9
-10
-22
-54
-74
-68
-34
7
42
31
-39
-93
-87
-47
-11
2
18
38
53
76
89
74
44
43
74
110
125
113
87
36
-16
-28
-13
-7
-16
-15
-10
-37
-97
-121
-77
-21
-6
-23
-38
-41
-45
-14
36
29
-25
-54
-10
52
99
124
115
66
6
-18
6
41
62
83
85
51
-7
-41
-50
-72
-93
-92
-58
-4
22
6
-43
-95
-113
-79
-17
43
102
147
144
71
18
60
156
214
185
124
76
64
101
153
183
139
21
-84
-122
-92
-3
78
80
3
-81
-110
-111
-121
-142
-154
-159
-132
-45
8
-171
-611
-984
-928
-499
-87
86
32
-252
-702
-1017
-868
-326
209
493
545
448
276
157
252
516
716
735
657
618
637
674
686
526
167
-250
-476
-395
-216
-100
-107
-272
-526
-760
-847
-765
-597
-350
-61
184
341
446
532
556
492
471
634
934
1216
1339
1224
911
554
286
117
-35
-138
-195
-257
-313
-361
-459
-688
-970
-1131
-1089
-909
-665
-361
-131
-65
-106
-130
28
313
639
951
1121
1153
1115
1053
999
878
685
508
350
149
-25
-134
-347
-1181
-2611
-3543
-3326
-2220
-1297
-1112
-1192
-1682
-2499
-3078
-2772
-1348
91
943
1435
1714
1765
1634
1709
2150
2452
2246
1914
1903
2221
2516
2551
2203
1290
-55
-1380
-2202
-2400
-2208
-1704
-1282
-1291
-1759
-2372
-2627
-2522
-2119
-1417
-510
393
1058
1592
2071
2388
2454
2327
2284
2332
2393
2513
2546
2389
1982
1207
334
-433
-918
-1049
-1204
-1478
-1736
-1978
-2194
-2398
-2472
-2271
-1960
-1575
-1127
-693
-263
134
514
876
1142
1347
1557
1796
1989
2100
2063
1821
1481
1101
727
378
31
-220
-383
-541
-630
-667
-673
-723
-883
-1029
-1026
-943
-782
-592
-366
-74
255
308
-457
-1782
-2896
-2893
-1926
-1071
-493
-400
-782
-1579
-2536
-2481
-1487
-218
753
1237
1524
1557
1575
1823
2396
2895
2902
2646
2295
2083
2057
2172
2319
2005
951
-577
-1959
-2730
-2736
-2278
-1709
-1378
-1621
-2183
-2638
-2587
-2052
-1319
-558
103
745
1296
1859
2348
2546
2553
2320
2090
1954
1905
2025
2046
1776
1202
392
-471
-1069
-1368
-1520
-1667
-1954
-2124
-2170
-2192
-2172
-2096
-1845
-1588
-1401
-1171
-764
-238
278
707
920
1080
1234
1459
1669
1661
1550
1408
1355
1317
1174
941
698
481
181
-141
-402
-469
-365
-345
-367
-382
-255
-10
179
268
217
200
244
244
178
84
188
51
-990
-2474
-3668
-3619
-2704
-1985
-1365
-1276
-1521
-1900
-2110
-1286
-71
1075
1826
2209
2468
2428
2620
3050
3668
4012
3562
2867
2113
1654
1425
1124
839
142
-1126
-2722
-3975
-4386
-4078
-3477
-2977
-2774
-3006
-3291
-3120
-2293
-1195
-67
1049
1957
2553
2747
3033
3416
3642
3664
3293
2939
2444
1983
1623
1073
531
-399
-1506
-2582
-3398
-3580
-3431
-3133
-2797
-2500
-2354
-2317
-2147
-1665
-865
26
931
1672
2157
2448
2606
2607
2424
2221
2008
1880
1692
1494
1327
972
640
233
-193
-635
-1093
-1187
-1075
-907
-745
-586
-457
-430
-353
-122
338
820
1216
1486
1592
1557
1539
1584
1467
1122
-634
-3107
-4530
-4647
-3200
-2511
-2449
-2091
-2846
-3603
-4115
-3005
-579
955
1990
2304
2555
2377
2376
3414
4275
5062
4564
3420
2652
1879
1932
1705
1025
96
-1764
-3927
-5571
-5683
-4788
-4042
-3656
-3642
-3904
-4477
-4206
-2462
-507
842
1778
2564
3083
3309
3850
4935
5474
5160
4624
3883
3066
2257
1617
788
-643
-1904
-2819
-3255
-3495
-3448
-2985
-3241
-3364
-3141
-2844
-2309
-1916
-843
140
574
1075
1584
2089
2164
2309
2351
2075
1882
1834
2111
1853
1344
1065
530
-26
-425
-368
-124
-122
-92
-48
-214
-351
-32
398
491
431
579
1009
1340
1454
1654
1545
1118
701
235
47
-63
-117
-1509
-4292
-5970
-6242
-4745
-3831
-3774
-2640
-2832
-3084
-2959
-1723
1154
2547
3536
3753
3332
2901
2520
3765
4656
5226
4775
3019
1996
853
709
550
-493
-1316
-3156
-5288
-6990
-7130
-5814
-4795
-3858
-3319
-2950
-2896
-2480
-394
1771
3209
4145
4811
5274
5265
5489
6236
6649
6009
4886
3637
2060
622
-368
-1049
-1998
-3357
-5419
-7009
-7203
-6556
-4412
-3165
-2523
-1608
-1945
-1272
-455
845
2740
3194
3576
3247
2799
2351
2038
2366
2056
2101
1485
895
702
-69
12
-529
-1200
-1545
-2189
-2165
-2163
-1728
-1131
-708
-304
-118
380
570
970
1559
1974
2749
3129
3197
2949
2336
1982
1622
1265
973
1033
439
-2556
-5593
-7312
-7206
-5644
-5547
-4464
-3141
-3327
-2898
-2666
-581
1970
3065
3906
3436
3110
2573
2899
4318
4927
5760
4607
2729
1597
440
719
211
-585
-1312
-3545
-5860
-7565
-7216
-6006
-5236
-4134
-3413
-2645
-2369
-1475
1057
3026
4387
5239
5583
5590
5194
5494
6313
6566
5867
4749
3280
1182
-540
-1674
-2505
-3335
-4593
-5728
-6572
-6739
-5908
-4664
-4138
-3825
-2739
-1989
-948
218
1653
3655
4093
4117
3874
3116
2871
2521
2503
2028
1256
880
450
223
-513
-871
-1085
-1677
-1605
-1741
-1535
-1255
-1046
-391
-394
-253
225
719
1183
1194
1526
2106
2735
3299
3487
3481
3117
2681
2153
1425
920
765
649
438
-1466
-5012
-7395
-8521
-7440
-5954
-5675
-3980
-3312
-3274
-2796
-1929
1222
3238
4112
4224
3428
3194
2272
2886
3750
4151
4881
3578
2681
1623
718
1000
10
-569
-1788
-4016
-6172
-7993
-7286
-6216
-5132
-3662
-2943
-1827
-1728
-877
1610
3338
4878
5396
5449
5241
4513
4703
4919
4916
4176
3007
1986
172
-1017
-1740
-2429
-3044
-4428
-5418
-5920
-5681
-4399
-2920
-1869
-1477
-815
-443
200
1505
2587
3805
3625
2772
2338
1600
1417
1251
1036
909
482
167
-198
-376
-486
-465
-400
-790
-1024
-1146
-946
-273
183
559
698
671
996
1291
1461
1701
1741
1768
1781
1354
1019
947
1010
1354
1259
1056
1001
864
728
590
-6
-2912
-5685
-7256
-7718
-5971
-5741
-4394
-2200
-2257
-1341
-848
1123
4048
4999
5566
4554
3597
2070
937
1488
1331
2668
2296
568
49
-1274
-661
-633
-1607
-1920
-3746
-5542
-7385
-7250
-5287
-3569
-1277
-433
535
1260
1391
3569
5092
6050
6278
5022
4108
2785
1943
1875
2072
2122
1116
119
-1125
-1807
-1712
-2005
-2150
-3019
-4136
-4612
-4549
-3519
-1906
-40
1248
1929
1900
1289
1575
2039
2571
2648
1308
117
-836
-1305
-1054
-703
-81
292
294
-91
-385
-204
-3
448
429
-35
-296
-489
-16
595
964
1364
1515
1608
1430
1000
637
337
99
-291
-778
-991
-541
403
1443
2330
2934
3242
3124
2874
2458
2398
999
-2453
-4840
-6949
-7117
-6037
-6021
-3951
-3031
-2988
-1808
-981
1294
2943
3615
3757
2978
2243
795
1058
1628
2111
3398
2127
1084
61
-990
-293
-844
-1224
-1873
-3379
-4931
-6717
-6299
-5252
-3809
-2391
-2185
-925
-382
599
2762
3918
5032
4928
4269
3751
2901
2690
2598
2988
2834
2029
1421
244
-52
-73
-464
-876
-2134
-3127
-3581
-3510
-2847
-1786
-602
-45
323
252
318
1077
1551
2096
1928
913
121
-573
-570
-199
116
364
346
196
-186
-115
277
706
1048
523
-256
-930
-1075
-315
546
1275
1499
1405
1271
975
808
602
654
706
363
-6
-232
304
1339
2122
2623
2674
2531
2247
2042
1829
1850
963
-2711
-6097
-8916
-10170
-8675
-7932
-5807
-3589
-3224
-1839
-502
1501
4163
5676
6224
5750
4489
2397
1655
1946
2071
2897
1554
-547
-1672
-2665
-1919
-1282
-1351
-1584
-2911
-5183
-7741
-8314
-7345
-5404
-3122
-2288
-1004
127
1205
3881
6034
7659
8528
8063
7231
6047
4858
3952
3764
3175
1802
579
-964
-1530
-1451
-1989
-2390
-3233
-4279
-4970
-5404
-5104
-4057
-2565
-1459
-684
-131
176
1367
2572
3312
3916
3398
2739
2174
1284
993
850
715
678
231
-530
-1027
-892
-677
-504
-874
-1790
-2028
-2167
-1975
-1189
-739
-20
416
363
566
734
1224
1872
2265
2415
2218
2058
2111
2508
3046
3394
3609
3194
2492
1623
989
838
807
-461
-4135
-7087
-9277
-9657
-7756
-6995
-5035
-3178
-3183
-2030
-691
1234
4475
6122
6061
5455
3750
1980
1772
1617
1601
1893
315
-1152
-1871
-2424
-1459
-538
-594
-1200
-2615
-4728
-6417
-6739
-6297
-5054
-4020
-3746
-2558
-1171
599
3538
5995
7744
8657
8405
7822
7085
5881
4889
4340
3076
1456
-43
-1582
-2167
-2362
-2872
-3087
-3511
-4157
-4294
-4075
-3807
-3274
-2651
-2210
-1431
-767
-367
733
1660
2209
2888
2743
2444
2439
2014
1863
1707
999
556
74
-687
-888
-1015
-1336
-1351
-1575
-1717
-1349
-1135
-777
-17
427
768
1109
1227
1651
2018
1840
1665
1553
1470
1758
2204
2632
3176
3308
3050
2694
2031
1447
1140
844
783
-852
-4130
-6234
-8115
-8047
-6539
-6137
-4290
-3011
-3194
-2027
-796
717
3494
4376
3894
3549
1742
484
668
361
660
828
-475
-1262
-1662
-1663
-461
601
616
58
-1073
-3065
-4310
-4544
-4545
-3746
-3395
-3319
-2239
-1363
-66
2098
3780
5144
5978
5966
5755
5599
5064
4602
4327
3243
2111
1134
-31
-400
-539
-831
-969
-1598
-2485
-2864
-2881
-2851
-2551
-2390
-2526
-2426
-2674
-2783
-1997
-1282
-319
660
805
1040
1398
1502
2068
2478
2291
2189
1657
973
781
475
134
10
-452
-1031
-1279
-1419
-972
33
577
851
872
505
408
298
148
344
654
974
1273
1571
1900
2545
3150
3411
3535
3276
2897
2664
2299
2149
1498
-946
-2936
-4582
-5907
-5218
-5058
-4615
-3230
-3759
-4091
-3088
-2731
-894
834
352
627
22
-1392
-1123
-1126
-983
-71
-341
-850
-791
-696
164
1600
2201
2024
1590
72
-1465
-2020
-2333
-1965
-1625
-2023
-1973
-1699
-1453
-473
697
1677
2482
2730
2558
2505
2491
2345
2535
2544
2137
1995
1804
1771
2191
2280
2283
2350
1794
1227
886
283
-125
-454
-995
-1620
-2578
-3434
-3645
-3343
-2878
-2479
-2089
-1854
-1566
-1085
-590
141
806
1039
1214
1231
1106
1321
1402
1322
1308
908
678
777
797
1163
1483
1304
958
379
-176
-442
-706
-907
-826
-673
-668
-377
229
1124
2152
2767
2909
2788
2420
2202
2221
2267
1800
-221
-1874
-3252
-4304
-3484
-3303
-2819
-1487
-2249
-2698
-2113
-2395
-883
340
-413
-138
-761
-1947
-1517
-1553
-1391
-411
-834
-1505
-1558
-1621
-829
497
1185
1373
1305
335
-691
-737
-610
-166
306
-150
-290
-159
-329
192
781
1140
1610
1601
1359
1338
1276
1176
1379
1437
1164
1154
1053
992
1451
1647
1761
2004
1712
1634
1671
1255
1065
796
256
-227
-1291
-2375
-2575
-2800
-2647
-2307
-2532
-2324
-1992
-1889
-1270
-681
-482
11
99
-78
158
246
539
927
807
740
813
1005
1439
1848
2206
2137
1800
1339
665
319
-59
-341
-180
-94
118
492
1014
1665
2254
2684
2694
2474
2310
1778
1665
894
-1317
-2425
-3756
-4365
-3183
-3145
-2393
-1061
-1968
-2037
-1447
-2041
-627
24
-806
-66
-716
-1606
-1009
-1295
-953
-119
-664
-1112
-1365
-1549
-991
-326
-81
8
-52
-737
-1505
-1647
-1278
-552
185
307
217
252
172
555
1320
1779
2026
2079
1825
1701
1565
1480
1725
1943
1921
1563
1202
965
906
1184
1168
1022
936
600
689
893
790
944
873
373
-41
-779
-1393
-1459
-1675
-1710
-1595
-1735
-1723
-1611
-1535
-1154
-752
-636
-494
-555
-748
-636
-658
-619
-438
-411
-224
-57
196
815
1475
1975
2108
1861
1555
1239
943
855
961
1045
1204
1225
1124
1314
1601
2017
2688
2825
2717
1808
-558
-1939
-3029
-3578
-2642
-2839
-2662
-1842
-2755
-2725
-1824
-1774
-280
242
-689
-228
-537
-834
98
141
497
1098
591
329
240
210
534
505
85
-494
-1096
-1877
-2793
-3124
-2970
-2758
-2441
-2271
-2058
-1685
-1417
-923
-102
819
1571
2025
2264
2222
2216
2338
2607
3055
3167
3037
2770
2361
2177
2120
1962
1664
1135
515
166
23
-32
131
240
-89
-628
-1226
-1665
-1598
-1477
-1509
-1459
-1539
-1558
-1350
-1178
-772
-322
-44
305
477
497
587
577
550
580
478
357
153
-175
-312
-377
-406
-142
120
375
590
625
735
960
1095
1140
1136
1044
948
1021
1182
1590
1934
612
-625
-1371
-2360
-1623
-1178
-1319
-202
-759
-2133
-1714
-2173
-1603
93
-476
-151
275
-896
-569
-278
-288
982
1153
644
454
98
391
1010
1187
1026
629
-311
-1749
-2844
-3172
-2967
-2462
-2215
-2473
-2864
-3268
-3402
-2733
-1617
-622
278
879
1241
1674
1950
2361
3034
3280
3270
3038
2407
2086
2019
1948
2175
2026
1619
1581
1286
1135
1249
1174
1008
466
-355
-1030
-1251
-1283
-1242
-904
-766
-716
-703
-985
-892
-583
-336
22
256
276
380
493
488
712
789
764
786
361
4
-174
-443
-413
-473
-738
-774
-730
-497
92
499
712
984
872
759
1012
925
1241
754
-1488
-2651
-3722
-4041
-2466
-2033
-1400
-274
-1333
-1633
-650
-696
913
1884
1038
1696
1249
231
812
698
1122
2019
1305
625
211
61
748
1308
1331
991
293
-869
-2207
-3072
-3318
-3188
-2909
-2804
-2971
-3130
-3021
-2451
-1382
-341
279
612
903
1166
1334
1560
1801
2186
2442
2420
2391
2047
1938
2011
1742
1605
986
277
176
-134
-45
298
181
138
-86
-557
-660
-624
-513
-45
327
558
692
455
320
394
354
370
288
97
125
238
292
396
479
473
502
368
49
-44
-167
-269
-173
-369
-569
-590
-702
-450
-72
70
349
472
465
937
1192
1448
1471
-883
-2925
-3988
-4896
-3309
-2138
-1949
-582
-1106
-2160
-910
-553
662
2687
1935
2047
2258
767
1019
1254
1252
2402
2206
1425
1000
673
1034
1491
1527
1086
414
-698
-2430
-3800
-4290
-4228
-3762
-3286
-3247
-3296
-3234
-3010
-2043
-745
218
941
1295
1394
1492
1537
1666
1974
2070
1962
1869
1480
1203
1269
1056
1018
608
-215
-280
-604
-737
-433
-565
-311
-206
-455
-256
-95
253
941
1379
1846
2139
1980
1887
1769
1523
1442
1257
1103
1031
864
766
576
477
368
162
53
-324
-656
-851
-1165
-1088
-912
-799
-408
-168
44
346
413
439
465
388
352
490
566
541
-1332
-4432
-6073
-6964
-5907
-3809
-3016
-1736
-854
-1633
-1074
129
761
2763
3199
2566
3226
2351
1597
2089
1945
2663
3191
2413
1873
1519
1496
1649
1527
952
242
-652
-2395
-3994
-4646
-4455
-3570
-2641
-2133
-2009
-1998
-1963
-1499
-606
176
925
1369
1411
1415
1165
1136
1477
1711
1996
1897
1426
954
488
-39
-633
-1336
-2052
-2038
-1912
-1784
-1400
-1169
-574
-174
-177
-123
-144
205
737
1231
1646
1878
2298
2402
2383
2310
1934
1930
1885
1787
1879
1692
1371
1124
879
496
202
-138
-525
-580
-892
-1099
-984
-867
-334
38
347
846
1068
1360
1497
1359
1207
1206
1233
1467
139
-3864
-6837
-8647
-8805
-6522
-5315
-4279
-2410
-2571
-2632
-887
-164
1844
3842
3168
3965
4057
2643
3290
3458
3828
4943
4108
2876
1965
1192
969
773
173
-497
-1240
-2948
-4897
-5799
-5460
-4104
-2573
-1587
-1177
-1079
-976
-542
383
1285
2056
2649
2728
2631
2206
1688
1867
1971
1465
842
-52
-1037
-1502
-1935
-2654
-3020
-3734
-3983
-3105
-2830
-2051
-868
-198
910
1351
1060
1046
982
1148
1550
1670
1656
1818
1839
1677
1692
1365
1120
1241
1083
1107
1232
1177
1228
1283
1124
883
669
456
489
385
34
34
138
458
874
934
1350
1670
1832
1941
1446
1048
1057
1091
1381
1207
-2150
-6233
-8631
-9810
-7780
-5324
-4241
-2405
-1884
-3175
-2610
-1600
-545
2382
2786
2412
3479
2334
2242
3464
3666
5088
5361
3781
2572
1301
635
681
474
-155
-797
-2170
-4431
-5894
-5962
-4729
-2838
-1481
-863
-795
-887
-660
221
1562
2680
3519
3694
3363
3114
2613
2606
2882
2645
1800
294
-1150
-2489
-3070
-3459
-4175
-4609
-5287
-5120
-4200
-3333
-1882
-425
599
1217
1220
908
920
1350
1850
2453
2659
2653
2679
2107
1638
1123
336
-6
-431
-695
-513
-255
264
913
1418
1657
1798
1670
1483
1539
1237
1171
1383
1346
1619
1708
1741
2206
2329
2235
1966
1465
1095
1109
1086
1120
648
-3120
-7262
-9482
-10181
-7541
-4862
-3460
-1771
-1626
-2750
-2159
-969
224
2544
2441
1928
2880
1673
1560
2610
2619
3916
3722
1896
872
-172
-323
182
130
-244
-683
-1915
-3841
-4904
-4787
-3504
-1747
-680
-160
-219
-287
189
1203
2600
3547
4063
4035
3575
3157
2551
2365
2451
2117
1309
-7
-1350
-2507
-3185
-3675
-4337
-4774
-5067
-4521
-3563
-3285
-2371
-1241
-402
651
846
666
768
1234
1860
2591
3161
3131
3104
2225
1236
694
-517
-884
-929
-1195
-681
-482
-61
682
1055
1589
1753
1488
1406
1335
1122
1251
1624
1852
2230
2355
2274
2437
2309
2239
2078
1459
1089
849
783
1025
1241
-1452
-6297
-9188
-10306
-8284
-4918
-3201
-1623
-848
-1902
-2148
-992
-62
2260
3462
2520
3224
2592
1346
2316
2274
2723
3037
1168
-234
-1358
-1937
-1344
-742
-459
-448
-1017
-2805
-4421
-4381
-3090
-1177
168
607
468
247
593
1550
2976
3982
4342
4190
3483
2980
2527
2365
2579
2129
1177
-295
-1764
-2800
-3601
-3986
-4421
-4772
-4886
-4262
-3247
-2342
-1588
-947
6
151
-99
-139
-193
644
1766
2329
2944
2905
2134
1501
175
-886
-998
-1361
-1015
-527
-648
-154
209
597
980
816
874
783
832
1253
1620
2105
2558
2876
2956
2686
2310
2215
2383
2415
2276
1930
1455
1152
1028
1009
951
950
-2098
-7397
-10143
-10778
-7989
-3832
-2029
-416
391
-1003
-1595
-648
312
2818
4080
2733
3272
3069
2121
3186
2778
2528
2383
-102
-2142
-3414
-3642
-2253
-964
-409
-586
-1659
-3640
-5082
-4692
-3084
-1136
352
1157
1410
1505
1884
2717
3798
4021
3661
3159
2439
2367
2467
2573
2810
2154
667
-1009
-2634
-3963
-4649
-4875
-4865
-4417
-3949
-3130
-1756
-768
110
862
837
502
76
-94
759
1915
2774
3291
2746
1430
32
-1581
-2590
-2411
-1819
-905
9
312
589
782
576
369
76
-102
221
673
1248
2116
2835
3126
3117
2728
2039
1421
903
1170
2018
2498
2809
2411
1570
1055
297
-46
-16
193
-1041
-5647
-9386
-10293
-8129
-3861
-1353
23
762
-35
-1595
-1484
20
2123
4331
3572
3240
4060
2922
2979
2782
1662
1483
-584
-2925
-3725
-3353
-1393
324
763
-75
-1680
-3802
-5795
-5881
-4238
-1870
383
1822
2286
2025
1833
1941
2519
2859
2541
2464
2509
2983
3615
3666
3338
2219
239
-1925
-3706
-4869
-5032
-4050
-2826
-2172
-2071
-2189
-1583
-942
-1091
-639
-331
154
1240
1592
2157
2667
2839
2615
1553
4
-1475
-2048
-2124
-1251
-139
0
318
35
-402
-260
-493
-394
-153
472
1314
1660
2076
2212
2362
2153
1478
1345
974
845
1281
1655
2498
3217
3106
2470
1498
711
140
-41
153
510
-156
-4812
-9243
-10395
-8893
-4319
-1365
-284
554
-162
-2118
-2602
-1039
1084
4006
4382
3789
4953
3876
3026
3043
1560
1146
-266
-2540
-2907
-2138
-373
1014
969
-119
-1843
-4175
-6508
-6706
-4761
-1975
627
1845
1869
1158
482
367
865
1746
2483
3539
4382
4827
4949
4048
2919
1577
-452
-2287
-3577
-4072
-3607
-2605
-1689
-1527
-1789
-2089
-1977
-1453
-942
-122
862
1577
1780
1522
1229
1420
1880
1715
860
-303
-1386
-1639
-1371
-923
-455
-607
-737
-640
-539
-296
-201
-62
305
899
1476
1701
1774
1805
1760
1528
1203
1042
963
965
894
1080
1771
2370
2482
1900
996
381
-77
-385
-68
244
45
-3353
-8208
-9696
-8348
-4190
-768
421
1317
834
-1369
-3027
-2038
307
3484
4929
4055
4675
4333
3057
2958
1462
615
-10
-1850
-2193
-1381
156
1678
1740
392
-1839
-4310
-6518
-6874
-4849
-2084
403
1737
1729
884
-153
-654
-183
978
1902
3110
4490
4930
4614
3692
2211
788
-1005
-2947
-3672
-3497
-2812
-1634
-904
-1089
-1390
-1999
-2228
-1231
-343
756
1963
2169
2091
1720
1126
1229
1268
992
549
-466
-1370
-1570
-1304
-1047
-948
-1051
-1155
-781
-385
-136
323
523
960
1454
1507
1585
1496
1497
1458
1378
1458
1531
1668
1278
569
311
642
1397
1607
1252
513
-102
-438
-620
-513
-329
-1477
-6131
-9495
-9259
-6093
-919
1291
1772
1728
-389
-2947
-3010
-905
2294
5546
5558
5267
5642
3648
2586
1794
433
664
-395
-1475
-805
361
1995
2501
1272
-1108
-3909
-6625
-8120
-6704
-3562
-486
1588
1902
1071
-449
-1596
-1386
-43
1505
2792
4175
4817
4784
4085
2475
880
-794
-2413
-3272
-3515
-2884
-1578
-370
-105
-847
-2123
-3150
-2715
-1661
-121
1722
2746
3107
2468
1410
829
541
722
819
481
-8
-509
-674
-819
-991
-1169
-1615
-1674
-1179
-475
281
877
1386
1710
1638
1326
999
803
895
1363
1681
2079
2444
2052
1356
343
-216
352
922
1174
929
44
-268
-566
-645
-958
-1157
-2876
-7840
-9866
-8696
-4441
804
1966
1907
660
-2167
-3945
-2979
199
3970
6644
6203
5671
5304
2959
1957
961
54
686
-193
-345
620
1384
2534
1932
-27
-2495
-5273
-7158
-7411
-5052
-1584
884
1863
1259
-278
-2154
-2886
-1803
383
2772
4610
6109
6200
4836
3205
1147
-506
-1704
-2427
-2187
-1635
-917
-440
-109
-791
-2329
-3613
-4345
-3119
-1054
793
2641
3073
2477
1411
-103
-665
-500
131
1050
1276
798
78
-645
-1445
-1728
-1831
-1990
-1430
-721
295
1324
1679
1960
1737
1025
408
91
362
930
1765
2256
2353
2379
1498
329
-376
-466
598
1726
1949
1544
662
36
-464
-732
-1433
-1754
-3676
-8224
-9247
-7226
-2539
2202
2366
1318
-694
-3881
-4904
-2709
1311
5532
7459
6315
5298
4057
1763
966
352
243
1044
419
515
1420
1993
2344
771
-1869
-4442
-6565
-7233
-6095
-3006
151
1554
1350
-267
-2331
-3812
-3661
-1387
1581
4040
5866
6656
5967
4238
2086
236
-900
-1511
-1327
-614
-163
82
-2
-722
-2016
-3477
-4477
-4071
-2241
-79
2080
3328
3209
2229
440
-966
-1035
-347
936
2065
2093
1316
8
-1416
-2308
-2314
-2025
-1688
-961
-135
1041
1845
1740
1448
837
297
116
272
778
1432
2117
2173
1769
1125
61
-806
-1044
-590
783
2021
2185
1764
681
-426
-1153
-1379
-1460
-1254
-2224
-6151
-8003
-6693
-3147
1236
1510
219
-1257
-4093
-4849
-2477
1578
5767
7425
5994
4222
2946
1303
901
1222
1309
2122
1730
985
1626
1852
1508
76
-2570
-4573
-5694
-5801
-4461
-2142
-29
540
-104
-1527
-3183
-3771
-3054
-741
2382
4603
6211
6818
5749
3563
966
-603
-1060
-426
730
1388
1577
593
-694
-1949
-3616
-4627
-4743
-3743
-1350
1174
2804
3192
2122
250
-1387
-2187
-1559
264
1976
2935
2608
1022
-838
-2346
-3022
-2543
-1580
-712
230
949
1354
1329
645
-121
-375
-111
451
1168
1652
1997
2133
1530
607
-84
-678
-892
-513
380
1747
2814
2748
1771
347
-1029
-1624
-1490
-612
368
901
-1612
-6308
-8057
-6836
-2721
511
340
265
-1198
-3797
-3838
-1293
2907
6136
5858
4141
3231
2595
2159
2636
2664
2428
2426
1217
727
1526
1696
1342
-614
-3484
-4856
-5543
-5460
-3962
-2323
-1403
-1410
-2043
-2958
-3596
-3418
-1914
880
2960
4342
5923
6004
4421
2229
594
531
1086
1589
2104
2055
1240
6
-1495
-3178
-4535
-4663
-3739
-2084
36
1507
1807
808
-957
-2293
-2599
-1739
238
2358
3318
2908
1297
-627
-1832
-2245
-1484
-156
738
1437
1858
1864
1359
426
-496
-770
-289
424
1291
1753
1843
1758
981
-154
-1031
-1388
-1032
-317
653
1971
2922
3043
2194
733
-564
-1217
-1064
-202
1218
2075
2135
30
-5465
-9087
-8810
-5179
-123
1057
355
-1058
-4422
-5929
-3982
-20
4020
4968
3651
3230
3205
2932
3146
3042
2492
2188
1469
1315
2311
3061
2766
656
-2656
-4894
-5487
-5521
-4844
-3254
-2133
-2002
-2516
-3193
-3325
-3372
-2668
-329
2011
3884
5634
6357
5252
3059
1559
1551
2050
2157
2801
3549
2759
737
-1226
-2364
-2977
-3304
-2967
-2112
-957
9
323
-369
-1942
-2855
-2614
-1958
-719
926
2131
2096
721
-401
-540
-362
42
761
1442
1875
2053
1888
1363
514
-272
-523
-406
-179
231
597
467
3
-472
-1177
-1732
-1872
-1488
-350
700
1567
2308
2180
1435
662
275
478
821
1325
2186
3167
3557
2576
476
-3729
-8298
-9061
-6162
-1182
1428
-273
-2434
-4910
-7063
-6229
-3005
1312
4155
3873
3617
4341
4223
3830
3446
2920
2868
2914
3289
4357
4602
3526
1582
-1359
-4141
-5341
-5394
-4872
-3944
-3352
-3131
-3363
-4236
-4664
-4614
-4230
-2298
476
2553
3861
4506
4559
3851
2429
1696
2556
3808
4585
4850
4084
2475
739
-514
-1206
-2032
-2792
-2475
-1400
-846
-1171
-1926
-2871
-3818
-4400
-3956
-2333
-532
693
1180
817
-12
-479
-274
532
1668
2797
3889
4422
3848
2709
1497
379
-206
-270
113
652
686
396
-175
-1141
-2049
-2561
-2280
-1329
-359
349
645
783
893
829
634
288
529
1339
2236
3183
3771
3896
3260
1554
-516
-2679
-5181
-6408
-5660
-3266
-700
-871
-3004
-5390
-7240
-6987
-4687
-1271
2030
3324
3040
2893
2818
2437
2077
2227
3304
4395
4444
4135
3969
3447
2159
341
-1389
-2543
-3119
-3230
-2512
-1594
-1606
-2310
-3365
-4439
-5033
-5053
-4097
-2234
-410
770
1561
1824
1574
1441
1501
1946
2752
3464
4203
4918
4772
4002
3031
1688
457
-612
-1152
-652
-1
78
-406
-1406
-2541
-3477
-4141
-4092
-3141
-2027
-1381
-1217
-1307
-1051
-348
301
963
1691
2199
2420
2282
1906
1741
1819
1820
1686
1317
694
248
71
-127
-234
-201
-186
-90
-265
-705
-861
-828
-711
-487
-306
-28
488
990
1507
1921
1889
1457
790
123
-143
161
651
1132
1237
400
-911
-2088
-2749
-2381
-1580
-874
-158
44
-221
-611
-1164
-1479
-1464
-1364
-1076
-520
53
460
572
183
-547
-1463
-2250
-2185
-1163
130
1152
1583
1360
741
-156
-1034
-1400
-1267
-762
143
980
1269
898
57
-753
-1368
-1703
-1444
-441
819
1705
1992
1526
763
162
-224
-200
138
577
967
1068
914
776
613
199
-389
-867
-949
-661
-205
227
394
239
-83
-202
61
455
792
1081
1081
869
648
432
473
506
483
511
400
296
72
-347
-823
-1099
-826
-265
292
526
371
207
31
-121
-78
102
496
997
1342
1560
1571
1363
975
362
-181
-272
67
523
771
617
150
-494
-1143
-1693
-1982
-1825
-1253
-433
140
105
-424
-1128
-1811
-2101
-1733
-848
116
456
145
-335
-703
-957
-1268
-1588
-1651
-1349
-656
280
1001
1070
554
-213
-986
-1377
-1088
-28
1281
1952
1708
1048
316
-285
-650
-833
-451
380
1166
1700
1701
1107
184
-732
-1300
-1164
-402
520
1166
1121
474
-351
-1035
-1373
-1332
-1027
-391
501
1111
1276
1046
586
332
316
559
1147
1667
1815
1649
1331
977
506
-135
-622
-772
-710
-512
-369
-350
-519
-851
-1139
-1269
-1181
-800
-126
500
766
686
495
416
423
546
907
1379
1673
1665
1339
745
164
-212
-268
43
360
397
238
-153
-696
-1113
-1480
-1590
-1350
-948
-392
-119
-256
-672
-1166
-1419
-1270
-809
-307
149
424
525
457
224
-117
-395
-484
-482
-274
-125
-78
-86
-300
-516
-815
-1123
-1255
-1150
-817
-461
-161
48
126
-37
-348
-597
-522
42
872
1619
1874
1584
1110
788
687
685
732
891
1135
1205
907
320
-354
-914
-1175
-1095
-875
-536
-133
94
75
-232
-569
-579
-315
170
682
906
901
741
602
496
297
70
-153
-149
74
294
387
242
16
-134
-344
-523
-497
-280
39
220
201
18
-323
-516
-384
-11
385
604
693
665
432
55
-249
-329
-60
408
853
1124
1017
655
251
-140
-255
-2
402
818
980
703
176
-456
-908
-920
-733
-509
-351
-312
-280
-292
-324
-341
-443
-572
-644
-533
-264
21
253
239
39
-305
-684
-836
-804
-599
-272
-63
-40
-191
-485
-809
-1082
-1158
-900
-423
24
286
296
55
-283
-635
-793
-580
-90
500
828
735
397
-6
-260
-295
-173
101
402
665
862
876
730
500
299
240
255
288
330
398
455
434
256
-150
-570
-789
-683
-349
-89
66
139
156
159
78
-24
-55
38
332
677
866
853
650
398
149
54
233
494
755
831
605
206
-287
-635
-640
-368
-4
257
347
259
8
-303
-424
-266
114
617
950
1010
917
695
452
188
-48
-15
231
499
619
469
133
-275
-661
-875
-915
-844
-709
-616
-591
-688
-788
-838
-902
-950
-1038
-969
-669
-327
-46
-4
-235
-544
-766
-770
-553
-337
-184
-137
-196
-227
-248
-294
-356
-406
-401
-268
-102
-33
-84
-230
-370
-354
-193
2
208
350
482
557
554
626
765
877
913
919
943
1004
1034
896
623
342
172
169
208
167
101
86
93
87
52
28
47
54
81
136
206
265
288
225
106
2
-54
15
90
114
159
197
214
204
111
61
77
83
154
167
89
-23
-160
-236
-258
-275
-224
-152
-128
-91
-89
-108
-116
-69
32
158
290
352
401
412
320
192
15
-154
-208
-158
-70
-91
-254
-483
-670
-755
-753
-706
-659
-658
-677
-676
-679
-699
-766
-774
-708
-597
-443
-312
-244
-273
-330
-366
-328
-198
-66
25
58
39
54
29
-85
-195
-198
-49
133
293
358
307
241
169
161
255
419
619
778
857
863
802
733
640
537
490
522
636
723
729
644
437
220
35
-84
-68
1
114
179
113
-21
-189
-347
-469
-475
-355
-221
-140
-114
-135
-194
-265
-324
-339
-301
-199
-45
85
150
125
74
37
-11
11
82
195
301
348
359
320
246
160
143
177
243
325
374
393
351
266
147
56
33
43
102
150
160
138
56
-69
-188
-219
-206
-177
-134
-95
-75
-124
-221
-378
-500
-539
-475
-366
-357
-429
-550
-649
-733
-818
-863
-832
-740
-658
-604
-607
-649
-684
-661
-577
-454
-317
-161
-14
61
56
19
27
123
289
424
524
603
655
680
630
547
493
523
636
727
766
754
666
539
400
271
213
236
275
293
247
183
137
66
-69
-233
-316
-279
-164
-52
-29
-86
-176
-296
-418
-515
-500
-363
-192
-61
-27
-61
-101
-162
-228
-231
-172
-21
183
354
450
419
339
274
233
263
352
485
638
721
695
604
435
245
148
175
303
422
441
387
308
206
78
-49
-92
-37
23
84
100
34
-94
-236
-352
-419
-391
-292
-213
-236
-342
-497
-625
-706
-783
-788
-711
-577
-508
-579
-751
-944
-1001
-895
-714
-529
-434
-402
-406
-447
-483
-486
-418
-308
-157
12
176
271
277
260
210
184
243
400
616
790
867
822
711
619
558
551
570
579
621
683
715
654
488
284
139
81
65
53
18
-28
-75
-97
-169
-320
-464
-568
-564
-491
-398
-296
-250
-271
-328
-399
-426
-368
-241
-93
10
99
172
247
350
408
414
392
386
468
616
757
858
807
657
543
481
499
529
544
543
513
472
409
299
202
116
53
53
38
5
-39
-122
-209
-337
-481
-549
-572
-536
-511
-567
-645
-729
-821
-904
-950
-931
-853
-791
-772
-834
-931
-979
-997
-925
-774
-600
-463
-422
-438
-450
-428
-337
-215
-87
60
201
332
401
421
398
360
424
589
810
964
965
895
801
715
675
678
729
777
766
708
638
556
474
399
321
255
187
164
188
171
94
-47
-199
-295
-338
-311
-244
-215
-200
-208
-263
-324
-412
-488
-507
-482
-389
-321
-301
-317
-373
-425
-456
-402
-273
-113
70
204
286
332
333
348
367
394
452
501
527
564
613
617
527
377
274
220
223
305
381
458
437
280
60
-170
-298
-333
-268
-157
-160
-272
-424
-726
-1204
-1393
-934
-111
367
163
-453
-1089
-1250
-804
-161
142
-48
-347
-425
-336
-275
-574
-1054
-1150
-556
574
1159
836
-121
-861
-661
-13
629
725
580
603
684
734
659
506
212
193
605
1156
1399
1195
932
599
416
448
368
241
150
244
353
183
-48
-173
-188
-298
-529
-610
-491
-179
41
72
8
-232
-547
-890
-1018
-770
-500
-411
-501
-663
-753
-821
-860
-804
-644
-457
-327
-199
52
301
269
108
37
118
316
457
605
674
651
616
465
343
339
410
467
403
318
294
294
267
248
223
161
195
247
319
388
316
151
-68
-116
54
238
294
157
-121
-448
-646
-665
-547
-368
-293
-386
-528
-593
-542
-548
-625
-587
-478
-401
-303
-204
-138
-85
-125
-264
-401
-377
-199
-9
113
169
215
238
277
254
159
176
245
341
496
669
840
856
672
426
288
282
340
390
407
384
325
230
99
-25
-180
-229
-114
20
138
157
153
223
234
244
224
132
120
102
47
18
21
-3
-148
-331
-433
-450
-470
-433
-289
-149
-91
-154
-321
-424
-365
-112
258
415
-10
-1102
-2019
-1887
-797
276
365
-252
-1069
-1921
-2237
-1619
-330
680
630
130
-24
126
431
733
1025
1217
1149
1204
1583
1995
2152
2018
1639
1067
514
273
317
349
210
10
-218
-717
-1289
-1624
-1743
-1746
-1797
-1746
-1510
-1178
-728
-379
-318
-440
-497
-281
182
767
1310
1575
1528
1364
1314
1327
976
475
369
600
995
1132
938
606
-90
-778
-1059
-1018
-650
-306
-234
-418
-860
-1204
-1294
-1265
-1086
-717
-246
153
461
716
906
1032
995
963
1047
1221
1597
1926
1987
1736
1125
483
61
-178
-221
-249
-373
-511
-633
-687
-744
-806
-831
-907
-1016
-1066
-888
-532
-299
-208
-224
-183
-173
-921
-2378
-3448
-3116
-1501
-183
15
-291
-998
-2102
-2927
-2565
-900
527
870
949
1135
1221
1209
1453
2064
2230
1743
1435
1792
2433
2901
3109
2770
1683
251
-779
-1138
-1188
-1181
-1069
-1207
-1788
-2374
-2672
-2632
-2565
-2610
-2451
-2127
-1532
-467
640
1372
1569
1394
1191
1233
1777
2695
3278
3045
2540
2284
2271
2241
1983
1623
1013
151
-454
-651
-650
-717
-1023
-1515
-2239
-2794
-2786
-2528
-2349
-2291
-2076
-1659
-1229
-618
208
928
1325
1433
1515
1753
2114
2620
3105
3211
2909
2427
1948
1434
923
522
186
-185
-610
-949
-1269
-1575
-1730
-1877
-2088
-2211
-2052
-1550
-1136
-1033
-963
-780
-343
213
703
1079
1271
1483
1715
1822
1946
2127
2275
2247
1905
1394
791
218
-153
-441
-680
-999
-1869
-3399
-4775
-4935
-3979
-3293
-3354
-3512
-3627
-3942
-4143
-3309
-1643
-507
-236
18
657
1249
1737
2531
3341
3473
3034
2776
2877
2997
3154
3322
2992
1942
700
-168
-757
-1326
-1675
-1819
-2141
-2672
-3076
-3082
-2781
-2415
-2056
-1840
-1662
-1054
-51
929
1641
2155
2481
2500
2539
2941
3427
3544
3310
3025
2688
2317
2105
1940
1587
991
367
-85
-570
-954
-1086
-1267
-1582
-2019
-2290
-2278
-2182
-1842
-1355
-1072
-1067
-1073
-692
36
708
1203
1492
1586
1688
1890
2109
2130
1966
1744
1482
1226
1083
1019
824
449
15
-444
-885
-1154
-1173
-1076
-1146
-1314
-1368
-1352
-1256
-1112
-956
-906
-963
-802
-435
-61
158
273
394
398
282
117
4
-13
77
208
251
76
-262
-676
-1169
-1456
-1362
-1062
-1393
-2538
-3376
-3310
-2707
-2469
-2463
-2226
-2286
-2699
-2813
-1965
-685
-30
67
200
489
918
1492
2171
2696
2788
2719
2647
2601
2637
2861
3018
2622
1863
1201
927
773
361
-202
-844
-1461
-1876
-2008
-1859
-1592
-1427
-1434
-1547
-1463
-956
-282
316
784
1182
1558
1970
2435
2829
3000
2914
2714
2456
2263
2217
2264
2183
1827
1386
925
494
199
-5
-226
-589
-930
-1088
-1284
-1415
-1395
-1399
-1492
-1758
-1775
-1549
-1342
-957
-566
-233
-57
71
275
400
615
802
894
910
935
1043
1005
852
582
307
124
-85
-224
-418
-718
-920
-1039
-1154
-1289
-1451
-1598
-1785
-1967
-1902
-1639
-1357
-1118
-996
-960
-887
-704
-420
-210
-61
190
455
566
655
861
1144
1304
1255
1099
858
626
618
800
752
343
-696
-1804
-2404
-2528
-2288
-2533
-2901
-3158
-3356
-3306
-3089
-2388
-1788
-1549
-1399
-975
-162
583
1366
1976
2279
2431
2612
3068
3512
3819
4076
3974
3601
3151
2716
2399
1850
1196
549
-77
-594
-1005
-1297
-1643
-1873
-2131
-2345
-2223
-1870
-1210
-631
-249
246
797
1453
2053
2440
2683
2826
3035
3294
3458
3469
3333
3094
2629
2125
1692
1265
868
303
-255
-790
-1391
-1765
-2150
-2476
-2727
-3036
-3161
-3191
-2946
-2583
-2239
-1845
-1473
-1018
-647
-275
114
435
807
1077
1296
1408
1412
1465
1363
1135
766
333
10
-327
-624
-991
-1435
-1805
-2096
-2226
-2323
-2351
-2329
-2266
-2135
-1918
-1513
-1070
-651
-309
-4
428
847
1212
1504
1687
1853
1885
1890
1919
1966
2046
1989
1745
1396
1101
914
710
385
-58
-463
-839
-1286
-1602
-1971
-2520
-3058
-3420
-3373
-3279
-3216
-3000
-2784
-2497
-2224
-1637
-827
-217
225
544
969
1413
1883
2355
2644
2806
2848
2866
2876
2819
2771
2555
2114
1551
910
369
-86
-458
-825
-1308
-1669
-1903
-1999
-2040
-2013
-1766
-1536
-1244
-881
-449
57
543
1033
1347
1563
1725
1896
2068
2090
2153
2165
2032
1791
1370
920
468
67
-189
-496
-823
-1179
-1537
-1905
-2357
-2554
-2585
-2530
-2476
-2455
-2222
-1941
-1515
-1004
-588
-216
59
388
713
1043
1405
1624
1699
1657
1612
1525
1352
1225
1048
850
636
346
97
-168
-342
-449
-612
-719
-749
-644
-546
-492
-421
-300
-110
-21
84
247
439
697
861
997
1047
1027
1082
1119
1194
1225
1166
1029
820
701
616
546
371
138
-62
-308
-426
-529
-642
-756
-1032
-1299
-1585
-1732
-1706
-1816
-1910
-2001
-1929
-1742
-1532
-1158
-954
-815
-650
-391
-37
199
497
734
884
1013
1177
1428
1562
1700
1794
1793
1761
1655
1607
1423
1143
895
538
222
-101
-324
-452
-703
-898
-1009
-1051
-1077
-1040
-937
-894
-765
-585
-363
-134
31
325
553
666
790
863
1023
1158
1256
1324
1215
1115
1024
885
629
316
101
-92
-311
-616
-858
-1033
-1180
-1268
-1416
-1512
-1532
-1453
-1264
-1098
-972
-844
-715
-602
-540
-419
-223
-31
90
98
114
166
276
404
459
467
391
300
203
120
117
123
91
4
-82
-147
-169
-68
79
178
247
273
302
361
521
712
815
861
789
672
609
618
625
549
388
183
91
74
34
-23
-146
-271
-381
-454
-506
-581
-601
-655
-836
-1091
-1295
-1307
-1221
-1262
-1409
-1600
-1656
-1521
-1313
-1060
-881
-695
-514
-389
-220
27
355
588
696
757
831
999
1142
1228
1273
1273
1318
1324
1238
1150
1128
1100
942
749
614
529
423
270
117
-44
-138
-107
-48
10
72
138
191
181
235
339
456
564
631
654
600
583
566
570
520
351
184
38
-67
-151
-215
-326
-500
-629
-717
-781
-813
-807
-779
-818
-873
-832
-740
-669
-602
-463
-334
-272
-227
-195
-182
-173
-53
95
120
116
125
168
213
198
178
119
55
8
-35
-30
6
84
98
55
37
110
247
370
437
422
419
426
441
514
567
535
419
250
146
119
83
-48
-259
-420
-529
-623
-724
-817
-904
-980
-1062
-1185
-1282
-1309
-1240
-1106
-983
-915
-900
-797
-613
-427
-268
-146
-32
36
77
144
221
274
299
292
252
197
164
193
220
202
213
255
319
364
439
530
544
550
607
723
813
852
859
809
755
766
841
884
842
809
833
865
818
701
620
604
648
647
529
388
263
179
52
-123
-238
-302
-308
-319
-398
-484
-545
-552
-521
-491
-497
-505
-416
-277
-160
-88
-41
44
102
185
320
407
452
451
448
457
451
391
299
234
142
-6
-177
-352
-486
-599
-716
-846
-971
-992
-961
-946
-971
-997
-917
-785
-700
-586
-403
-237
-125
-7
127
283
386
433
436
391
376
320
246
176
42
-99
-220
-378
-552
-692
-770
-845
-941
-1031
-1114
-1151
-1124
-1064
-1025
-989
-904
-751
-554
-365
-200
-13
197
431
641
836
1021
1164
1280
1344
1336
1297
1275
1247
1169
1019
821
612
428
283
127
-28
-148
-269
-360
-396
-396
-315
-229
-176
-116
-27
149
338
492
627
745
849
980
1092
1144
1172
1191
1199
1165
1095
1039
977
868
727
554
368
187
20
-164
-354
-536
-691
-798
-860
-898
-912
-941
-937
-874
-793
-668
-525
-369
-213
-83
41
194
318
417
483
516
532
507
444
364
283
164
17
-163
-352
-544
-709
-849
-983
-1101
-1222
-1301
-1392
-1447
-1440
-1411
-1307
-1181
-1023
-815
-644
-508
-322
-133
27
175
324
471
581
670
729
750
704
623
510
412
307
165
71
-29
-153
-291
-410
-503
-603
-673
-690
-671
-621
-556
-458
-359
-264
-157
-84
17
177
337
485
590
655
734
797
850
863
839
827
758
652
538
449
372
266
133
0
-129
-259
-380
-494
-562
-578
-605
-622
-609
-548
-465
-398
-310
-207
-91
45
166
275
362
444
539
604
630
613
599
603
592
569
543
443
388
311
192
70
15
43
-26
-94
-167
-191
-216
-262
-312
-300
-255
-237
-270
-275
-217
-179
-146
-89
20
101
190
242
282
307
333
343
303
267
236
151
33
-94
-174
-218
-335
-433
-444
-416
-412
-438
-439
-393
-378
-345
-268
-172
-71
37
101
107
151
255
393
457
477
509
507
482
449
443
418
342
274
212
132
38
-51
-146
-221
-295
-332
-340
-348
-323
-274
-228
-215
-171
-78
48
162
247
321
368
414
454
513
566
584
585
539
478
408
339
283
226
162
86
-5
-92
-148
-182
-208
-249
-299
-319
-290
-226
-169
-159
-180
-179
-140
-64
21
95
156
192
213
219
217
224
224
227
198
123
53
13
-28
-85
-158
-243
-321
-379
-388
-372
-348
-368
-421
-424
-378
-322
-295
-276
-251
-231
-214
-172
-125
-93
-39
21
68
68
52
114
178
209
214
222
213
175
156
143
84
-16
-67
-84
-94
-118
-144
-150
-171
-209
-239
-255
-194
-109
-68
-52
-56
-30
14
47
74
79
87
122
157
181
177
168
138
84
36
30
24
-12
-66
-109
-149
-213
-269
-293
-297
-313
-345
-360
-316
-270
-251
-248
-238
-193
-109
-32
9
47
107
193
265
323
370
405
439
450
446
455
454
420
351
298
293
269
207
119
19
-84
-180
-241
-263
-292
-326
-344
-356
-351
-338
-304
-244
-183
-104
-13
48
80
103
116
127
129
135
143
170
203
166
98
44
-4
-55
-95
-122
-154
-183
-211
-234
-244
-221
-206
-211
-180
-116
-51
12
38
36
67
120
155
147
135
148
164
155
123
110
113
87
29
-20
-37
-69
-108
-134
-162
-181
-186
-182
-210
-235
-227
-201
-195
-180
-136
-89
-60
-68
-55
1
69
100
93
99
134
154
130
108
109
124
129
110
81
46
29
10
-28
-65
-92
-114
-139
-163
-166
-139
-114
-100
-66
-12
41
69
91
145
227
289
309
327
356
362
342
322
317
318
299
241
180
131
98
65
22
-20
-64
-109
-150
-183
-196
-177
-168
-176
-174
-161
-143
-149
-155
-143
-151
-177
-198
-195
-170
-155
-161
-158
-134
-101
-82
-76
-59
-22
25
76
105
119
144
164
168
177
191
187
139
96
98
116
127
120
113
102
88
74
61
60
64
60
55
59
61
56
39
19
7
-1
4
-7
-38
-53
-75
-93
-94
-90
-101
-113
-119
-117
-108
-100
-92
-89
-87
-86
-81
-64
-50
-50
-45
-41
-48
-41
-13
7
3
14
43
56
39
29
39
44
26
-2
-9
4
10
-2
-35
-75
-97
-101
-89
-91
-108
-104
-88
-93
-115
-114
-90
-79
-79
-64
-37
-20
-5
19
43
46
54
79
96
84
56
51
66
78
83
87
71
42
18
0
-15
-23
-31
-41
-58
-76
-67
-42
-37
-51
-65
-59
-37
6
58
98
121
146
179
210
219
228
262
283
286
272
275
298
304
276
228
211
224
231
194
132
108
109
122
113
77
49
17
-7
-16
-10
-4
-3
-18
-32
-33
-38
-45
-49
-53
-62
-64
-71
-68
-69
-99
-161
-225
-264
-282
-297
-318
-337
-347
-337
-315
-306
-316
-311
-283
-244
-198
-164
-156
-154
-131
-87
-50
-31
-44
-63
-64
-55
-48
-51
-50
-47
-42
-24
-12
-17
-16
-4
-11
-40
-57
-50
-43
-57
-84
-97
-91
-79
-82
-88
-76
-49
-14
26
53
75
93
117
139
156
169
183
182
174
185
204
217
221
230
230
210
204
231
257
253
243
251
256
248
241
245
255
257
257
241
228
224
208
185
175
185
180
155
127
97
73
65
53
39
34
33
18
-18
-36
-24
-20
-44
-74
-78
-75
-89
-117
-147
-159
-156
-168
-185
-196
-207
-222
-240
-259
-253
-220
-194
-190
-200
-189
-155
-133
-123
-112
-98
-89
-92
-96
-88
-59
-38
-46
-59
-69
-79
-88
-80
-62
-54
-54
-45
-44
-50
-33
0
8
4
17
29
34
41
53
64
60
42
37
44
43
16
-16
-50
-66
-50
-27
-16
-35
-63
-81
-97
-95
-78
-60
-56
-64
-75
-84
-67
-27
-2
-3
-20
-34
-31
-12
22
39
34
17
13
29
42
43
33
29
31
29
36
41
36
31
33
35
20
16
31
34
18
0
-2
6
9
14
17
25
43
58
60
54
50
44
41
43
32
8
-15
-28
-30
-23
-9
-22
-62
-87
-74
-44
-30
-23
-14
-11
-17
-19
4
29
30
11
-7
-15
-7
2
1
-12
-25
-30
-33
-36
-36
-32
-33
-43
-52
-47
-36
-33
-36
-45
-56
-68
-74
-64
-49
-45
-42
-38
-43
-56
-66
-69
-69
-55
-45
-52
-52
-39
-20
-7
-8
-7
-5
-1
9
25
45
68
81
80
77
80
90
107
128
136
129
118
115
130
152
173
189
190
190
196
207
217
219
220
227
233
226
219
220
215
205
193
183
172
163
163
153
140
130
125
113
90
83
79
67
53
36
24
11
1
-11
-21
-25
-38
-60
-89
-103
-107
-108
-105
-106
-118
-128
-137
-150
-156
-157
-166
-181
-191
-192
-196
-196
-183
-164
-166
-186
-208
-214
-206
-197
-193
-191
-191
-203
-216
-208
-187
-168
-160
-163
-164
-163
-157
-140
-120
-108
-108
-114
-120
-110
-89
-66
-59
-58
-50
-35
-27
-26
-17
5
28
40
43
44
56
72
77
70
62
66
68
68
71
78
92
105
121
128
128
129
128
139
149
149
144
135
131
136
145
154
148
140
135
133
125
119
128
141
148
142
123
107
106
111
112
103
93
79
61
53
45
37
23
8
-2
-21
-40
-45
-38
-31
-43
-63
-72
-71
-61
-47
-35
-29
-26
-27
-38
-46
-38
-28
-29
-30
-29
-30
-30
-34
-33
-30
-25
-17
-13
-11
-7
-4
2
10
15
22
20
22
20
23
28
20
9
-1
-7
-10
-13
-17
-26
-32
-48
-63
-64
-56
-47
-37
-36
-37
-41
-39
-31
-22
-10
-5
-3
-7
-12
-6
6
14
7
-6
-19
-29
-31
-26
-20
-20
-24
-20
-17
-8
11
30
44
43
37
31
32
35
29
25
17
11
9
-1
-5
-4
-12
-22
-30
-33
-26
-16
-1
10
12
10
10
12
13
17
16
10
12
11
11
9
5
-3
-10
-18
-23
-17
-14
-13
-13
-16
-21
-21
-17
-8
-2
3
5
8
11
11
11
7
3
9
12
13
10
3
-1
-2
-11
-15
-17
-14
-6
-7
-4
-3
-6
-15
-26
-33
-38
-38
-36
-37
-39
-48
-60
-65
-71
-74
-76
-80
-86
-90
-90
-83
-75
-71
-69
-72
-68
-63
-61
-57
-49
-38
-29
-25
-18
-7
5
9
8
5
6
10
16
21
25
28
32
33
29
28
37
47
53
55
57
58
65
74
82
91
92
91
87
91
100
104
104
98
93
89
86
87
85
83
80
69
57
48
42
40
34
23
9
-3
-10
-12
-14
-17
-21
-23
-26
-32
-36
-35
-28
-25
-27
-34
-43
-49
-49
-47
-49
-51
-55
-63
-67
-71
-73
-76
-81
-82
-83
-77
-73
-74
-76
-77
-74
-66
-57
-44
-27
-18
-10
-1
7
11
15
22
27
31
36
40
46
47
43
37
29
28
26
19
20
18
14
13
11
10
11
14
15
14
18
25
29
30
23
15
12
9
13
14
17
20
25
31
35
39
46
53
52
51
53
53
52
55
54
49
43
35
26
13
5
6
3
4
2
-7
-18
-27
-28
-28
-25
-27
-31
-26
-21
-14
-16
-18
-17
-17
-14
-6
4
5
0
-8
-17
-23
-24
-27
-25
-27
-36
-41
-43
-43
-45
-52
-61
-65
-65
-65
-64
-64
-61
-55
-55
-50
-41
-39
-35
-29
-16
-10
-6
-5
-7
-7
-9
-9
-8
-2
9
15
20
31
37
45
51
52
56
65
71
72
70
66
61
59
56
55
53
50
46
44
43
44
46
45
41
34
29
27
22
13
5
-5
-17
-23
-31
-41
-43
-40
-41
-40
-43
-41
-38
-42
-45
-45
-44
-41
-39
-41
-39
-38
-37
-33
-32
-31
-27
-25
-26
-23
-19
-13
-3
9
21
31
41
54
61
62
63
59
55
49
47
45
43
46
47
47
47
45
44
42
47
45
43
40
35
33
28
24
21
15
4
-7
-13
-20
-27
-34
-31
-27
-26
-23
-26
-34
-38
-39
-47
-48
-47
-47
-46
-51
-51
-52
-53
-55
-60
-56
-51
-47
-38
-26
-17
-16
-19
-17
-18
-17
-16
-10
-3
2
4
8
11
13
15
19
28
34
38
46
54
59
59
60
59
57
58
55
54
51
48
48
46
42
40
41
41
41
41
42
36
27
14
9
6
-2
-8
-15
-24
-35
-44
-48
-44
-38
-37
-34
-33
-35
-32
-31
-35
-43
-48
-55
-63
-68
-75
-80
-89
-98
-108
-113
-116
-114
-112
-113
-115
-115
-111
-103
-94
-83
-74
-70
-61
-50
-37
-27
-24
-19
-19
-17
-16
-17
-15
-14
-16
-15
-10
-3
4
15
28
43
58
72
77
80
82
84
85
81
75
68
60
53
49
46
43
37
29
28
31
35
42
53
64
75
86
91
91
90
87
81
77
78
79
77
67
61
53
41
30
21
19
18
19
27
34
33
35
42
49
47
49
47
39
33
29
31
28
19
9
-1
-7
-11
-15
-16
-8
-5
-6
2
6
9
17
19
19
19
17
10
-2
-12
-20
-26
-34
-39
-42
-48
-55
-64
-78
-88
-97
-96
-90
-91
-88
-90
-93
-91
-89
-92
-96
-91
-88
-87
-84
-76
-67
-56
-52
-54
-55
-57
-54
-56
-61
-61
-60
-57
-58
-64
-69
-73
-73
-68
-61
-53
-44
-31
-18
-9
-2
7
14
17
26
35
43
51
58
64
71
81
93
101
107
114
114
116
117
116
119
119
117
118
120
122
118
106
96
94
93
87
86
82
76
75
76
75
70
68
66
63
61
60
60
55
53
54
46
35
23
10
-2
-14
-22
-31
-41
-55
-69
-81
-89
-89
-89
-85
-82
-86
-81
-74
-69
-64
-59
-48
-46
-44
-45
-49
-52
-61
-70
-73
-74
-72
-71
-70
-69
-70
-67
-66
-59
-48
-37
-27
-18
-15
-13
-15
-17
-16
-18
-22
-25
-28
-29
-29
-27
-29
-35
-39
-39
-36
-35
-36
-31
-26
-21
-12
-3
4
12
12
13
15
15
17
21
24
24
27
29
30
33
29
28
28
26
28
38
50
63
72
73
73
68
60
51
48
45
40
36
29
23
18
19
17
14
17
24
28
30
36
42
39
36
28
21
11
0
-5
-12
-21
-26
-32
-38
-44
-41
-39
-40
-38
-36
-28
-23
-14
-9
-12
-12
-15
-13
-8
-6
-2
-3
-3
-5
-8
-3
0
0
0
4
11
20
33
35
36
39
43
47
43
39
37
30
25
20
21
17
12
5
-2
-3
-1
-1
-5
-6
-5
-5
-8
-13
-16
-17
-22
-27
-25
-22
-15
-13
-12
-6
-5
-2
-2
-10
-19
-20
-25
-28
-29
-31
-29
-27
-27
-25
-20
-16
-12
-10
-9
-4
2
6
10
16
19
17
14
13
14
18
22
26
31
34
39
45
45
47
50
52
54
56
59
71
74
75
72
66
65
60
55
50
48
44
38
33
26
22
15
6
-3
-10
-10
-8
-8
-4
1
6
8
2
-3
-10
-18
-25
-30
-37
-42
-48
-53
-61
-69
-76
-82
-87
-94
-98
-98
-96
-96
-97
-98
-95
-92
-87
-76
-66
-59
-55
-51
-46
-43
-40
-36
-36
-33
-28
-22
-12
-4
0
1
1
2
2
1
2
6
13
18
24
34
45
53
59
63
63
61
60
58
52
45
43
40
36
34
33
32
31
29
32
40
44
43
40
36
37
34
30
25
17
12
6
-1
-5
-9
-13
-17
-22
-27
-28
-31
-33
-31
-30
-35
-35
-33
-30
-25
-23
-19
-17
-15
-5
0
1
2
4
5
0
-7
-9
-8
-11
-19
-20
-18
-18
-14
-8
0
5
8
8
10
11
15
18
13
10
9
11
11
9
8
5
4
2
-1
-2
-1
4
7
3
-1
-3
-3
-1
-3
-1
3
5
4
2
-1
0
0
-2
-4
-6
-4
-2
-2
-4
-6
-10
-17
-21
-25
-23
-21
-24
-28
-31
-35
-35
-37
-35
-33
-28
-18
-7
5
18
31
43
51
57
61
62
62
60
54
48
41
34
26
18
13
5
1
-2
-4
-9
-7
-1
3
2
0
-2
0
9
14
19
21
19
20
18
15
15
13
7
0
-12
-12
-12
-16
-19
-28
-31
-33
-37
-42
-42
-44
-48
-52
-57
-57
-51
-48
-51
-37
-33
-31
-26
-28
-25
-22
-19
-16
-9
-4
0
5
11
16
18
18
20
22
24
22
15
13
10
7
5
5
8
11
16
19
25
28
30
33
31
25
21
23
24
24
23
24
26
27
22
22
21
18
16
14
12
11
15
19
19
17
16
20
19
16
10
4
0
-3
-10
-16
-17
-18
-19
-21
-20
-15
-10
-8
-8
-8
-12
-14
-12
-15
-17
-13
-10
-10
-11
-9
-11
-16
-18
-24
-24
-22
-18
-12
-10
-7
-9
-8
-6
-6
-3
6
11
21
30
32
31
26
19
14
4
-2
-4
