0
0
0
0
-1
0
-1
-1
-1
0
-1
0
0
0
0
0
-1
-1
-1
0
0
0
-1
0
0
-1
-1
0
-1
0
0
0
0
-1
0
0
0
1
1
0
0
0
1
0
0
1
-1
0
0
0
0
0
0
-1
0
1
0
0
0
1
0
0
0
0
0
0
0
0
0
0
1
0
0
0
0
-1
-1
0
0
0
0
-1
-1
-1
-1
0
0
-1
-1
-1
-1
-1
-1
0
0
-1
0
1
0
0
0
0
0
-1
0
1
0
1
0
0
0
1
0
0
0
0
1
0
0
0
0
0
1
0
1
0
0
0
1
0
0
0
0
-1
0
-1
0
1
0
0
0
1
0
0
0
0
0
0
1
0
1
0
1
1
1
0
0
0
0
1
0
-1
0
-1
0
0
0
-1
0
-1
-1
-1
-1
-1
-1
-1
-1
0
0
1
1
0
0
0
-1
-1
0
1
0
-1
0
0
0
1
-1
0
1
1
0
0
-1
-1
-1
0
-1
-1
0
0
0
0
0
0
1
0
0
1
0
0
0
0
0
0
-1
0
0
-1
0
-1
0
0
0
0
0
-1
0
0
0
1
0
1
0
0
-1
-1
0
0
0
0
0
0
0
0
0
0
1
1
-1
1
0
-1
-1
0
0
-1
0
0
0
0
0
-1
1
0
0
0
0
0
0
0
0
0
-1
0
0
-1
0
-1
0
0
-1
-1
0
0
0
0
0
0
0
1
0
0
0
1
0
1
0
1
0
0
0
1
1
1
0
1
0
1
1
1
0
0
0
-1
0
-1
0
-1
-1
0
0
1
0
-1
0
0
1
1
1
0
1
1
1
0
2
1
0
1
0
0
-1
0
-1
-1
-1
0
-1
0
0
-1
0
-1
-1
-1
-1
0
-1
0
-1
0
-1
-1
0
-1
-1
1
0
0
0
0
1
1
0
0
0
-1
1
0
1
0
0
1
0
1
0
0
1
1
1
1
1
1
1
0
0
0
0
0
0
0
1
1
0
0
0
1
0
1
1
0
0
0
0
0
0
0
0
0
-1
0
0
0
0
0
0
0
-1
-1
0
0
0
0
-1
1
-1
-1
-1
0
-1
0
-1
-1
0
-1
0
0
0
0
0
0
0
0
0
0
-1
0
1
1
0
1
-1
0
-1
-1
0
0
1
0
0
1
0
0
0
0
0
1
0
1
1
0
0
1
1
0
0
-1
0
0
-1
0
0
0
1
1
1
0
1
0
0
-1
-1
-1
-2
0
0
-1
1
1
1
1
1
0
0
0
0
-1
-1
-1
-1
-1
-1
-1
-1
0
-1
-1
-1
-1
-1
-1
-2
0
0
0
-1
-1
0
0
2
-1
1
1
1
1
0
0
0
-1
-1
-1
-1
0
0
1
1
0
1
0
0
-1
-1
-1
0
0
0
1
1
0
0
0
0
0
0
1
1
1
2
2
1
1
0
0
-1
-1
0
0
0
0
0
0
1
0
2
0
0
1
0
0
1
1
1
1
0
-1
-1
-2
-2
-1
0
0
1
1
1
1
0
0
-1
-2
-2
-2
-1
-1
0
0
0
1
0
0
0
0
0
0
-1
0
0
0
0
0
0
-1
-1
-2
0
-1
0
0
0
0
1
1
0
0
0
0
1
1
1
0
1
0
0
0
-1
-1
-1
0
0
1
1
1
2
2
0
0
-1
-2
-3
-3
-3
-2
-1
0
0
0
0
0
0
0
0
-1
-1
0
0
1
1
1
1
1
0
1
0
0
1
0
0
0
0
1
-1
-1
-1
-1
-1
-2
-2
0
0
0
0
0
0
1
0
1
0
1
1
0
0
0
0
0
-1
0
0
0
0
1
1
1
0
-1
0
0
-1
0
-1
0
0
0
0
2
2
2
1
1
2
1
1
0
0
0
0
0
0
0
0
0
0
1
0
0
-1
-1
-1
0
0
1
1
0
0
-1
0
0
0
1
0
0
0
0
0
-1
0
-1
-1
0
-1
-1
0
-1
-1
0
0
0
0
-1
-1
-1
-1
-1
0
-1
0
1
0
0
0
-1
0
0
0
0
1
0
0
0
0
0
1
0
0
0
0
0
-1
0
-1
0
0
2
1
1
1
2
1
1
2
1
1
1
1
1
0
0
-1
-1
-1
-1
0
-1
0
1
0
0
0
0
0
0
0
0
0
-1
-1
-1
-1
0
-1
0
0
0
0
0
0
1
1
1
1
1
0
0
-1
-1
-1
-1
-1
0
-1
-1
0
-1
1
0
1
1
1
-1
-1
-2
-1
-1
0
0
0
1
1
1
1
2
1
1
1
1
1
0
-1
-1
-1
0
-1
-1
-1
0
0
0
1
0
0
0
0
-1
0
0
-1
0
0
0
0
1
1
1
0
0
0
-1
-1
0
1
1
2
1
1
0
0
0
0
0
-1
0
-1
1
1
1
1
1
1
1
1
2
0
0
0
0
0
0
0
0
-1
0
-1
0
-1
-1
0
0
0
0
0
0
1
-1
-1
-1
-1
-1
-1
-2
-1
-1
-1
0
0
0
0
0
0
-1
-1
0
-1
-1
-1
-1
-1
-1
0
0
1
0
1
0
1
1
0
1
1
1
0
0
0
0
0
-1
-1
-1
0
1
0
1
1
2
1
1
1
1
1
1
0
0
0
-1
0
0
0
0
-1
0
0
-2
-1
-1
-1
-1
-1
0
0
0
0
0
1
0
2
1
0
0
0
0
1
0
0
-1
0
0
0
-1
-1
-1
-1
-1
0
0
1
1
0
-1
0
0
0
0
0
0
-1
0
0
0
-1
0
1
1
1
1
0
1
1
0
1
1
1
0
1
-1
0
0
0
-1
-1
-1
0
-1
-1
-1
0
0
0
1
1
1
1
1
1
0
0
1
1
0
0
0
0
1
0
0
1
-1
-1
-1
0
-1
-1
0
0
0
0
-1
-1
-1
0
0
0
1
0
0
0
-1
0
-1
-1
0
-1
-1
0
0
0
0
0
-1
-1
-1
0
0
-1
0
-1
0
-1
-1
0
0
1
1
1
0
0
1
2
1
1
1
0
0
0
1
-1
1
1
1
1
2
1
1
1
1
1
0
-1
0
-1
-1
0
0
1
0
1
0
2
1
1
1
1
1
-1
0
-1
-1
-1
-1
0
0
0
-1
0
-1
0
0
-1
0
0
-1
-1
0
0
-1
0
0
-1
0
0
0
0
0
-1
1
0
1
0
1
-1
0
0
0
-1
0
0
0
0
0
-1
0
0
0
0
0
0
0
1
0
0
0
1
0
0
0
0
1
1
1
0
0
0
0
0
0
0
1
0
0
0
-1
0
0
1
1
0
0
1
0
-1
0
-1
-1
-1
0
1
0
0
0
0
0
-1
0
-1
0
0
0
0
-1
0
0
0
1
0
0
0
0
0
0
0
-1
0
0
0
0
-1
0
-1
-1
-1
0
-1
-1
-1
-1
0
-1
0
0
1
0
0
0
1
0
0
0
0
0
1
0
0
0
0
0
1
1
1
0
0
0
1
0
0
0
0
0
0
1
0
1
1
0
-1
0
-1
0
0
0
-1
-1
0
0
-1
0
0
0
0
0
0
0
0
0
0
0
1
0
0
0
0
0
0
0
0
1
0
1
1
0
0
1
0
0
0
0
0
1
0
-1
-1
0
0
0
0
0
1
0
1
1
0
0
1
0
0
0
-1
1
1
0
0
0
0
0
-1
0
0
0
0
0
0
0
0
0
0
0
0
-1
0
0
0
0
0
0
0
-1
0
-1
-1
-1
0
-1
-1
-1
0
-1
-1
-1
0
-1
-1
0
0
0
-1
0
-1
0
0
0
-1
0
0
-1
0
-1
0
1
0
0
0
0
0
0
1
0
0
0
0
0
0
-1
0
0
0
1
0
0
1
1
1
0
0
0
-1
0
0
0
0
1
1
0
1
0
1
0
1
0
0
0
0
0
0
0
1
0
0
-1
0
-1
1
1
0
0
1
0
-1
0
0
1
1
1
0
0
0
-1
-1
-1
-1
0
0
0
0
0
0
0
0
0
0
0
0
0
0
-1
0
1
0
0
1
0
0
0
0
-1
1
0
0
0
1
0
1
0
0
0
0
0
0
0
0
0
1
0
1
1
1
0
0
0
-1
-2
0
0
-1
-1
0
0
0
0
0
0
0
0
1
0
0
0
0
0
1
0
0
0
0
0
0
-1
-1
1
0
0
0
-1
0
-1
0
-2
0
-1
0
-1
-1
0
-1
1
-1
0
0
0
1
0
1
0
1
1
1
1
0
1
1
0
1
1
1
1
1
0
1
1
1
0
0
0
0
0
1
1
1
0
0
0
1
0
-1
0
0
0
0
1
1
0
-1
0
-1
0
-1
-1
0
0
0
-1
-1
0
0
0
-1
0
-1
0
-1
-1
0
0
0
1
0
0
0
0
0
0
0
-1
1
-2
0
-1
0
0
0
0
0
0
1
1
0
0
0
0
0
0
0
0
0
-1
0
-1
0
0
0
0
0
0
0
0
0
0
0
0
0
1
0
0
0
0
-1
0
-1
1
1
0
0
1
0
0
0
1
0
0
0
0
0
0
1
0
1
-1
0
0
0
0
0
0
1
-1
0
0
0
0
0
0
0
-1
0
0
0
-1
0
-1
1
0
0
0
0
0
-1
0
0
0
0
0
1
-1
0
0
0
1
1
0
0
-1
-1
0
0
0
0
0
1
1
0
0
1
1
0
0
0
0
0
0
0
1
1
0
0
0
0
1
1
1
0
0
1
0
1
1
0
-1
0
-1
-1
0
-1
-1
-1
-1
0
1
-1
0
0
0
-1
0
0
-1
-1
-1
-1
-1
-1
-1
-1
0
0
0
0
-1
-1
0
-1
0
0
1
0
0
0
1
0
0
1
-1
0
-1
-3
-2
1
3
4
3
1
0
-1
0
1
2
4
6
6
6
3
1
0
2
4
4
3
-1
-4
-3
-3
0
1
0
-2
-4
-5
-3
0
2
4
5
5
1
-4
-7
-6
-1
6
9
8
3
0
-3
-3
-1
-2
-1
-1
-1
-2
-4
-4
0
3
4
3
-1
-3
-3
1
6
8
7
4
1
-1
-4
-4
-2
1
3
3
2
-1
-4
-6
-5
-2
1
0
-3
-4
-3
-2
-1
0
-1
-2
-3
-3
-3
1
5
8
8
6
3
1
1
0
1
0
-1
0
-1
-1
-2
-3
-5
-7
-8
-9
-8
-6
-5
-5
-5
-4
-5
-6
-6
-3
1
5
6
5
4
3
3
4
3
1
-1
-3
-5
-5
-5
-5
-6
-6
-7
-10
-14
-18
-17
-11
-3
0
1
3
6
7
8
11
13
13
12
9
7
5
5
10
15
17
17
11
2
-5
7
42
77
82
61
45
47
50
43
40
43
33
11
-10
-17
-19
-30
-44
-56
-65
-72
-74
-76
-77
-75
-62
-40
-19
-6
3
17
34
51
66
78
84
83
64
41
31
29
13
-22
-59
-86
-109
-127
-129
-128
-129
-129
-126
-118
-110
-94
-68
-38
-8
24
54
79
100
119
131
131
128
126
126
121
115
111
102
82
56
29
7
-11
-29
-49
-68
-79
-88
-92
-85
-65
-34
-6
14
24
32
45
67
90
114
139
157
161
148
129
116
104
115
168
219
207
122
37
16
2
-35
-72
-78
-62
-73
-95
-91
-71
-40
-21
-18
-27
-63
-117
-183
-248
-256
-177
-74
-177
-621
-1132
-1308
-1104
-875
-843
-798
-616
-485
-489
-439
-162
176
347
450
634
884
1108
1241
1293
1282
1249
1262
1242
1049
704
352
94
-130
-407
-737
-1058
-1327
-1554
-1730
-1769
-1555
-1176
-920
-774
-489
40
627
1065
1419
1727
1912
2018
2073
2054
1968
1852
1726
1446
991
534
123
-315
-788
-1208
-1530
-1725
-1759
-1656
-1521
-1408
-1243
-1022
-831
-619
-330
-24
261
499
773
1069
1305
1536
1647
1634
1546
1368
1118
744
339
-31
-349
-596
-706
-661
-626
-586
-546
-536
-544
-551
-450
-368
-483
-539
-859
-1931
-3172
-3739
-3207
-2506
-2368
-2029
-1420
-940
-776
-748
-148
639
1077
1393
1675
2188
2721
2954
3135
3276
3332
3199
2868
2425
1774
1029
362
-178
-921
-1866
-2645
-3227
-3481
-3577
-3488
-2908
-2191
-1544
-1088
-701
98
983
1744
2480
3142
3785
4099
4061
3795
3210
2529
1863
1195
471
-221
-795
-1355
-1883
-2351
-2600
-2645
-2542
-2277
-2076
-1870
-1569
-1244
-789
-288
208
615
802
993
1209
1376
1472
1422
1274
1005
629
220
-133
-291
-300
-326
-534
-760
-830
-850
-739
-483
-5
544
938
1362
1681
1745
1656
1393
1259
898
422
-358
-2547
-4800
-6466
-6373
-5369
-5412
-4729
-3995
-2894
-2113
-1971
-667
651
1931
2469
2791
3663
4569
5300
5503
6137
6435
6176
5561
4452
3433
1987
749
-129
-1627
-3174
-4426
-5258
-5446
-5534
-5313
-4756
-3851
-2610
-1671
-740
541
2070
3106
3761
4445
4912
5249
5013
4472
3694
2840
2237
1099
-231
-1163
-1763
-2362
-3143
-3707
-3997
-4076
-3828
-3408
-2987
-2418
-1538
-801
-316
343
1010
1394
1393
1390
1389
1217
1197
1266
1136
784
537
229
-250
-776
-1103
-1200
-1358
-1226
-906
-544
92
878
1622
2273
2768
3105
3003
2639
2380
2016
1749
1647
1688
1024
271
-1324
-4472
-7157
-9105
-8327
-7724
-7832
-6410
-5424
-3443
-2532
-1315
1085
2918
4860
5192
5734
6439
7318
7622
7131
7615
6897
5868
4367
2907
2007
130
-1005
-2319
-4351
-6100
-7548
-8080
-8121
-7752
-6987
-5926
-4180
-2206
-505
782
2479
4250
4938
5414
5804
6132
6125
5447
4860
3888
2913
2052
470
-1290
-2568
-3370
-4187
-5001
-5441
-5504
-5369
-4837
-3896
-3000
-1968
-759
191
950
1715
2339
2563
2525
2652
2795
2740
2695
2610
2238
1737
1266
517
-402
-1117
-1463
-1674
-1802
-1400
-769
-160
628
1448
2125
2649
2968
3085
2768
2308
2026
1711
1415
1455
1301
754
-249
-3425
-6942
-9725
-10425
-9237
-9525
-8205
-6382
-4398
-2345
-1432
1379
3890
6177
7053
6833
7277
7414
7999
7197
7276
7297
5992
4665
2366
1367
-114
-1737
-2853
-5262
-7507
-9388
-9984
-9696
-8943
-7458
-5807
-3540
-1280
755
2423
3962
6023
7081
7021
6976
6768
6552
5675
4416
3439
2069
800
-873
-2864
-4159
-4826
-5273
-6025
-6414
-6195
-5447
-4314
-2931
-1310
-80
1141
2100
2673
3422
3995
4171
3850
3467
3131
2693
2217
1669
1008
107
-611
-1391
-2416
-3075
-3171
-2926
-2716
-2306
-1568
-685
292
1412
2517
3425
4327
4797
4712
4196
3451
2924
2253
2073
1675
813
-405
-4210
-8122
-11311
-12134
-10593
-10766
-9327
-7736
-5696
-3281
-2229
1062
4075
7142
8390
7906
8298
8274
8935
7953
7783
7722
5900
4333
1718
658
-672
-2286
-3095
-5520
-7789
-10022
-10804
-10100
-8824
-6660
-4770
-2161
441
2619
4265
5641
7657
8456
7941
7128
6186
5395
4269
3058
2031
680
-579
-2221
-4154
-5380
-5906
-6048
-6356
-6194
-5567
-4465
-2842
-1070
724
1773
2752
3474
3652
3874
4055
4057
3532
2925
2289
1495
706
96
-504
-1325
-1863
-2334
-2881
-3187
-3049
-2509
-1899
-1234
-403
489
1499
2760
3858
4791
5347
5425
5109
4240
3285
2213
1278
812
464
-128
-856
-3719
-8134
-11530
-13430
-12280
-11697
-10667
-8144
-6525
-3778
-2069
892
4816
8023
10409
9907
9745
9305
9113
8223
6953
7073
4964
2767
405
-1303
-1807
-3173
-3355
-4688
-7004
-9016
-10413
-9979
-8862
-6456
-4106
-1738
1050
3229
5305
6689
8537
9700
8843
7503
5896
4530
3065
1513
507
-659
-1628
-2490
-3799
-4964
-5725
-5662
-5654
-5663
-5018
-4190
-2650
-1042
758
2181
2862
3714
3973
4094
3972
3698
3238
2242
1433
572
-58
-598
-1021
-1409
-2011
-2311
-2603
-2671
-2559
-2224
-1633
-1117
-411
419
1469
2600
3738
4801
5471
5658
5299
4598
3466
1989
751
-158
-341
-524
-737
-2199
-6517
-10167
-12739
-12688
-11458
-11210
-8620
-6862
-4579
-2368
-280
4073
7684
11150
11460
10645
10121
9043
8559
6506
6171
5045
2423
404
-2014
-2218
-2623
-2778
-2995
-5238
-7394
-9510
-9764
-8835
-7050
-4398
-2312
631
2995
5052
7044
8308
9898
9487
7710
6018
3910
2583
884
-684
-1499
-2625
-3218
-4113
-4926
-5354
-5682
-5469
-5594
-5216
-4521
-3147
-1084
518
2257
3098
3757
4327
4369
4595
4062
3424
2503
1326
373
-543
-959
-1355
-1671
-2052
-2432
-2619
-2689
-2425
-2227
-1912
-1428
-985
-347
514
1714
3056
4327
5504
6062
6075
5592
4618
3321
1823
747
283
74
-102
-1342
-5264
-9236
-11805
-12248
-11161
-11102
-9318
-7534
-5870
-3874
-2062
1972
5970
9815
10991
10403
10152
9113
8687
6923
6188
5465
2723
484
-1886
-2419
-2290
-2259
-2047
-3728
-5880
-8169
-8981
-8366
-7192
-4970
-3224
-660
1837
3757
6058
7713
9225
9500
7918
6118
4290
2534
1100
-685
-1932
-2647
-3262
-3851
-4478
-4456
-4401
-4103
-4181
-4169
-3696
-3008
-1094
408
1631
2586
3053
3680
3701
3903
3788
3142
2395
1355
484
-392
-642
-713
-1044
-1314
-1716
-1850
-2129
-2267
-2151
-2132
-1787
-1472
-1126
-369
681
2024
3412
4548
5393
5669
5464
4892
3716
2412
1359
909
543
95
-1150
-5044
-8780
-11394
-12028
-11093
-11208
-9535
-8110
-6844
-5185
-3466
401
4310
8398
9949
10069
10228
9535
9563
8059
7534
6860
4123
1907
-406
-1070
-1000
-1012
-970
-2582
-4795
-7249
-8463
-8340
-7542
-5898
-4694
-2564
-192
1768
4010
5713
7497
8170
7303
6018
4523
3286
2079
728
-585
-1478
-2130
-2773
-3328
-3700
-3675
-3581
-3593
-3672
-3648
-3191
-1973
-587
393
890
1032
1373
1635
1968
2247
2101
1968
1735
1413
1130
1027
1194
1175
709
115
-432
-912
-1279
-1562
-1790
-1890
-1859
-1742
-1222
-433
706
2116
3218
4116
4545
4562
4338
3586
2672
1837
1627
1600
1289
-548
-4597
-7742
-9815
-10000
-9691
-10010
-8786
-8107
-7147
-6267
-4429
-1104
2451
6041
7082
8067
8562
8725
9280
8394
8580
7702
5286
3343
1470
912
802
775
434
-1243
-3796
-6253
-7301
-7663
-7245
-6541
-6090
-4390
-2637
-856
1181
3034
5251
6314
6073
5361
4507
3822
3131
2247
1208
568
-76
-593
-1048
-1622
-1615
-1775
-2132
-2612
-3354
-3351
-2682
-1951
-1462
-1473
-1663
-1519
-1218
-887
-394
-102
422
1024
1194
1708
2256
2869
3398
3128
2646
1965
1365
814
22
-725
-1345
-1720
-2130
-2083
-1624
-791
475
1428
2280
2648
2731
2773
2376
1897
1625
1630
1488
795
-1949
-4970
-6788
-7600
-6818
-7075
-6965
-6583
-6652
-6471
-6000
-4044
-1561
1685
3380
4402
5620
5991
7401
7855
8206
8568
6895
5357
4052
3144
3104
2951
2692
1821
-65
-2553
-4131
-5033
-5380
-5078
-5659
-5590
-4866
-4126
-2579
-1290
223
1868
2656
2845
2852
2496
2183
2389
2000
1998
2078
1672
1717
1243
922
934
474
-277
-1028
-1989
-2550
-2211
-2304
-2289
-2715
-3616
-3642
-3803
-3548
-2939
-2664
-1770
-677
262
1418
2533
3678
4720
4970
4764
4384
3593
2917
2053
1013
363
-319
-768
-910
-756
-48
750
1337
1624
1552
1261
1106
810
545
709
468
-170
-2414
-4902
-5902
-6329
-5485
-5173
-5060
-4748
-4981
-5522
-5567
-4525
-3040
-739
-27
728
2183
2835
4676
5954
6829
7970
7153
5931
5198
4333
4336
4233
3545
2816
1315
-872
-2192
-3002
-3468
-3229
-3853
-4254
-4156
-4262
-3600
-2983
-2392
-1353
-692
-294
213
543
974
1625
1953
2210
2528
2602
2718
2679
2487
2529
2327
1830
1161
237
-515
-901
-1168
-1380
-1875
-2636
-3337
-3975
-4242
-4274
-4146
-3694
-2978
-1835
-478
923
2413
3546
4310
4713
4666
4364
3910
3328
2444
1505
746
248
-58
-362
-222
197
763
1343
1356
1072
674
445
501
549
343
-133
-2197
-4717
-5962
-6613
-5759
-5080
-4722
-4254
-4564
-5243
-5159
-4303
-3199
-1177
-906
-591
644
1171
2975
4432
5596
7197
6901
5996
5786
5402
5615
5885
5190
4194
2713
532
-673
-1411
-1968
-1630
-2155
-2598
-2581
-2872
-2394
-1950
-1910
-1844
-2022
-2121
-1858
-1708
-1370
-698
-320
345
1014
1471
2066
2409
2538
2534
2342
1972
1540
1014
564
87
-493
-787
-1053
-1380
-1866
-2444
-2896
-3431
-3837
-3969
-3748
-3010
-1842
-628
629
1635
2361
3098
3423
3658
3606
3171
2660
1820
981
425
101
132
346
512
1100
1665
2053
2210
1900
1664
1660
1617
1269
-155
-3267
-5496
-6751
-6780
-5558
-5127
-4300
-3786
-4526
-5245
-5052
-4438
-2519
-1342
-1637
-916
-640
510
2522
3743
5571
6585
5837
5406
5052
5105
6014
6053
5569
4646
2509
569
-703
-1707
-1723
-1851
-2375
-2500
-2663
-2373
-1722
-1147
-678
-578
-960
-1386
-1542
-1704
-1582
-1455
-1248
-642
54
1036
2002
2755
3196
3029
2606
1954
1182
549
-46
-439
-760
-1262
-1584
-1612
-1550
-1447
-1623
-2071
-2586
-3080
-3221
-2869
-2047
-949
226
1052
1685
2457
3156
3858
4043
3798
3126
2044
1157
462
258
357
586
949
1200
1425
1806
2033
2004
1919
1895
1851
1623
31
-2923
-5113
-6662
-6604
-5883
-5556
-4551
-4165
-4755
-5351
-5177
-4638
-2675
-1553
-1711
-913
-954
156
2103
3290
5424
6308
5636
5371
4918
5180
6001
6124
5841
4889
2636
539
-851
-2075
-2194
-2563
-3242
-3364
-3727
-3450
-2673
-1895
-805
-100
-49
-234
-396
-588
-414
-408
-546
-66
213
1031
2137
2795
3423
3174
2506
1550
335
-531
-1139
-1493
-1855
-2311
-2845
-3049
-2811
-2366
-1889
-1916
-2125
-2234
-2307
-1780
-932
239
1554
2245
2677
2957
3329
3978
4463
4419
3743
2829
1782
1046
669
496
689
700
605
440
317
585
989
1750
2149
1889
85
-3310
-5632
-6945
-6567
-5527
-5005
-4121
-3673
-4179
-4810
-4377
-3659
-1727
-793
-1292
-704
-825
-108
1572
2720
4893
5935
5051
4681
4378
4589
5394
5455
5194
4548
2397
173
-1284
-2490
-2566
-2837
-3419
-3488
-3754
-3515
-2703
-1670
-369
943
1564
1749
1892
1665
1641
1559
1331
1312
1286
1330
1675
2124
2404
2551
2145
1226
168
-1123
-2183
-2837
-3431
-3707
-3958
-4223
-4073
-3717
-3146
-2638
-2277
-1852
-1344
-751
-218
659
1693
2607
3307
3430
3725
4029
4242
4498
4035
3414
2669
1817
1292
782
209
-113
-432
-858
-960
-1147
-943
60
1048
1640
403
-3219
-6024
-7357
-7227
-5764
-5114
-4304
-3271
-3720
-4351
-3905
-3353
-1023
586
-150
179
18
496
2257
3146
4826
6104
5161
4396
4055
3885
4696
4886
4409
3940
1982
-273
-1616
-2809
-2954
-3103
-3790
-3802
-3724
-3336
-2351
-1203
267
1888
2943
3549
3980
3936
3762
3322
2736
2451
2084
1752
1560
1425
1347
1151
798
149
-816
-1923
-2951
-3793
-4446
-4846
-5046
-4973
-4642
-4134
-3454
-2967
-2504
-1891
-1301
-468
192
965
1917
2512
3074
3308
3494
3740
3809
3982
3721
3072
2562
2185
1818
1554
1227
827
599
132
-304
-689
-984
-490
600
1584
1113
-2205
-6160
-8546
-8844
-7176
-5833
-4815
-3718
-3548
-4395
-4292
-3497
-1562
1350
1587
1711
1879
1707
3374
4695
6275
7936
7006
5204
4067
3306
3422
3623
3026
2361
756
-1934
-3571
-4637
-4685
-3983
-4247
-4333
-4224
-3769
-2562
-1033
1012
2998
4435
5215
5698
5876
5577
5017
3995
3294
2529
1716
1295
601
348
-191
-1179
-1994
-3099
-3848
-4473
-5080
-5344
-5511
-5428
-5156
-4465
-3536
-2489
-1731
-1544
-1116
-755
-5
939
1633
2786
3322
3451
3466
3212
3470
3438
3091
2760
1994
1441
1222
1209
1585
1807
1669
1362
840
268
18
-348
-424
307
1142
2095
1016
-3311
-7281
-9585
-9566
-7490
-6204
-4949
-3356
-3173
-3773
-3295
-2826
-590
2169
1844
2444
2687
2852
4889
5852
7521
8852
7066
4847
3412
2319
2101
1839
1052
548
-1159
-3852
-5319
-6270
-5901
-4867
-4794
-4335
-3902
-3064
-1480
261
2675
4861
6344
7041
7228
6986
6159
5194
4112
3483
2606
1642
965
-103
-710
-1668
-2889
-3894
-5195
-5906
-6300
-6172
-5568
-4895
-4101
-3399
-2409
-1555
-747
-214
-203
-47
21
472
1227
2160
3356
4016
4135
3667
3155
2795
2304
1832
1208
816
624
536
1081
1756
2220
2415
2178
1680
1004
358
-114
-108
517
1722
2710
689
-4753
-9636
-11957
-10886
-8243
-6612
-5003
-3657
-3601
-4230
-3710
-2802
46
2889
2642
3410
3877
4690
6808
7573
9026
9384
6513
3543
1728
676
412
52
-605
-970
-2719
-5288
-6476
-7130
-6325
-5088
-4850
-4047
-3284
-1910
186
2408
5252
7712
8919
8961
8670
7729
6289
4877
3310
2570
1825
704
-200
-1651
-2737
-3562
-4573
-5546
-6704
-7277
-7259
-6412
-4943
-3560
-2272
-1272
-478
74
322
338
350
399
346
650
1312
2227
3403
3932
3798
3207
2352
1725
1076
485
48
-95
203
665
1389
2163
2549
2786
2805
2552
2020
1229
548
478
1082
2028
3427
2670
-2948
-9717
-14008
-14084
-10760
-8028
-5874
-4097
-3308
-4100
-4026
-2792
-653
3646
4452
4530
5767
5895
7931
9067
9729
10767
8064
3634
715
-930
-1673
-1609
-1848
-1892
-2451
-5317
-7102
-7668
-7458
-5651
-4974
-4352
-3005
-1486
1002
3713
6678
9616
11344
11182
9852
7983
5604
3426
1513
543
58
-761
-1517
-2696
-3761
-4670
-5819
-6750
-7858
-8571
-8028
-6456
-4011
-1427
167
1031
1364
1224
1291
1005
539
577
402
535
1258
2014
3162
3758
3131
2065
615
-606
-998
-1193
-927
-271
369
1622
2716
3545
4302
4401
4428
3938
3007
2043
1104
831
1330
2419
3683
4752
1954
-6015
-13847
-18041
-16399
-11776
-8409
-5651
-3863
-3389
-3915
-2861
-1198
1834
5717
5574
6054
6787
7073
9160
9647
10307
10085
5472
284
-2516
-3662
-3414
-2694
-2533
-2135
-3411
-6578
-7888
-8254
-7243
-5186
-4596
-3344
-1347
1225
4666
7812
10948
13230
13576
11794
8869
5876
2590
-270
-2014
-2287
-1765
-1691
-2046
-3377
-5086
-6463
-7989
-8592
-9082
-8681
-5917
-2969
556
3264
3791
3709
2724
1945
1586
587
-113
-135
129
1070
2408
3143
3448
2728
923
-874
-2654
-3330
-2935
-2267
-1072
-12
1200
2721
4019
4919
5012
4824
4346
3789
3270
2408
1745
1360
1707
2791
3526
4329
3822
-2449
-12372
-19947
-21511
-16766
-11293
-7323
-4077
-1798
-1532
-1872
-899
396
4620
7085
6406
7330
7248
8407
9697
9211
9696
7034
975
-3547
-5105
-4643
-3440
-2455
-1882
-1805
-4463
-7438
-7965
-7686
-5779
-4165
-2886
159
3470
7043
9651
11441
12945
12700
10477
6648
3023
199
-1717
-2267
-1655
-568
-371
-1118
-3106
-5946
-8274
-10165
-10700
-9967
-8326
-4946
-811
3410
6415
6667
5095
2986
1341
344
-325
-752
-527
778
2481
3980
4073
2957
1758
-247
-2492
-4208
-5032
-4289
-2823
-1012
760
1813
2619
3323
3753
3772
3555
3361
3263
3463
3586
3400
2719
2217
2437
2623
2758
2994
3142
-1358
-11288
-19682
-22539
-18132
-11183
-6289
-2161
505
611
-974
-1306
-341
3426
7215
6781
7223
7466
7748
9162
8299
8253
6674
737
-4130
-6043
-5643
-3840
-2329
-1104
-501
-2613
-5882
-6861
-6652
-4971
-2486
-706
2513
5820
8072
9423
9520
9860
9353
6609
2918
155
-1317
-1880
-1394
-784
-573
-969
-2480
-4441
-7165
-10119
-11111
-10174
-7518
-4117
-540
3225
5910
7451
6193
3080
573
-1243
-984
-504
-226
1358
2733
4120
4456
2953
1092
-807
-2540
-4330
-5747
-5848
-3976
-1200
789
2034
2065
1704
1719
1782
2349
2713
3175
4181
5101
5650
5130
4019
2925
2440
1991
1205
1118
1950
2388
-3401
-14116
-21725
-22223
-15224
-7809
-3180
-7
1179
102
-2084
-1841
16
4535
7770
6768
7199
6995
7581
9075
8499
8398
4984
-1865
-6113
-6340
-4107
-1616
400
1711
1603
-1648
-5683
-6523
-5895
-3690
-1179
270
3033
5292
6566
6986
6305
5902
4471
1925
-104
-531
-42
10
233
460
-184
-1984
-4441
-6442
-8138
-9227
-8659
-6415
-2964
432
3462
5215
4793
3520
676
-2003
-2631
-1725
1213
3242
3954
4580
4122
3095
1599
-11
-1459
-2667
-3653
-4297
-3747
-2341
-181
1611
1681
869
-546
-1407
-1003
382
2592
4414
5954
6855
6893
5992
4120
2509
1240
567
245
17
612
1679
3161
3329
-3066
-14265
-22607
-23302
-16255
-8512
-3307
495
2505
1903
-669
-1142
-32
3560
6850
6114
7080
8305
9666
11044
8926
7029
3387
-2990
-6567
-6120
-3266
-223
2260
3785
3213
-766
-5829
-7690
-8005
-6888
-4473
-2327
1230
4333
5928
5981
4710
3962
2775
1030
-170
402
1812
2228
2403
2194
1375
-321
-2911
-5233
-7435
-8105
-6439
-4141
-1694
-41
1145
1979
1326
-75
-2214
-4078
-3816
-967
3233
6159
7385
6716
4177
1121
-1858
-3539
-3147
-1669
286
1417
1061
946
867
-424
-2565
-4680
-5211
-3376
2
3910
7053
8429
8272
6762
4153
1607
327
463
1309
2298
2813
3179
3194
3348
3540
2659
-1641
-13273
-25195
-28805
-21981
-8828
739
5939
7482
4760
-1091
-6235
-5805
-1559
5078
8465
9161
12715
14655
14485
11044
5218
1820
-3236
-8390
-8428
-4493
1256
5628
7323
5396
-839
-9434
-15487
-15980
-13538
-8684
-2751
3031
8639
10202
7915
4403
1760
1035
244
54
2024
5453
7478
6409
4201
1489
-1353
-3845
-6310
-7493
-7666
-6836
-5244
-4627
-4081
-3097
-1604
105
960
1512
1471
2158
4228
5495
5688
3886
2043
1469
540
925
1590
1795
1826
196
-2009
-4235
-5483
-5044
-4320
-3701
-2714
-802
1158
2830
4220
4702
4541
3859
3226
3162
3785
4819
5302
5007
4212
3188
1855
-332
-2317
-3566
-3942
-3188
-2375
-3293
-9955
-18396
-20662
-14946
-4195
2836
4684
4124
1644
-1811
-4647
-2669
2919
10027
14505
13873
13305
11216
7220
3237
-1324
-2792
-3703
-5543
-3485
803
4044
4198
1192
-3043
-8443
-14078
-16436
-13111
-6770
62
5932
8740
9403
7283
2666
-1218
-3015
-1554
1478
4034
6925
9046
8899
6192
1916
-2127
-5542
-7700
-8136
-7340
-5885
-3844
-1651
-847
-1314
-2276
-2569
-1153
441
1927
2919
3038
3525
2764
1783
2014
2523
3908
4368
3435
1758
-446
-2188
-3342
-4181
-5259
-4609
-2576
-795
1118
1060
-203
-1274
-2480
-2061
-282
2628
6514
8879
9096
7985
5909
3236
744
-969
-1989
-2675
-3401
-2713
-729
1726
4138
4455
1466
-8609
-20802
-25485
-19966
-6400
4115
8534
8957
5024
-864
-6364
-5628
509
8238
12829
11863
11654
10948
8664
5414
406
-1693
-3629
-6950
-6317
-2571
1474
2909
1112
-2109
-7422
-13701
-16110
-12163
-5368
948
5422
7286
7687
5517
968
-2596
-3478
-547
3515
6092
8736
10682
9737
5403
-346
-4548
-7038
-7568
-5677
-2801
-743
-461
-1112
-2899
-5327
-6398
-5266
-2043
1558
4425
5762
5361
4831
4270
3328
1804
312
235
633
1285
2082
1816
619
-1585
-4154
-6255
-7020
-5341
-2591
-631
-213
-442
-242
251
1462
3316
5233
6871
7189
6304
4542
2554
1317
-95
-1071
-907
-246
716
1135
1057
515
-1031
-2206
-2545
-2639
-6053
-13988
-18427
-14746
-3704
6691
9134
7894
4091
-1324
-6219
-7054
-597
8113
14434
14545
11306
8360
3813
-507
-4644
-6379
-4853
-5054
-4294
-425
3601
5477
2780
-1977
-7298
-13345
-15813
-11892
-3943
2750
6024
6438
4822
2394
-1208
-4165
-4342
-1449
3949
8262
11036
13031
11621
6235
-1049
-5853
-6454
-4979
-2259
-24
599
-560
-2532
-4391
-7109
-8571
-7254
-3893
117
3133
5199
5286
4063
3024
1742
505
-408
644
2987
3877
3655
2256
-15
-2471
-4891
-6058
-5873
-3964
-776
1344
1519
396
-1009
-2143
-2182
-282
2607
4646
5220
5206
4729
3646
2444
1645
1706
2162
2761
2692
1238
-477
-1262
-1144
-111
1150
1387
-331
-8020
-16841
-17893
-10777
1149
7240
6206
3346
-1360
-5398
-6810
-2800
4682
11291
13124
9994
7150
4107
1337
-731
-2594
-1330
-1108
-3201
-1907
1247
2920
896
-3845
-7678
-11580
-14609
-12377
-5283
1384
4798
5409
3796
1322
-1651
-4149
-3537
250
6878
13089
14742
13939
10971
4908
-1747
-6252
-6419
-4402
-2581
-500
271
-1535
-4685
-7402
-9543
-10883
-9402
-4727
1248
5796
7885
7552
4899
2452
1578
1348
670
1023
3513
5438
5547
3318
-401
-4379
-7899
-8603
-6827
-3920
-598
1650
1163
-1635
-3744
-4293
-3292
-572
3089
6920
8712
8556
8018
5995
3177
1261
577
1064
2084
3065
3221
1747
-534
-1990
-2915
-3813
-3512
-1796
253
1695
-1654
-9406
-13683
-11036
-1949
4460
3706
2245
-226
-3661
-6429
-4842
2160
8997
11609
8683
4480
998
-1335
-1755
-2417
-1589
-142
-960
-726
1451
3049
2019
-2254
-6242
-9334
-12789
-12302
-5812
1905
5831
5153
2274
-605
-2812
-3082
-294
4073
8418
11147
10245
7468
5556
3680
950
-2036
-3064
-1282
541
1346
554
-2676
-6771
-9663
-10373
-9526
-6983
-2120
3649
7303
7547
5413
2009
-349
-574
912
3238
5025
6285
5760
2374
-2215
-5979
-7327
-6423
-4404
-2064
-406
476
498
-724
-2400
-3144
-2070
221
2538
4392
5747
6442
5890
4166
2361
1125
609
734
1380
2585
3312
2571
846
-1118
-2750
-3845
-3969
-2548
14
2962
4661
4504
942
-7688
-14785
-15023
-7385
2727
5708
4408
1368
-2951
-6729
-8378
-4218
2466
6819
6588
4545
3362
2060
1171
-28
-426
462
-107
-671
692
2121
2213
-265
-3055
-3952
-5442
-6439
-4119
-296
1679
481
-1695
-2356
-2402
-2265
-532
2496
5337
7325
7946
7140
5583
3302
1046
150
782
2397
3134
1885
-269
-3136
-6596
-8401
-7977
-6141
-3743
-1402
1679
3323
2013
-404
-2401
-2413
-769
1739
4218
4642
3178
939
-1162
-2378
-2534
-1332
602
2326
3064
2438
1190
13
-677
-1451
-2302
-1851
-291
1446
2409
2159
1368
74
-967
-589
651
1865
2451
2620
2776
2838
2505
1660
1051
554
359
304
350
1511
2827
3473
2519
-1171
-9070
-16925
-17426
-9202
2759
7312
4459
-836
-6991
-10795
-11216
-5461
3627
9914
11190
9247
6558
3435
1012
-196
92
1070
772
322
2070
4559
4970
1896
-2848
-5827
-7743
-8928
-6496
-1512
2192
2137
-865
-2921
-3580
-4031
-3108
-338
3192
6037
7569
7869
7414
5705
2773
579
-461
-180
515
564
523
-328
-2377
-4742
-6263
-6617
-5697
-3734
-1176
884
808
-850
-2763
-3265
-2009
294
2596
3591
3506
2624
1460
617
328
781
1813
2664
2851
2443
1711
1217
753
-295
-1711
-2671
-2747
-1834
-507
514
986
400
-470
-361
489
1438
2096
2596
3475
4100
3466
2090
834
374
538
195
-325
108
1458
3013
3048
1181
-3384
-10700
-14922
-12440
-3724
3792
3580
-570
-5321
-7932
-8104
-5423
-53
4591
6318
5508
4966
3907
2228
1232
1776
4099
5395
4960
5060
6085
5733
2722
-1806
-4725
-5125
-5399
-4870
-2903
-1549
-1654
-3971
-6728
-7957
-8267
-6955
-3753
353
4169
6830
7892
7533
5602
2382
388
797
3278
6183
7302
6799
4568
791
-3141
-5999
-6922
-6521
-5131
-3289
-1929
-1890
-3517
-5269
-5981
-5015
-2608
96
2079
2474
1908
1714
2509
3961
5101
5882
6526
6297
4776
2477
720
67
-388
-1137
-1827
-1982
-1505
-991
-1253
-2316
-3658
-4412
-3736
-2007
21
1606
2500
3067
3300
2999
2085
1139
559
563
1052
1647
2614
3543
4223
4203
3052
1147
-1125
-3611
-6925
-8913
-8056
-4051
672
1160
-1917
-6721
-9953
-9669
-6723
-1886
2538
4507
3956
3537
3620
3535
2511
1614
3288
5999
7749
7922
7125
5382
2519
-654
-3033
-3929
-4509
-4581
-3386
-2192
-2349
-4708
-7672
-8809
-8166
-6599
-4573
-2106
660
3012
4198
4219
3395
1922
1076
1779
3629
5728
6795
6764
5739
3460
746
-1459
-2300
-1959
-1765
-2186
-2880
-3295
-2927
-2302
-2192
-2320
-2154
-1151
258
979
885
693
822
1255
1596
1444
1635
2281
3091
3623
2940
1426
-124
-989
-916
-486
-226
-57
-10
-324
-543
-596
-452
-146
-211
-431
-694
-1033
-868
-193
503
980
714
162
-92
90
685
1035
1152
1187
1163
1098
1178
1388
1378
876
-237
-1374
-1785
-1247
73
1298
1774
1476
707
-106
-905
-1384
-1651
-1611
-1428
-1381
-1148
-1020
-1002
-1131
-1548
-2098
-2739
-3268
-3309
-2466
-1224
-260
158
105
161
182
28
-113
-209
-30
291
509
651
534
110
-438
-893
-1208
-1297
-904
-202
708
1164
969
697
276
58
108
470
1364
2175
2342
1839
1067
649
716
885
970
802
405
3
-228
-362
-469
-516
-522
-357
-273
-288
-98
376
1034
1440
1386
1117
956
1112
1415
1365
717
-327
-1215
-1404
-939
-405
-268
-612
-1244
-1688
-1657
-1139
-504
-242
-216
-25
608
1350
1869
2252
2371
2209
1714
1188
1035
1137
1388
1490
1155
597
-49
-522
-554
-416
-91
155
153
-26
-464
-949
-1245
-1248
-1411
-1584
-1606
-1346
-846
-1039
-1787
-2592
-3067
-2963
-2893
-2923
-2534
-1686
-602
346
776
786
461
-358
-1052
-826
157
1439
2130
1754
1011
196
-448
-784
-1319
-1564
-1051
74
1848
3161
3290
2574
1372
451
23
-59
449
1304
1880
1864
1217
422
-167
-693
-1257
-1644
-1671
-1143
-228
357
631
537
379
414
346
404
661
1184
1778
1924
1339
352
-607
-1240
-1371
-1310
-1206
-1262
-1551
-1879
-2196
-2385
-2215
-1602
-718
92
520
762
1116
1627
2229
2688
2798
2556
2111
1810
1723
1583
1362
1113
1107
1177
964
429
-321
-853
-1026
-871
-500
-80
230
335
151
-331
-861
-1125
-871
-311
96
-58
-509
-900
-981
-967
-1244
-1525
-1810
-1947
-1957
-1853
-1551
-1214
-1096
-1163
-1112
-977
-759
-895
-1309
-1645
-1745
-1442
-1012
-700
-620
-488
-266
184
660
817
997
1198
1604
2247
2756
2978
2861
2480
2170
1914
1620
1365
911
241
-498
-1104
-1216
-873
-555
-476
-786
-1228
-1177
-739
-18
702
1036
1188
1176
1090
1150
1112
863
657
323
-88
-514
-928
-940
-729
-505
-351
-361
-500
-704
-801
-743
-571
-445
-411
-352
-354
-207
268
791
1127
1040
532
49
-84
147
691
1256
1502
1477
1335
1353
1493
1420
1213
905
616
523
659
969
1279
1165
612
-75
-703
-1041
-1141
-1146
-1325
-1686
-2064
-2216
-2054
-1620
-1013
-427
-268
-658
-1019
-951
-428
-21
-24
-460
-963
-1035
-858
-658
-868
-1426
-1855
-2026
-1889
-1530
-1046
-468
-20
115
60
-86
-103
187
528
568
315
48
117
599
1005
1250
1295
1118
892
555
286
282
632
1109
1450
1575
1410
1158
860
568
273
1
-122
-175
-76
124
197
182
116
47
34
-165
-568
-864
-851
-547
-92
288
487
444
239
10
-255
-372
-260
-60
179
262
350
565
660
685
508
163
-110
-183
-17
291
453
515
597
563
555
534
433
376
403
561
849
1047
1088
973
718
379
15
-247
-260
-107
42
127
-134
-612
-952
-1101
-998
-813
-658
-505
-523
-804
-1061
-1246
-1388
-1466
-1627
-1583
-1404
-1242
-940
-679
-555
-586
-771
-883
-1002
-1174
-1095
-774
-398
-63
139
379
664
533
157
-180
-301
-46
286
612
907
1086
1154
1052
729
398
199
239
560
808
945
1175
1287
1276
1116
785
535
225
87
296
608
781
649
340
114
-23
-243
-418
-545
-570
-458
-303
-81
72
129
189
166
71
-105
-256
-248
-134
23
96
149
110
12
-116
-337
-445
-404
-249
-41
109
210
198
46
-167
-348
-335
-111
226
449
519
479
379
413
481
433
288
124
22
58
118
215
280
249
167
-68
-331
-501
-557
-466
-326
-278
-313
-389
-472
-537
-502
-475
-525
-570
-648
-671
-689
-731
-712
-644
-515
-425
-512
-670
-760
-651
-361
-81
46
120
156
146
110
26
32
107
300
632
830
782
597
365
195
147
177
271
459
504
459
409
317
392
433
354
333
343
375
415
397
417
444
383
361
321
203
98
9
-24
-135
-370
-518
-506
-440
-416
-368
-295
-129
38
65
45
-34
-105
-94
-110
-62
-60
-131
-35
32
-97
-344
-564
-549
-292
19
320
511
541
602
720
789
809
722
599
564
502
429
380
356
281
6
-355
-554
-588
-635
-695
-709
-602
-363
-86
162
251
124
-1
44
221
381
431
389
277
6
-319
-504
-479
-310
-249
-401
-708
-1032
-1265
-1316
-1252
-1212
-1193
-1166
-1027
-854
-759
-650
-444
-157
103
221
222
217
247
349
501
561
534
526
563
584
616
609
590
592
495
493
607
759
910
908
825
760
663
589
486
333
184
-9
-114
-169
-251
-297
-325
-334
-297
-227
-71
180
414
485
345
44
-293
-423
-333
-166
-89
-277
-534
-741
-946
-1041
-1017
-796
-454
-205
-74
30
238
514
730
771
656
520
518
596
619
572
412
270
210
226
332
487
638
684
598
371
141
57
152
372
523
492
301
38
-172
-275
-260
-189
-205
-332
-529
-642
-639
-635
-617
-653
-740
-779
-753
-596
-432
-422
-551
-788
-968
-979
-874
-694
-492
-377
-307
-313
-429
-550
-572
-381
-116
65
95
52
126
219
229
186
159
203
273
295
299
368
495
625
687
670
638
676
830
1021
1112
989
787
660
626
630
560
463
358
210
-31
-255
-369
-393
-352
-368
-507
-731
-889
-831
-632
-532
-518
-524
-524
-491
-494
-468
-365
-201
-66
10
67
106
188
229
172
83
81
254
512
779
917
886
749
550
359
348
570
870
1058
982
711
367
151
178
363
475
443
323
170
62
-37
-109
-110
-71
-35
-5
-6
-52
-125
-240
-460
-724
-915
-974
-902
-827
-847
-989
-1157
-1287
-1307
-1195
-987
-721
-583
-573
-628
-688
-634
-440
-161
41
63
-8
-88
-68
69
227
317
257
195
261
451
619
683
666
535
409
420
609
876
1035
1022
867
640
440
316
308
362
378
268
96
-43
-116
-158
-196
-202
-267
-397
-447
-309
-77
72
29
-152
-398
-594
-689
-731
-689
-621
-533
-516
-584
-579
-598
-711
-716
-419
231
944
1277
1145
679
199
117
506
1160
1605
1501
930
283
-48
22
403
599
414
-5
-458
-478
-52
516
911
743
208
-159
-232
63
465
718
786
456
-82
-511
-810
-949
-922
-991
-1019
-828
-678
-655
-864
-1210
-1386
-1453
-1148
-452
161
462
313
82
-15
-17
110
302
410
390
379
431
554
504
172
-195
-340
-299
-177
22
232
347
287
243
367
595
781
848
919
980
943
937
993
1006
812
446
96
-166
-285
-368
-428
-435
-529
-708
-814
-780
-702
-674
-743
-854
-870
-762
-562
-421
-402
-439
-554
-693
-759
-704
-632
-582
-451
-233
0
145
208
286
399
487
546
604
658
651
557
499
492
449
323
159
48
1
114
271
360
407
386
394
303
129
26
57
258
474
637
691
558
292
63
-71
-140
-103
8
140
161
12
-220
-424
-574
-653
-589
-463
-288
-66
120
242
214
119
73
40
41
71
100
163
341
627
876
809
-171
-2269
-4308
-4443
-2341
-123
216
-738
-1530
-2074
-2862
-3211
-1896
210
1153
1014
1273
2404
3373
3473
3331
3166
2534
1870
2176
3420
4335
4233
3514
2448
835
-1014
-2175
-2430
-2425
-2740
-3261
-3326
-2789
-2260
-2381
-3224
-3986
-3989
-3366
-2268
-691
998
2169
2500
2382
2400
2529
2629
2736
2614
2213
1997
2321
2820
2692
1711
463
-640
-1623
-2233
-2403
-2386
-2346
-2382
-2358
-2421
-3014
-3669
-3711
-3158
-2154
-1050
66
1160
1667
1740
1828
1903
2176
2469
2573
2676
2683
2774
2815
2325
1464
536
-307
-896
-1217
-1280
-1230
-1410
-1773
-2044
-2231
-2305
-2205
-2017
-1675
-1260
-770
-71
641
1232
1635
1765
1869
2151
2573
3032
3203
3049
2749
2333
1930
1753
1646
480
-2256
-4980
-5524
-4005
-2908
-3171
-3418
-3119
-3225
-4177
-4387
-2691
-879
-616
-1050
-388
1665
3616
4750
5490
5608
4853
3908
3654
4266
4824
4687
4133
3093
1413
-431
-1794
-2578
-3458
-4918
-6314
-6605
-5773
-4711
-4211
-4104
-3873
-3756
-3765
-3175
-1505
774
2591
3666
4489
5200
5750
6181
6266
5621
4436
3484
3169
3049
2638
2062
1359
114
-1692
-3402
-4677
-5523
-5856
-5541
-4715
-4126
-3778
-3108
-2394
-2031
-1915
-1384
-121
1078
1913
2742
3480
4007
4132
3923
3643
3138
2497
1912
1300
761
432
113
-434
-1319
-2324
-3163
-3809
-4075
-3858
-3370
-2843
-2255
-1693
-1129
-549
-23
506
881
1217
1727
2296
2819
3216
3344
3255
2962
2602
2345
2010
1529
1072
715
400
193
-17
-327
-778
-1344
-1639
-1714
-1710
-1569
-1385
-1101
-741
-451
-143
-247
-1319
-2787
-3690
-3098
-1722
-1162
-1327
-1528
-1518
-1857
-2559
-2444
-1470
-977
-1415
-1723
-934
361
1199
1722
2343
2748
2509
2128
2148
2564
2939
2868
2494
1824
979
308
-282
-1007
-2012
-3239
-4021
-4019
-3513
-2831
-2287
-1715
-1141
-898
-647
131
1292
2191
2558
2800
3365
4048
4571
4988
5005
4460
3563
2631
1989
1573
1291
1070
546
-329
-1195
-1766
-2302
-2990
-3489
-3485
-3075
-2927
-2805
-2234
-1497
-835
-551
-365
-40
206
525
885
1274
1766
2090
2205
2182
2087
2025
1831
1443
1120
886
701
616
383
-5
-497
-938
-1119
-1380
-1623
-1611
-1502
-1419
-1423
-1356
-1181
-1166
-1171
-1028
-812
-515
-249
-38
102
139
261
574
960
1299
1388
1201
1024
944
912
906
903
1000
995
747
528
443
412
298
112
-68
-302
-598
-820
-834
-911
-1081
-1253
-1882
-2977
-4151
-4535
-3910
-3426
-3242
-2938
-2333
-1780
-1723
-1347
-336
589
865
781
1194
2167
3109
3630
4029
4471
4573
4324
3830
3383
2975
2235
1452
665
-106
-796
-1507
-2161
-3024
-4099
-4971
-5269
-5022
-4525
-3795
-2863
-1873
-1081
-490
417
1550
2534
3163
3567
4260
5019
5613
6009
5996
5512
4527
3323
2320
1447
566
-253
-912
-1525
-2251
-2899
-3383
-3734
-4192
-4568
-4442
-4014
-3477
-2953
-2251
-1346
-650
-67
666
1586
2431
2859
3049
3237
3369
3298
2940
2418
1802
1145
429
-169
-496
-688
-835
-1182
-1738
-2339
-2859
-3129
-3211
-3150
-2877
-2355
-1615
-892
-291
219
549
712
805
1025
1415
1868
2339
2708
2919
2844
2536
2016
1307
654
165
-86
-314
-494
-572
-705
-909
-1261
-1531
-1626
-1619
-1488
-1328
-1055
-626
-154
271
488
635
748
820
922
958
976
369
-836
-1900
-2254
-1917
-2007
-2458
-2676
-2591
-2606
-3041
-2987
-2283
-1594
-1392
-1283
-611
338
1249
1825
2265
2806
3289
3891
4317
4527
4638
4380
3899
3091
2198
1420
533
-413
-1435
-2240
-2729
-2927
-3021
-3190
-3221
-3135
-2947
-2746
-2341
-1491
-573
277
1157
2120
3108
3814
4334
4634
4578
4362
4048
3658
3129
2474
1743
924
128
-569
-1083
-1570
-2199
-2930
-3635
-4071
-4307
-4404
-4436
-4331
-3930
-3396
-2734
-1989
-1121
-308
194
626
1100
1684
2190
2457
2709
2811
2892
2976
2807
2528
2127
1743
1321
747
262
-153
-646
-1310
-1863
-2088
-2058
-1993
-2087
-2028
-1802
-1509
-1232
-1132
-918
-529
-156
132
371
791
1246
1512
1570
1538
1566
1588
1562
1373
1132
928
710
505
170
-121
-267
-421
-650
-969
-1102
-1085
-1059
-1082
-1067
-770
-448
-229
-262
-240
-49
-428
-1196
-1871
-1855
-1502
-1780
-2013
-1802
-1272
-951
-1005
-641
-136
104
82
258
827
1394
1867
2153
2509
2809
2987
3192
3121
2988
2678
2221
1832
1251
724
162
-459
-1093
-1799
-2308
-2663
-2778
-2790
-2732
-2463
-2151
-1798
-1504
-1003
-255
359
852
1242
1761
2382
2908
3319
3421
3305
3028
2637
2236
1754
1297
804
160
-557
-1106
-1364
-1552
-1847
-2242
-2484
-2561
-2642
-2706
-2711
-2573
-2382
-2264
-2068
-1621
-1003
-375
141
544
959
1282
1519
1661
1661
1685
1672
1619
1554
1509
1557
1527
1285
827
351
1
-285
-578
-912
-1192
-1423
-1598
-1710
-1768
-1634
-1470
-1342
-1232
-1130
-879
-589
-250
77
303
440
498
614
829
1107
1264
1285
1267
1238
1250
1168
1011
903
800
663
473
330
454
646
694
585
475
485
370
152
-121
-331
-819
-1647
-2269
-2463
-2221
-2389
-2748
-2835
-2797
-2614
-2498
-1913
-1129
-712
-610
-415
319
1164
1878
2417
2951
3510
3807
3995
4080
4157
4177
3778
3154
2320
1456
719
-183
-1102
-2102
-2982
-3553
-3908
-3979
-3936
-3735
-3445
-3080
-2617
-2075
-1308
-569
20
474
982
1721
2420
3069
3588
3886
3996
3769
3380
2903
2339
1682
899
128
-587
-1154
-1649
-2070
-2456
-2769
-2866
-2931
-2977
-3006
-2974
-2850
-2696
-2413
-1907
-1213
-492
216
810
1390
2053
2562
2828
2755
2513
2268
2003
1873
1799
1691
1472
1100
704
335
-16
-455
-962
-1490
-1917
-2124
-2281
-2239
-2105
-1990
-1861
-1785
-1467
-1048
-625
-251
42
401
737
1058
1252
1358
1429
1515
1728
1900
2063
2247
2289
2165
1838
1425
1030
640
318
-16
-334
-481
-428
-361
-472
-778
-1120
-1589
-2238
-2752
-2940
-2901
-3004
-2980
-2596
-1957
-1329
-800
-34
614
995
1146
1356
1699
1781
1737
1655
1692
1725
1705
1737
1737
1742
1605
1343
974
539
106
-496
-1204
-1838
-2264
-2486
-2689
-2734
-2564
-2272
-1886
-1436
-894
-370
124
607
1020
1305
1548
1821
2006
2084
2185
2368
2496
2485
2373
2221
1934
1492
893
266
-236
-738
-1163
-1551
-1773
-1772
-1662
-1485
-1385
-1263
-1145
-1026
-957
-866
-644
-423
-144
71
296
508
626
757
742
645
479
281
155
-24
-240
-399
-504
-590
-680
-724
-675
-604
-595
-668
-799
-866
-864
-855
-783
-588
-290
8
259
539
818
966
1004
915
782
657
499
355
244
196
161
114
91
161
300
344
291
207
142
135
104
78
69
56
61
18
-110
-319
-557
-794
-941
-1150
-1392
-1495
-1555
-1445
-1307
-1068
-660
-201
324
727
993
1127
1217
1205
1136
1050
929
982
1072
1120
1063
949
925
890
710
415
108
-167
-416
-694
-895
-1051
-1111
-1056
-969
-844
-653
-345
-62
190
370
509
635
675
672
593
519
450
373
289
229
228
278
302
236
207
203
173
175
229
334
343
251
167
94
76
69
25
-49
-80
-40
15
39
27
43
46
-1
-136
-318
-490
-614
-668
-714
-763
-785
-736
-615
-487
-416
-382
-365
-328
-270
-215
-170
-142
-87
-6
113
241
407
612
756
770
622
436
284
89
-185
-484
-685
-797
-928
-1016
-1010
-904
-741
-573
-458
-383
-269
-146
-16
74
149
222
225
289
380
483
568
584
601
544
492
364
198
21
-160
-263
-483
-654
-734
-655
-486
-461
-357
-219
-38
109
209
389
516
622
659
689
721
747
789
708
603
485
347
255
119
15
-85
-187
-244
-301
-286
-232
-169
-114
-47
68
189
264
267
276
287
257
212
202
259
315
251
126
19
-52
-107
-252
-381
-463
-482
-440
-409
-312
-185
-34
91
187
291
364
421
412
363
315
260
224
173
155
143
55
-31
-146
-238
-302
-390
-452
-544
-606
-651
-676
-675
-654
-552
-441
-330
-242
-145
-29
52
134
190
284
426
574
717
813
884
901
857
772
642
496
307
89
-130
-318
-438
-510
-550
-584
-619
-613
-566
-487
-393
-320
-252
-192
-133
-66
-11
50
104
155
204
235
251
264
270
248
184
119
66
29
1
-26
-49
-101
-100
-105
-122
-138
-151
-98
-66
-30
4
72
142
160
157
111
98
94
144
163
115
80
-2
-54
-110
-156
-170
-177
-185
-202
-201
-150
-37
36
90
131
158
154
114
72
50
12
-61
-100
-168
-219
-234
-247
-232
-226
-201
-188
-174
-128
-73
-36
-11
43
117
208
299
395
528
652
697
674
572
419
253
85
-46
-158
-232
-287
-331
-349
-337
-324
-324
-320
-348
-367
-352
-349
-342
-335
-303
-267
-231
-170
-96
-2
103
208
287
373
416
383
324
280
279
259
229
217
199
191
185
181
215
252
254
174
84
36
-5
-55
-60
-28
-72
-146
-215
-226
-215
-225
-236
-288
-314
-317
-277
-245
-218
-181
-181
-197
-241
-196
-88
28
94
100
82
51
63
67
80
80
96
136
161
183
201
219
173
64
-4
29
83
111
134
166
165
121
95
80
73
46
-10
-39
-63
-80
-111
-107
-67
-56
-30
-10
-3
-1
16
15
-4
-45
-78
-68
-53
-44
-29
-9
-18
-31
-37
-18
7
45
77
52
12
-48
-96
-96
-45
-8
10
28
14
0
-23
-22
-34
-59
-56
-41
-7
16
11
1
-18
-64
-108
-106
-65
-20
20
36
44
7
-30
-15
38
127
168
206
220
199
175
144
103
0
-94
-140
-152
-112
-60
6
37
39
55
73
107
113
114
58
-59
-141
-152
-76
-9
49
65
-3
-70
-111
-97
-91
-139
-184
-221
-204
-176
-163
-133
-77
-11
-12
-5
64
184
269
289
314
300
241
162
101
68
58
50
47
37
2
-16
-36
-45
-57
-95
-109
-105
-130
-147
-109
-15
61
61
48
24
-19
-60
-77
-76
-84
-72
-60
-1
68
116
123
68
56
45
34
5
-55
-109
-162
-204
-250
-222
-167
-96
-58
-65
-68
-115
-126
-129
-95
-28
9
48
98
148
161
165
197
233
251
268
271
243
185
136
86
44
28
-5
-17
-18
-53
-96
-121
-121
-148
-238
-325
-338
-305
-251
-180
-112
-26
40
83
126
136
175
219
187
117
38
12
34
31
-15
-128
-256
-327
-362
-393
-397
-400
-376
-369
-388
-337
-238
-103
-1
53
96
148
209
250
247
231
210
170
177
180
140
58
-29
-89
-170
-154
-61
60
151
200
212
167
128
99
116
152
211
284
303
312
275
205
151
114
112
134
184
238
244
244
282
311
275
190
152
166
189
183
147
120
78
49
-8
-76
-88
-72
-19
26
40
16
-46
-88
-123
-177
-252
-288
-282
-282
-269
-233
-176
-137
-111
-70
-3
70
115
137
137
114
48
-31
-96
-122
-121
-135
-147
-147
-118
-101
-107
-116
-132
-111
-82
-81
-110
-151
-152
-155
-175
-165
-131
-86
-44
-21
-23
-48
-112
-162
-165
-100
-20
-9
13
42
33
7
-13
-29
-58
-96
-102
-98
-95
-73
-80
-85
-83
-87
-84
-73
-79
-78
-69
-79
-103
-132
-132
-124
-87
21
130
196
241
254
277
283
267
261
245
229
182
125
85
68
48
20
-1
-6
53
116
132
97
29
-36
-84
-83
-56
-17
44
107
138
156
177
187
182
178
216
239
243
245
241
240
218
189
168
161
147
127
115
122
139
160
197
223
238
253
244
228
208
149
65
-42
-152
-245
-337
-398
-412
-415
-393
-358
-297
-221
-166
-127
-111
-110
-120
-121
-126
-145
-140
-103
-61
-54
-54
-52
-57
-87
-128
-150
-170
-195
-210
-221
-241
-259
-251
-215
-224
-270
-287
-277
-246
-204
-182
-193
-213
-204
-174
-150
-104
-52
-24
-22
-33
-37
-9
44
87
119
119
97
50
3
7
30
61
88
110
136
151
152
131
112
99
93
97
106
105
68
36
50
103
165
204
218
224
233
230
213
221
248
264
246
220
218
234
266
302
312
279
219
165
149
145
145
131
95
49
-6
-34
-52
-64
-77
-94
-118
-122
-83
-39
-16
-35
-41
-18
27
84
130
147
129
97
82
89
90
64
19
-25
-62
-101
-130
-137
-140
-165
-210
-264
-283
-247
-207
-205
-220
-215
-207
-219
-233
-218
-187
-167
-153
-133
-92
-65
-52
-30
-25
-31
-32
-4
37
43
15
-27
-67
-82
-63
-39
-34
-53
-62
-47
-33
-14
-6
-6
-18
-46
-73
-95
-105
-123
-151
-170
-165
-152
-146
-128
-95
-52
-36
-47
-55
-49
-32
-16
2
21
41
46
55
83
126
174
204
214
213
221
226
222
218
236
269
281
260
226
185
161
146
121
91
57
43
38
26
23
36
13
-40
-77
-67
-17
33
81
106
109
114
105
87
84
103
120
113
94
85
70
40
22
8
-17
-43
-46
-27
-18
-23
-54
-107
-151
-152
-127
-82
-34
-12
-15
-30
-19
6
23
36
49
45
15
-14
-25
-15
-4
-12
-36
-61
-78
-94
-90
-59
-37
-50
-83
-115
-160
-209
-219
-190
-163
-163
-152
-97
-42
-17
2
34
66
85
88
83
76
79
93
114
137
160
167
155
140
147
180
189
169
141
83
-8
-100
-145
-154
-151
-147
-128
-116
-120
-115
-97
-89
-117
-138
-155
-174
-171
-158
-150
-148
-142
-142
-138
-93
-2
86
138
168
182
164
125
106
131
180
203
204
182
145
131
133
122
82
47
31
10
-27
-62
-86
-112
-149
-196
-246
-267
-244
-197
-159
-135
-90
-33
13
51
92
156
205
211
193
181
167
138
111
81
48
2
-47
-68
-66
-58
-63
-87
-112
-126
-131
-124
-101
-58
-19
-8
0
22
38
47
51
57
57
51
46
34
8
-21
-42
-69
-111
-159
-191
-210
-231
-255
-264
-253
-239
-232
-223
-179
-121
-86
-87
-92
-83
-80
-77
-72
-42
4
25
22
16
35
63
80
80
74
76
80
80
72
79
107
144
172
179
184
173
157
151
152
141
105
74
67
87
101
112
129
136
145
140
134
143
149
158
147
115
83
60
47
34
22
31
57
58
31
15
7
-2
-18
-20
-5
-5
-15
-6
20
45
50
51
51
41
28
24
28
24
16
-10
-54
-86
-106
-124
-152
-185
-195
-197
-198
-203
-196
-183
-174
-153
-125
-111
-108
-81
-21
44
84
104
111
108
95
75
58
52
63
65
53
38
26
12
-20
-45
-44
-41
-50
-71
-92
-109
-115
-111
-100
-78
-62
-50
-42
-21
26
73
90
83
73
75
81
87
89
91
91
81
61
37
26
20
26
36
40
17
-30
-67
-90
-104
-110
-99
-78
-72
-72
-76
-79
-82
-72
-47
-18
9
38
69
91
101
106
105
98
89
81
69
68
77
77
59
31
8
-8
-21
-22
-5
14
13
-2
-20
-27
-29
-29
-34
-38
-34
-30
-37
-46
-48
-51
-52
-47
-31
-17
0
20
45
64
65
63
65
72
69
51
37
29
21
-7
-46
-63
-63
-62
-55
-45
-46
-57
-70
-76
-87
-105
-117
-106
-92
-82
-80
-85
-82
-89
-89
-82
-69
-46
-23
-10
-10
-9
-12
-12
-4
1
5
-1
-14
-18
-17
-12
-11
-18
-28
-29
-28
-37
-43
-39
-34
-38
-51
-64
-83
-95
-80
-47
-30
-29
-22
-8
7
20
38
58
71
79
95
108
99
75
67
80
100
118
129
137
141
137
128
121
113
112
117
101
68
32
10
4
-11
-36
-58
-63
-53
-51
-49
-25
12
42
54
54
52
59
65
75
92
102
103
95
79
60
39
26
27
27
7
-19
-35
-52
-66
-74
-72
-61
-59
-59
-70
-71
-49
-18
4
9
12
20
17
10
12
21
29
35
39
33
24
22
22
16
1
-6
-12
-30
-47
-54
-42
-29
-21
-18
-34
-53
-61
-53
-49
-54
-54
-41
-24
-25
-42
-62
-67
-62
-55
-48
-50
-51
-44
-38
-41
-51
-62
-68
-67
-63
-53
-41
-27
-8
9
20
27
26
20
20
24
34
39
36
34
39
38
37
40
44
47
44
33
17
8
0
-5
1
12
19
21
31
46
59
76
92
100
94
78
76
90
105
114
123
126
118
101
74
51
34
18
2
-3
-1
-6
-11
-5
5
9
12
21
34
36
-1
0
36
45
47
38
34
27
19
12
7
0
-3
4
11
2
-14
-29
-38
-45
-55
-57
-60
-68
-66
-54
-42
-39
-45
-54
-64
-72
-82
-84
-76
-65
-53
-46
-38
-35
-34
-33
-31
-27
-25
-15
-2
7
13
25
44
54
53
46
36
24
16
7
-7
-23
-43
-63
-81
-97
-106
-105
-89
-63
-41
-23
-18
-22
-26
-28
-27
-29
-27
-20
-7
12
24
39
53
69
82
80
73
56
39
30
22
14
5
0
-6
-22
-32
-41
-52
-56
-51
-48
-43
-36
-33
-22
-7
2
2
-1
2
12
22
35
57
78
92
93
88
85
82
83
87
87
83
74
66
58
36
12
-7
-13
-10
-7
-7
-2
10
21
22
18
14
6
3
12
24
38
45
46
41
32
19
6
-3
-12
-20
-19
-18
-22
-29
-39
-57
-76
-88
-87
-77
-74
-74
-76
-76
-72
-73
-75
-82
-89
-93
-97
-89
-73
-57
-45
-43
-47
-47
-46
-44
-37
-34
-34
-27
-22
-14
-3
5
12
18
26
29
27
22
24
31
33
39
47
55
63
66
81
93
97
101
103
102
100
96
88
82
79
78
78
74
70
62
54
48
36
29
22
13
6
4
4
9
17
21
27
31
33
30
28
29
26
22
14
3
-7
-18
-31
-43
-54
-62
-66
-69
-76
-79
-76
-77
-79
-78
-79
-82
-76
-67
-62
-58
-49
-38
-27
-17
-11
-3
-2
-8
-10
-2
8
7
-2
-8
-16
-28
-40
-50
-52
-49
-52
-51
-40
-35
-31
-28
-25
-18
-14
-9
-4
8
16
20
25
26
28
29
31
31
31
37
44
44
38
35
34
32
29
14
3
-8
-22
-33
-46
-53
-56
-57
-60
-62
-57
-43
-32
-22
-12
-5
3
11
16
24
34
40
39
35
35
33
30
27
17
4
-4
-7
-5
1
15
31
38
37
42
46
43
36
40
50
56
59
65
67
65
61
55
47
47
46
42
39
41
44
41
32
22
9
-2
-9
-16
-19
-18
-21
-21
-22
-20
-20
-18
-16
-13
-4
7
13
14
14
7
7
1
-14
-21
-25
-31
-38
-41
-47
-58
-66
-78
-87
-89
-99
-105
-99
-86
-75
-77
-78
-78
-66
-57
-61
-53
-43
-26
-17
-12
-7
-8
-2
-1
-9
-12
-4
-4
-5
-9
-17
-16
-14
-12
-6
2
15
16
16
24
28
32
44
47
46
54
58
59
59
52
52
50
35
25
17
20
22
23
36
48
64
73
71
73
75
80
82
76
64
58
48
28
13
6
2
-11
-24
-31
-36
-37
-34
-25
-17
-10
0
7
9
17
22
21
23
32
40
47
48
38
27
13
-10
-26
-33
-38
-39
-45
-51
-56
-52
-45
-45
-45
-41
-30
-16
-6
6
20
31
36
42
41
43
51
54
56
58
58
52
49
45
43
36
22
17
16
9
12
13
6
8
15
22
26
21
7
-3
-16
-30
-33
-35
-41
-44
-48
-55
-58
-67
-81
-93
-102
-100
-95
-82
-65
-48
-39
-36
-33
-31
-35
-43
-43
-41
-46
-54
-64
-79
-96
-109
-121
-121
-110
-94
-79
-65
-48
-31
-25
-19
-10
0
8
20
38
53
64
69
69
69
69
66
56
52
46
32
26
18
12
19
23
26
34
39
45
53
53
49
52
56
65
72
75
73
71
76
75
65
57
47
40
39
40
45
47
44
37
28
23
24
27
28
27
28
37
44
41
36
28
17
10
-3
-19
-34
-44
-58
-65
-63
-63
-62
-59
-57
-56
-49
-39
-29
-12
-2
2
10
15
16
11
1
-5
-8
-16
-24
-27
-32
-39
-39
-42
-42
-46
-49
-52
-51
-46
-36
-27
-21
-10
-2
2
12
16
17
17
18
16
10
4
0
-2
-3
-6
-10
-10
-13
-19
-19
-21
-17
-8
-2
-1
-3
-10
-15
-12
-5
1
4
1
-4
-2
2
3
4
-3
-8
-14
-22
-34
-47
-50
-53
-54
-47
-38
-30
-24
-18
-17
-19
-19
-18
-13
-8
-1
3
6
9
5
4
5
3
-1
4
12
17
21
28
33
37
40
37
33
31
29
28
28
22
21
25
24
25
26
22
19
25
29
33
44
53
57
61
59
62
65
68
74
82
81
82
84
75
64
55
42
24
9
-5
-13
-17
-16
-17
-17
-22
-25
-24
-25
-24
-15
-5
-1
6
5
-2
-2
1
2
7
9
8
5
-1
-14
-25
-28
-34
-44
-55
-68
-78
-83
-82
-80
-75
-69
-66
-60
-53
-52
-52
-53
-55
-50
-45
-40
-36
-33
-31
-31
-29
-32
-36
-36
-32
-29
-19
-7
0
2
2
-6
-14
-17
-22
-22
-23
-19
-14
-8
-2
-1
3
3
4
15
22
24
27
31
33
38
44
48
49
53
52
50
54
50
45
45
43
39
41
41
44
48
43
38
36
37
37
35
29
28
31
29
23
19
18
10
9
8
3
3
8
14
20
23
21
17
13
11
11
11
12
14
16
12
9
1
-12
-15
-15
-20
-18
-15
-19
-28
-37
-47
-61
-68
-73
-78
-79
-78
-75
-68
-62
-62
-59
-52
-46
-38
-27
-17
-5
1
6
12
12
13
11
5
3
2
-7
-10
-6
-5
-1
7
14
19
20
19
17
20
25
27
28
30
25
22
22
17
14
12
1
-1
1
5
14
22
25
24
24
19
18
19
22
21
20
14
4
0
-3
-5
-3
-5
-14
-21
-23
-18
-13
-5
-1
3
7
8
5
3
8
14
17
24
29
30
26
23
21
16
9
0
-5
-9
-15
-17
-18
-16
-14
-10
-13
-18
-18
-17
-12
-8
-8
-9
-6
-6
-7
-8
-10
-7
-12
-16
-16
-15
-11
-6
-1
-1
-2
-3
-1
5
5
4
4
4
7
7
5
5
4
3
2
1
0
-2
-3
-1
0
-3
-10
-17
-25
-27
-22
-18
-15
-10
-11
-10
-8
-8
-5
-2
0
1
-1
-7
-12
-15
-16
-14
-10
-7
-2
3
6
8
7
5
5
4
5
11
11
8
11
12
11
9
7
4
3
2
4
5
5
8
11
13
10
9
4
0
5
7
6
6
3
3
3
4
7
15
17
19
21
22
24
33
38
39
42
40
35
32
27
26
26
27
24
24
21
11
8
7
5
8
7
3
-1
0
-4
-6
-7
-7
-6
-10
-15
-17
-14
-11
-6
-5
-8
-11
-15
-23
-30
-39
-44
-45
-48
-53
-56
-59
-59
-58
-56
-55
-54
-51
-48
-44
-40
-40
-40
-37
-39
-41
-35
-33
-36
-31
-27
-21
-13
-7
-4
-1
2
2
3
7
12
17
20
20
19
17
13
12
19
25
26
28
26
27
31
30
34
39
39
41
41
41
45
50
51
51
49
48
47
49
49
51
53
52
51
49
44
40
37
33
25
23
19
12
9
5
4
5
4
1
-3
-13
-19
-21
-23
-22
-21
-23
-23
-24
-26
-25
-22
-21
-21
-19
-20
-24
-24
-22
-21
-17
-15
-14
-14
-15
-18
-23
-28
-29
-26
-25
-25
-21
-18
-19
-19
-22
-27
-29
-31
-32
-28
-25
-24
-21
-14
-12
-10
-5
-1
6
14
17
16
21
26
25
23
25
25
25
22
19
18
10
8
9
6
6
6
3
4
8
7
3
1
0
0
1
0
-4
-7
-8
-12
-10
-5
1
5
8
8
10
15
15
14
7
6
4
-3
-8
-9
-15
-16
-19
-23
-22
-28
-38
-45
-49
-55
-55
-53
-55
-53
-50
-44
-37
-31
-24
-13
-6
-4
-1
6
11
14
18
21
22
27
34
41
46
51
53
55
56
54
55
57
59
59
63
66
67
65
56
46
40
38
34
32
31
31
34
39
38
36
36
36
35
37
34
29
26
21
15
7
0
-7
-14
-22
-29
-30
-32
-36
-38
-45
-50
-54
-63
-69
-72
-77
-77
-80
-82
-79
-80
-83
-81
-79
-74
-72
-74
-72
-70
-66
-58
-52
-46
-40
-35
-31
-24
-19
-15
-7
-4
0
3
7
14
21
25
27
27
28
31
38
44
48
53
57
58
56
57
57
60
62
61
59
56
55
55
50
45
41
40
42
41
40
39
38
35
35
32
25
22
18
18
19
22
23
