0.000000e+000 1.000000e+000 0.000000e+000 0.000000e+000 0.000000e+000 
0.000000e+000 0.000000e+000 1.000000e+000 0.000000e+000 0.000000e+000 
0.000000e+000 0.000000e+000 0.000000e+000 1.000000e+000 0.000000e+000 
0.000000e+000 0.000000e+000 0.000000e+000 0.000000e+000 1.000000e+000 
0.000000e+000 0.000000e+000 0.000000e+000 0.000000e+000 1.000000e+000 
0.000000e+000 0.000000e+000 0.000000e+000 0.000000e+000 0.000000e+000 0.000000e+000 0.000000e+000 0.000000e+000 0.000000e+000 0.000000e+000 0.000000e+000 0.000000e+000 0.000000e+000 0.000000e+000 0.000000e+000 0.000000e+000 0.000000e+000 0.000000e+000 0.000000e+000 0.000000e+000 0.000000e+000 1.250000e-004 0.000000e+000 0.000000e+000 0.000000e+000 0.000000e+000 0.000000e+000 9.993750e-001 3.750000e-004 0.000000e+000 1.250000e-004 0.000000e+000 
0.000000e+000 0.000000e+000 0.000000e+000 0.000000e+000 0.000000e+000 0.000000e+000 0.000000e+000 0.000000e+000 0.000000e+000 0.000000e+000 0.000000e+000 0.000000e+000 0.000000e+000 0.000000e+000 0.000000e+000 0.000000e+000 0.000000e+000 0.000000e+000 1.250000e-004 9.992500e-001 0.000000e+000 0.000000e+000 0.000000e+000 1.250000e-004 0.000000e+000 0.000000e+000 0.000000e+000 2.500000e-004 0.000000e+000 0.000000e+000 2.500000e-004 0.000000e+000 
0.000000e+000 0.000000e+000 0.000000e+000 0.000000e+000 0.000000e+000 0.000000e+000 0.000000e+000 0.000000e+000 0.000000e+000 0.000000e+000 0.000000e+000 0.000000e+000 0.000000e+000 0.000000e+000 0.000000e+000 0.000000e+000 0.000000e+000 0.000000e+000 0.000000e+000 0.000000e+000 1.250000e-004 0.000000e+000 0.000000e+000 1.250000e-004 0.000000e+000 0.000000e+000 0.000000e+000 9.992500e-001 1.250000e-004 3.750000e-004 0.000000e+000 0.000000e+000 
0.000000e+000 0.000000e+000 0.000000e+000 0.000000e+000 0.000000e+000 0.000000e+000 1.250000e-004 0.000000e+000 0.000000e+000 0.000000e+000 0.000000e+000 0.000000e+000 0.000000e+000 0.000000e+000 0.000000e+000 0.000000e+000 0.000000e+000 0.000000e+000 0.000000e+000 1.250000e-004 0.000000e+000 0.000000e+000 0.000000e+000 1.250000e-004 0.000000e+000 0.000000e+000 0.000000e+000 9.992500e-001 0.000000e+000 3.750000e-004 0.000000e+000 0.000000e+000 
1.200000e-005 0.000000e+000 1.400000e-005 3.000000e-006 6.000000e-006 5.000000e-006 0.000000e+000 1.100000e-005 2.240000e-003 2.227000e-003 2.977000e-003 5.000000e-006 2.241000e-003 2.981000e-003 5.983000e-003 2.245000e-003 1.502000e-003 4.000000e-006 2.968000e-003 3.003000e-003 6.017000e-003 2.993000e-003 2.300000e-005 9.000000e-006 1.000000e-005 2.400000e-005 1.800000e-005 9.555410e-001 1.612000e-003 4.544000e-003 7.820000e-004 0.000000e+000 
5.350000e-002 0.000000e+000 0.000000e+000 0.000000e+000 0.000000e+000 