1.274339e-001 8.725661e-001 0.000000e+000 0.000000e+000 0.000000e+000 
0.000000e+000 4.554099e-002 9.544590e-001 0.000000e+000 0.000000e+000 
0.000000e+000 0.000000e+000 5.082730e-002 9.491727e-001 0.000000e+000 
0.000000e+000 0.000000e+000 0.000000e+000 1.238354e-001 8.761646e-001 
0.000000e+000 0.000000e+000 0.000000e+000 0.000000e+000 1.000000e+000 
1.020400e-030 1.020400e-030 1.020400e-030 1.020400e-030 1.020400e-030 2.040800e-002 2.040800e-002 1.542124e-002 3.607485e-002 1.020400e-030 2.040800e-002 4.081600e-002 3.593691e-002 1.020400e-030 1.020400e-030 1.020400e-030 1.020400e-030 1.020400e-030 1.020400e-030 1.020400e-030 1.020400e-030 1.020400e-030 4.081600e-002 1.020400e-030 2.040800e-002 1.020400e-030 7.493030e-001 1.020400e-030 1.020400e-030 1.020400e-030 1.020400e-030 1.020400e-030 
1.020400e-030 1.020400e-030 1.020400e-030 1.020400e-030 1.020400e-030 1.020400e-030 1.625205e-002 1.432385e-002 6.121600e-002 1.020400e-030 2.040800e-002 8.000000e-006 6.122122e-002 1.020400e-030 1.020400e-030 1.020400e-030 1.020400e-030 1.020400e-030 1.020400e-030 1.020400e-030 1.020400e-030 1.020400e-030 1.020400e-030 1.020400e-030 1.020320e-001 4.081600e-002 6.837229e-001 1.020400e-030 1.020400e-030 1.020400e-030 1.020400e-030 1.020400e-030 
1.020400e-030 1.020400e-030 1.020400e-030 1.020400e-030 1.020400e-030 1.020400e-030 3.554622e-002 1.408328e-002 8.000000e-006 1.020400e-030 1.566686e-002 6.121600e-002 3.481859e-002 1.020400e-030 1.020400e-030 1.020400e-030 1.020400e-030 1.020400e-030 1.020400e-030 1.020400e-030 1.020400e-030 1.020400e-030 2.040800e-002 2.040800e-002 1.020400e-030 7.425833e-001 5.526178e-002 1.020400e-030 1.020400e-030 1.020400e-030 1.020400e-030 1.020400e-030 
1.020400e-030 1.020400e-030 1.020400e-030 1.020400e-030 1.020400e-030 2.040800e-002 6.810995e-002 2.040612e-002 2.040800e-002 1.020400e-030 4.081414e-002 3.590980e-002 1.551441e-002 1.020400e-030 1.020400e-030 1.020400e-030 1.020400e-030 1.020400e-030 1.020400e-030 1.020400e-030 1.020400e-030 1.020400e-030 1.020400e-030 1.020400e-030 7.474455e-002 6.679659e-001 3.571916e-002 1.020400e-030 1.020400e-030 1.020400e-030 1.020400e-030 1.020400e-030 
2.341613e-003 1.203584e-002 6.898065e-003 8.675942e-003 1.638509e-002 1.396234e-002 4.894784e-002 6.950099e-003 9.023281e-003 9.612617e-003 1.770303e-002 1.020774e-002 1.951157e-002 2.059248e-002 5.638356e-001 6.745016e-003 1.071225e-002 6.145478e-003 6.170504e-003 1.467901e-002 1.820720e-002 6.637948e-003 2.471471e-002 1.240347e-002 4.062837e-002 4.079778e-002 2.435617e-002 3.548130e-003 4.730708e-003 5.367104e-003 7.473015e-003 1.020400e-030 
4.897920e-001 0.000000e+000 0.000000e+000 0.000000e+000 0.000000e+000 