2.862000e-002 9.713800e-001 0.000000e+000 0.000000e+000 0.000000e+000 
0.000000e+000 5.116100e-002 9.488390e-001 0.000000e+000 0.000000e+000 
0.000000e+000 0.000000e+000 4.303000e-003 9.956970e-001 0.000000e+000 
0.000000e+000 0.000000e+000 0.000000e+000 6.250100e-002 9.374990e-001 
0.000000e+000 0.000000e+000 0.000000e+000 0.000000e+000 1.000000e+000 
0.000000e+000 4.000000e-002 0.000000e+000 0.000000e+000 0.000000e+000 0.000000e+000 0.000000e+000 0.000000e+000 0.000000e+000 0.000000e+000 8.000000e-002 0.000000e+000 0.000000e+000 0.000000e+000 0.000000e+000 4.000000e-002 0.000000e+000 0.000000e+000 0.000000e+000 4.000000e-002 0.000000e+000 0.000000e+000 0.000000e+000 0.000000e+000 0.000000e+000 0.000000e+000 0.000000e+000 7.770880e-001 2.291200e-002 0.000000e+000 0.000000e+000 0.000000e+000 
0.000000e+000 0.000000e+000 0.000000e+000 2.909200e-002 0.000000e+000 0.000000e+000 0.000000e+000 0.000000e+000 4.000000e-002 0.000000e+000 4.000000e-002 0.000000e+000 0.000000e+000 0.000000e+000 0.000000e+000 0.000000e+000 0.000000e+000 0.000000e+000 0.000000e+000 4.000000e-002 4.000000e-002 0.000000e+000 0.000000e+000 0.000000e+000 0.000000e+000 0.000000e+000 0.000000e+000 7.487570e-001 2.215100e-002 4.000000e-002 0.000000e+000 0.000000e+000 
0.000000e+000 4.000000e-002 0.000000e+000 2.299600e-002 0.000000e+000 0.000000e+000 0.000000e+000 0.000000e+000 3.772000e-002 0.000000e+000 4.000000e-002 0.000000e+000 0.000000e+000 0.000000e+000 0.000000e+000 0.000000e+000 0.000000e+000 0.000000e+000 0.000000e+000 7.302310e-001 4.000000e-002 0.000000e+000 0.000000e+000 0.000000e+000 0.000000e+000 0.000000e+000 0.000000e+000 6.702500e-002 2.202800e-002 0.000000e+000 0.000000e+000 0.000000e+000 
0.000000e+000 0.000000e+000 0.000000e+000 2.120700e-002 0.000000e+000 0.000000e+000 0.000000e+000 0.000000e+000 3.830100e-002 0.000000e+000 4.000000e-002 0.000000e+000 0.000000e+000 0.000000e+000 0.000000e+000 4.000000e-002 0.000000e+000 0.000000e+000 0.000000e+000 4.000000e-002 0.000000e+000 0.000000e+000 0.000000e+000 0.000000e+000 0.000000e+000 0.000000e+000 4.000000e-002 7.584880e-001 2.200400e-002 0.000000e+000 0.000000e+000 0.000000e+000 
1.372600e-002 4.708000e-003 1.690000e-003 1.550100e-002 2.836000e-003 1.114500e-002 3.581000e-002 5.762000e-003 1.923800e-002 2.945000e-003 2.550100e-002 6.113000e-003 6.754000e-003 0.000000e+000 1.472000e-003 5.538000e-003 0.000000e+000 3.842000e-003 0.000000e+000 4.486700e-002 1.637500e-002 2.442000e-003 3.626000e-003 7.140000e-004 2.599000e-003 0.000000e+000 3.982000e-003 7.143840e-001 4.045800e-002 7.972000e-003 0.000000e+000 0.000000e+000 
4.000000e-001 0.000000e+000 0.000000e+000 0.000000e+000 0.000000e+000 