2.400000e-005 9.999760e-001 0.000000e+000 0.000000e+000 0.000000e+000 
0.000000e+000 2.000000e-006 9.999980e-001 0.000000e+000 0.000000e+000 
0.000000e+000 0.000000e+000 4.500000e-005 9.999550e-001 0.000000e+000 
0.000000e+000 0.000000e+000 0.000000e+000 5.800000e-005 9.999420e-001 
0.000000e+000 0.000000e+000 0.000000e+000 0.000000e+000 1.000000e+000 
6.400000e-005 0.000000e+000 0.000000e+000 0.000000e+000 6.400000e-005 6.400000e-005 0.000000e+000 0.000000e+000 0.000000e+000 0.000000e+000 0.000000e+000 0.000000e+000 6.400000e-005 0.000000e+000 0.000000e+000 6.400000e-005 0.000000e+000 6.400000e-005 0.000000e+000 0.000000e+000 0.000000e+000 0.000000e+000 0.000000e+000 9.996160e-001 0.000000e+000 0.000000e+000 0.000000e+000 0.000000e+000 0.000000e+000 0.000000e+000 0.000000e+000 0.000000e+000 
6.400000e-005 0.000000e+000 0.000000e+000 6.400000e-005 0.000000e+000 0.000000e+000 0.000000e+000 0.000000e+000 0.000000e+000 6.400000e-005 0.000000e+000 0.000000e+000 0.000000e+000 0.000000e+000 0.000000e+000 0.000000e+000 0.000000e+000 9.995520e-001 0.000000e+000 0.000000e+000 0.000000e+000 0.000000e+000 0.000000e+000 6.400000e-005 0.000000e+000 0.000000e+000 0.000000e+000 6.400000e-005 6.400000e-005 6.400000e-005 0.000000e+000 0.000000e+000 
6.400000e-005 0.000000e+000 6.400000e-005 0.000000e+000 0.000000e+000 0.000000e+000 0.000000e+000 6.400000e-005 0.000000e+000 6.400000e-005 0.000000e+000 0.000000e+000 0.000000e+000 0.000000e+000 0.000000e+000 0.000000e+000 0.000000e+000 4.200000e-005 9.995740e-001 0.000000e+000 6.400000e-005 0.000000e+000 0.000000e+000 6.400000e-005 0.000000e+000 0.000000e+000 0.000000e+000 0.000000e+000 0.000000e+000 0.000000e+000 0.000000e+000 0.000000e+000 
0.000000e+000 9.995210e-001 4.600000e-005 0.000000e+000 6.400000e-005 0.000000e+000 0.000000e+000 0.000000e+000 0.000000e+000 0.000000e+000 0.000000e+000 6.400000e-005 0.000000e+000 0.000000e+000 0.000000e+000 6.400000e-005 0.000000e+000 4.900000e-005 6.400000e-005 0.000000e+000 0.000000e+000 0.000000e+000 6.400000e-005 6.400000e-005 0.000000e+000 0.000000e+000 0.000000e+000 0.000000e+000 0.000000e+000 0.000000e+000 0.000000e+000 0.000000e+000 
5.000000e-006 6.000000e-006 2.300000e-005 6.000000e-006 1.000000e-005 2.700000e-005 6.000000e-005 8.000000e-006 1.000000e-005 3.400000e-005 2.800000e-005 7.000000e-006 9.000000e-006 6.000000e-006 1.500000e-005 3.400000e-005 1.800000e-005 3.500000e-005 9.995080e-001 8.000000e-006 7.000000e-006 7.000000e-006 3.300000e-005 2.900000e-005 4.000000e-006 7.000000e-006 1.000000e-005 2.300000e-005 1.700000e-005 0.000000e+000 6.000000e-006 0.000000e+000 
5.760000e-004 0.000000e+000 0.000000e+000 0.000000e+000 0.000000e+000 