0.019370 0.260630 0.000000 0.000000 0.000000 
0.000000 0.001367 0.278633 0.000000 0.000000 
0.000000 0.000000 0.000227 0.279773 0.000000 
0.000000 0.000000 0.000000 0.049617 0.230383 
0.000000 0.000000 0.000000 0.000000 0.280000 
0.040000 0.000000 0.000000 0.000000 0.000000 0.040000 0.000000 0.000000 0.000000 0.000000 0.000000 0.000000 0.000000 0.000000 0.000000 0.000000 0.000000 0.000000 0.000000 0.000000 0.000000 0.040000 0.000000 0.040000 0.000000 0.000000 0.000000 0.000000 0.000000 0.080000 0.020630 0.000000 
0.000000 0.000000 0.000000 0.000000 0.000000 0.040000 0.000000 0.000000 0.000000 0.000000 0.000000 0.000000 0.000000 0.000000 0.000000 0.000000 0.000000 0.000000 0.000000 0.000000 0.000000 0.000000 0.040000 0.080000 0.040000 0.000000 0.000000 0.000000 0.000000 0.040000 0.019925 0.000000 
0.000000 0.000000 0.000000 0.000000 0.040000 0.000000 0.040000 0.000000 0.000000 0.000000 0.000000 0.000000 0.000000 0.000000 0.000000 0.000000 0.000000 0.000000 0.000000 0.080000 0.040000 0.000000 0.000000 0.000000 0.040000 0.000000 0.000000 0.000000 0.000000 0.000000 0.019812 0.000000 
0.040000 0.000000 0.000000 0.000000 0.000000 0.000000 0.000000 0.000000 0.000000 0.000000 0.000000 0.000000 0.000000 0.000000 0.000000 0.000000 0.000000 0.000000 0.000000 0.000000 0.040000 0.000000 0.000000 0.040000 0.000000 0.000000 0.040000 0.000000 0.000000 0.080000 0.019790 0.000000 
0.000625 0.000000 0.001289 0.002579 0.006964 0.008264 0.007598 0.010801 0.010020 0.001249 0.000645 0.000000 0.000000 0.011750 0.016038 0.001249 0.013772 0.003810 0.006182 0.002500 0.008116 0.017855 0.017380 0.000645 0.006182 0.004308 0.017921 0.012308 0.035863 0.013663 0.040379 0.000000 
0.280000 0.000000 0.000000 0.000000 0.000000 