3.298300e-002 9.670170e-001 0.000000e+000 0.000000e+000 0.000000e+000 
0.000000e+000 2.120000e-003 9.978800e-001 0.000000e+000 0.000000e+000 
0.000000e+000 0.000000e+000 4.208000e-003 9.957920e-001 0.000000e+000 
0.000000e+000 0.000000e+000 0.000000e+000 4.489000e-003 9.955110e-001 
0.000000e+000 0.000000e+000 0.000000e+000 0.000000e+000 1.000000e+000 
4.000000e-002 0.000000e+000 4.000000e-002 0.000000e+000 0.000000e+000 0.000000e+000 0.000000e+000 4.000000e-002 0.000000e+000 0.000000e+000 0.000000e+000 0.000000e+000 0.000000e+000 0.000000e+000 0.000000e+000 7.600000e-001 0.000000e+000 0.000000e+000 0.000000e+000 4.000000e-002 0.000000e+000 8.000000e-002 0.000000e+000 0.000000e+000 0.000000e+000 0.000000e+000 0.000000e+000 0.000000e+000 0.000000e+000 0.000000e+000 0.000000e+000 0.000000e+000 
3.009000e-002 7.299100e-001 0.000000e+000 4.000000e-002 0.000000e+000 0.000000e+000 0.000000e+000 0.000000e+000 0.000000e+000 0.000000e+000 0.000000e+000 4.000000e-002 0.000000e+000 0.000000e+000 4.000000e-002 0.000000e+000 0.000000e+000 0.000000e+000 4.000000e-002 0.000000e+000 0.000000e+000 4.000000e-002 0.000000e+000 0.000000e+000 0.000000e+000 0.000000e+000 0.000000e+000 4.000000e-002 0.000000e+000 0.000000e+000 0.000000e+000 0.000000e+000 
3.177500e-002 0.000000e+000 4.000000e-002 0.000000e+000 4.000000e-002 0.000000e+000 0.000000e+000 0.000000e+000 0.000000e+000 0.000000e+000 0.000000e+000 0.000000e+000 0.000000e+000 0.000000e+000 0.000000e+000 4.000000e-002 0.000000e+000 4.000000e-002 7.682250e-001 4.000000e-002 0.000000e+000 0.000000e+000 0.000000e+000 0.000000e+000 0.000000e+000 0.000000e+000 0.000000e+000 0.000000e+000 0.000000e+000 0.000000e+000 0.000000e+000 0.000000e+000 
3.551100e-002 7.244890e-001 0.000000e+000 0.000000e+000 4.000000e-002 0.000000e+000 0.000000e+000 4.000000e-002 0.000000e+000 4.000000e-002 0.000000e+000 0.000000e+000 0.000000e+000 4.000000e-002 0.000000e+000 0.000000e+000 0.000000e+000 0.000000e+000 4.000000e-002 0.000000e+000 0.000000e+000 0.000000e+000 4.000000e-002 0.000000e+000 0.000000e+000 0.000000e+000 0.000000e+000 0.000000e+000 0.000000e+000 0.000000e+000 0.000000e+000 0.000000e+000 
0.000000e+000 0.000000e+000 5.630000e-004 3.380000e-003 6.279000e-003 3.025000e-003 3.844000e-003 2.817000e-003 2.254000e-003 2.785700e-002 5.197000e-003 8.769000e-003 9.589000e-003 1.914500e-002 7.866000e-003 2.192500e-002 2.014400e-002 2.740200e-002 1.745200e-002 3.573500e-002 6.139000e-003 7.345100e-001 1.566800e-002 8.334000e-003 0.000000e+000 1.943000e-003 2.632000e-003 4.671000e-003 1.127000e-003 6.060000e-004 1.127000e-003 0.000000e+000 
3.200000e-001 0.000000e+000 0.000000e+000 0.000000e+000 0.000000e+000 