1.784000e-003 9.982160e-001 0.000000e+000 0.000000e+000 0.000000e+000 
0.000000e+000 1.300000e-004 9.998700e-001 0.000000e+000 0.000000e+000 
0.000000e+000 0.000000e+000 1.360000e-004 9.998640e-001 0.000000e+000 
0.000000e+000 0.000000e+000 0.000000e+000 8.900000e-005 9.999110e-001 
0.000000e+000 0.000000e+000 0.000000e+000 0.000000e+000 1.000000e+000 
0.000000e+000 0.000000e+000 0.000000e+000 0.000000e+000 9.925850e-001 0.000000e+000 4.150000e-004 0.000000e+000 0.000000e+000 0.000000e+000 1.000000e-003 1.000000e-003 0.000000e+000 0.000000e+000 0.000000e+000 2.000000e-003 0.000000e+000 0.000000e+000 0.000000e+000 1.000000e-003 0.000000e+000 0.000000e+000 0.000000e+000 0.000000e+000 0.000000e+000 0.000000e+000 0.000000e+000 0.000000e+000 0.000000e+000 0.000000e+000 2.000000e-003 0.000000e+000 
0.000000e+000 0.000000e+000 0.000000e+000 0.000000e+000 0.000000e+000 9.932070e-001 3.980000e-004 0.000000e+000 3.000000e-003 0.000000e+000 0.000000e+000 0.000000e+000 0.000000e+000 0.000000e+000 0.000000e+000 0.000000e+000 1.000000e-003 0.000000e+000 0.000000e+000 0.000000e+000 0.000000e+000 0.000000e+000 0.000000e+000 0.000000e+000 0.000000e+000 1.000000e-003 0.000000e+000 0.000000e+000 0.000000e+000 0.000000e+000 1.395000e-003 0.000000e+000 
0.000000e+000 0.000000e+000 0.000000e+000 9.931180e-001 0.000000e+000 0.000000e+000 3.950000e-004 0.000000e+000 1.000000e-003 0.000000e+000 1.000000e-003 1.000000e-003 0.000000e+000 0.000000e+000 1.000000e-003 0.000000e+000 0.000000e+000 1.000000e-003 0.000000e+000 0.000000e+000 0.000000e+000 0.000000e+000 0.000000e+000 0.000000e+000 0.000000e+000 0.000000e+000 0.000000e+000 0.000000e+000 0.000000e+000 0.000000e+000 1.487000e-003 0.000000e+000 
0.000000e+000 0.000000e+000 0.000000e+000 0.000000e+000 0.000000e+000 0.000000e+000 3.950000e-004 9.939980e-001 0.000000e+000 0.000000e+000 1.000000e-003 1.000000e-003 1.000000e-003 0.000000e+000 0.000000e+000 0.000000e+000 0.000000e+000 0.000000e+000 1.000000e-003 0.000000e+000 0.000000e+000 0.000000e+000 0.000000e+000 0.000000e+000 0.000000e+000 0.000000e+000 0.000000e+000 0.000000e+000 0.000000e+000 0.000000e+000 1.607000e-003 0.000000e+000 
1.563000e-003 0.000000e+000 6.275000e-003 4.690000e-003 1.563000e-003 1.563000e-003 1.292000e-003 3.188000e-003 3.188000e-003 1.030000e-004 1.117800e-002 3.334000e-003 6.420000e-003 7.969000e-003 1.907000e-003 1.111400e-002 4.734000e-003 6.382000e-003 4.886000e-003 3.501000e-003 1.825000e-003 6.512000e-003 1.180000e-004 6.533000e-003 8.923990e-001 1.888000e-003 2.553000e-003 3.640000e-004 1.975000e-003 1.580000e-004 8.250000e-004 0.000000e+000 
1.190000e-001 0.000000e+000 0.000000e+000 0.000000e+000 0.000000e+000 