2.170000e-004 9.997830e-001 0.000000e+000 0.000000e+000 0.000000e+000 
0.000000e+000 1.300000e-005 9.999870e-001 0.000000e+000 0.000000e+000 
0.000000e+000 0.000000e+000 1.300000e-005 9.999870e-001 0.000000e+000 
0.000000e+000 0.000000e+000 0.000000e+000 3.330000e-004 9.996670e-001 
0.000000e+000 0.000000e+000 0.000000e+000 0.000000e+000 1.000000e+000 
0.000000e+000 0.000000e+000 0.000000e+000 1.250000e-004 2.500000e-004 0.000000e+000 0.000000e+000 0.000000e+000 2.500000e-004 0.000000e+000 1.250000e-004 1.250000e-004 0.000000e+000 0.000000e+000 0.000000e+000 1.250000e-004 0.000000e+000 0.000000e+000 0.000000e+000 2.500000e-004 1.250000e-004 0.000000e+000 0.000000e+000 0.000000e+000 1.250000e-004 1.250000e-004 1.250000e-004 0.000000e+000 1.250000e-004 0.000000e+000 9.981250e-001 0.000000e+000 
0.000000e+000 0.000000e+000 0.000000e+000 0.000000e+000 2.500000e-004 0.000000e+000 0.000000e+000 0.000000e+000 1.250000e-004 0.000000e+000 2.500000e-004 0.000000e+000 1.250000e-004 0.000000e+000 0.000000e+000 0.000000e+000 0.000000e+000 0.000000e+000 0.000000e+000 0.000000e+000 1.250000e-004 0.000000e+000 0.000000e+000 1.250000e-004 0.000000e+000 2.500000e-004 2.500000e-004 0.000000e+000 2.500000e-004 0.000000e+000 9.982500e-001 0.000000e+000 
1.250000e-004 0.000000e+000 0.000000e+000 0.000000e+000 9.982800e-001 0.000000e+000 0.000000e+000 1.250000e-004 1.250000e-004 1.250000e-004 0.000000e+000 0.000000e+000 0.000000e+000 0.000000e+000 0.000000e+000 1.250000e-004 0.000000e+000 0.000000e+000 0.000000e+000 2.500000e-004 1.250000e-004 1.250000e-004 0.000000e+000 0.000000e+000 0.000000e+000 1.250000e-004 0.000000e+000 0.000000e+000 2.500000e-004 0.000000e+000 2.200000e-004 0.000000e+000 
9.980190e-001 0.000000e+000 2.500000e-004 0.000000e+000 0.000000e+000 0.000000e+000 0.000000e+000 1.250000e-004 2.500000e-004 1.250000e-004 0.000000e+000 0.000000e+000 0.000000e+000 0.000000e+000 0.000000e+000 0.000000e+000 1.250000e-004 0.000000e+000 0.000000e+000 0.000000e+000 0.000000e+000 1.250000e-004 0.000000e+000 0.000000e+000 0.000000e+000 0.000000e+000 1.250000e-004 2.500000e-004 3.750000e-004 0.000000e+000 2.310000e-004 0.000000e+000 
7.700000e-004 6.000000e-005 8.590000e-004 8.000000e-005 9.530050e-001 1.500000e-005 1.512000e-003 4.476000e-003 1.545000e-003 1.502000e-003 1.508000e-003 1.626000e-003 2.385000e-003 7.770000e-004 7.860000e-004 2.700000e-005 2.700000e-005 3.100000e-005 1.700000e-005 2.304000e-003 7.700000e-004 3.100000e-005 6.000000e-006 1.528000e-003 7.780000e-004 5.977000e-003 1.530000e-003 2.306000e-003 3.876000e-003 4.561000e-003 5.325000e-003 0.000000e+000 
5.475000e-002 0.000000e+000 0.000000e+000 0.000000e+000 0.000000e+000 