2.546780e-001 7.453220e-001 0.000000e+000 0.000000e+000 0.000000e+000 
0.000000e+000 9.862011e-002 9.013799e-001 0.000000e+000 0.000000e+000 
0.000000e+000 0.000000e+000 7.462054e-001 2.537946e-001 0.000000e+000 
0.000000e+000 0.000000e+000 0.000000e+000 2.272353e-001 7.727647e-001 
0.000000e+000 0.000000e+000 0.000000e+000 0.000000e+000 1.000000e+000 
1.020400e-030 1.020400e-030 1.020400e-030 1.020400e-030 1.020400e-030 1.020400e-030 2.715746e-002 1.020400e-030 1.020400e-030 1.020400e-030 1.020400e-030 2.326514e-002 1.020400e-030 1.020400e-030 1.020400e-030 1.020400e-030 1.020400e-030 1.020400e-030 1.020400e-030 2.096376e-001 1.025089e-001 1.020400e-030 1.020400e-030 6.158279e-002 1.020400e-030 1.020400e-030 1.020400e-030 4.970081e-001 2.040800e-002 5.843201e-002 1.020400e-030 1.020400e-030 
1.020400e-030 1.020400e-030 1.020400e-030 1.020400e-030 1.020400e-030 1.020400e-030 1.020400e-030 1.020400e-030 1.020400e-030 1.020400e-030 1.020400e-030 1.020400e-030 1.020400e-030 1.020400e-030 1.020400e-030 1.020400e-030 1.020400e-030 1.020400e-030 1.020400e-030 1.231038e-001 1.912760e-001 1.020400e-030 1.020400e-030 4.528486e-002 1.020400e-030 1.020400e-030 1.020400e-030 5.823282e-001 1.020400e-030 5.800711e-002 1.020400e-030 1.020400e-030 
1.020400e-030 1.020400e-030 1.020400e-030 1.020400e-030 1.020400e-030 1.020400e-030 1.020400e-030 1.020400e-030 1.020400e-030 1.020400e-030 1.020400e-030 1.020400e-030 1.020400e-030 1.020400e-030 1.020400e-030 1.020400e-030 1.020400e-030 1.020400e-030 1.020400e-030 8.769701e-002 1.453285e-001 1.020400e-030 1.020400e-030 5.712367e-002 1.020400e-030 1.020400e-030 1.020400e-030 5.434219e-001 9.322405e-002 3.054135e-002 4.266349e-002 1.020400e-030 
1.020400e-030 1.020400e-030 1.020400e-030 1.020400e-030 1.020400e-030 1.020400e-030 8.045386e-002 1.020400e-030 1.020400e-030 1.020400e-030 1.020400e-030 1.020400e-030 1.020400e-030 1.020400e-030 1.020400e-030 1.020400e-030 1.020400e-030 1.020400e-030 1.020400e-030 6.972246e-002 9.786561e-002 1.020400e-030 1.020400e-030 5.034538e-004 2.679299e-002 1.020400e-030 1.020400e-030 6.381941e-001 1.600000e-005 2.776853e-002 5.868297e-002 1.020400e-030 
1.743435e-003 1.773317e-002 1.688138e-002 1.079674e-002 4.582067e-003 2.419673e-002 9.802286e-003 2.051029e-002 3.221619e-002 1.261391e-002 1.292927e-002 2.437156e-002 2.437667e-002 3.283847e-002 2.738860e-002 1.803681e-002 2.618566e-002 1.373126e-002 1.693413e-002 1.770386e-002 1.981536e-002 1.636276e-002 1.421553e-002 1.003651e-002 9.067624e-003 1.692919e-002 1.989927e-002 5.072099e-002 4.157680e-002 3.164195e-001 1.193840e-001 1.020400e-030 
9.183600e-001 0.000000e+000 0.000000e+000 0.000000e+000 0.000000e+000 