1.159540e-001 8.840460e-001 0.000000e+000 0.000000e+000 0.000000e+000 
0.000000e+000 9.250000e-003 9.907500e-001 0.000000e+000 0.000000e+000 
0.000000e+000 0.000000e+000 1.428500e-002 9.857150e-001 0.000000e+000 
0.000000e+000 0.000000e+000 0.000000e+000 6.423600e-002 9.357640e-001 
0.000000e+000 0.000000e+000 0.000000e+000 0.000000e+000 1.000000e+000 
0.000000e+000 0.000000e+000 0.000000e+000 0.000000e+000 0.000000e+000 0.000000e+000 0.000000e+000 0.000000e+000 0.000000e+000 1.000000e-001 0.000000e+000 0.000000e+000 0.000000e+000 0.000000e+000 0.000000e+000 8.000000e-001 0.000000e+000 0.000000e+000 0.000000e+000 0.000000e+000 0.000000e+000 0.000000e+000 0.000000e+000 0.000000e+000 0.000000e+000 0.000000e+000 0.000000e+000 0.000000e+000 0.000000e+000 0.000000e+000 1.000000e-001 0.000000e+000 
0.000000e+000 0.000000e+000 0.000000e+000 0.000000e+000 0.000000e+000 0.000000e+000 0.000000e+000 0.000000e+000 0.000000e+000 7.372800e-002 0.000000e+000 0.000000e+000 0.000000e+000 0.000000e+000 0.000000e+000 1.000000e-001 0.000000e+000 0.000000e+000 0.000000e+000 0.000000e+000 0.000000e+000 0.000000e+000 0.000000e+000 0.000000e+000 0.000000e+000 0.000000e+000 0.000000e+000 0.000000e+000 0.000000e+000 0.000000e+000 8.262720e-001 0.000000e+000 
1.000000e-001 0.000000e+000 0.000000e+000 0.000000e+000 0.000000e+000 0.000000e+000 0.000000e+000 0.000000e+000 0.000000e+000 7.790100e-002 0.000000e+000 0.000000e+000 0.000000e+000 0.000000e+000 0.000000e+000 0.000000e+000 0.000000e+000 0.000000e+000 0.000000e+000 0.000000e+000 0.000000e+000 0.000000e+000 0.000000e+000 0.000000e+000 0.000000e+000 0.000000e+000 0.000000e+000 0.000000e+000 0.000000e+000 0.000000e+000 8.220990e-001 0.000000e+000 
7.968480e-001 0.000000e+000 0.000000e+000 0.000000e+000 0.000000e+000 0.000000e+000 0.000000e+000 0.000000e+000 0.000000e+000 8.504300e-002 0.000000e+000 0.000000e+000 0.000000e+000 0.000000e+000 0.000000e+000 4.677900e-002 0.000000e+000 0.000000e+000 0.000000e+000 0.000000e+000 0.000000e+000 0.000000e+000 0.000000e+000 0.000000e+000 0.000000e+000 0.000000e+000 0.000000e+000 0.000000e+000 0.000000e+000 0.000000e+000 7.133000e-002 0.000000e+000 
1.144000e-002 0.000000e+000 1.423000e-003 4.255000e-003 3.759100e-002 0.000000e+000 0.000000e+000 0.000000e+000 0.000000e+000 6.700000e-002 5.046500e-002 0.000000e+000 0.000000e+000 0.000000e+000 0.000000e+000 7.422820e-001 2.840000e-003 7.118000e-003 0.000000e+000 0.000000e+000 0.000000e+000 0.000000e+000 0.000000e+000 0.000000e+000 0.000000e+000 1.423000e-003 0.000000e+000 0.000000e+000 0.000000e+000 4.404000e-003 6.975900e-002 0.000000e+000 
4.000000e-001 0.000000e+000 0.000000e+000 0.000000e+000 0.000000e+000 