7.210000e-004 9.992790e-001 0.000000e+000 0.000000e+000 0.000000e+000 
0.000000e+000 6.200000e-005 9.999380e-001 0.000000e+000 0.000000e+000 
0.000000e+000 0.000000e+000 4.357800e-002 9.564220e-001 0.000000e+000 
0.000000e+000 0.000000e+000 0.000000e+000 1.262400e-002 9.873760e-001 
0.000000e+000 0.000000e+000 0.000000e+000 0.000000e+000 1.000000e+000 
0.000000e+000 0.000000e+000 0.000000e+000 0.000000e+000 0.000000e+000 0.000000e+000 0.000000e+000 0.000000e+000 1.000000e-003 1.000000e-003 0.000000e+000 0.000000e+000 0.000000e+000 0.000000e+000 0.000000e+000 0.000000e+000 0.000000e+000 0.000000e+000 0.000000e+000 0.000000e+000 0.000000e+000 0.000000e+000 9.970000e-001 0.000000e+000 0.000000e+000 0.000000e+000 0.000000e+000 0.000000e+000 1.000000e-003 0.000000e+000 0.000000e+000 0.000000e+000 
0.000000e+000 0.000000e+000 0.000000e+000 0.000000e+000 0.000000e+000 0.000000e+000 0.000000e+000 0.000000e+000 0.000000e+000 6.720000e-004 0.000000e+000 0.000000e+000 0.000000e+000 0.000000e+000 0.000000e+000 0.000000e+000 0.000000e+000 0.000000e+000 0.000000e+000 0.000000e+000 1.000000e-003 0.000000e+000 9.973280e-001 0.000000e+000 0.000000e+000 0.000000e+000 0.000000e+000 1.000000e-003 0.000000e+000 0.000000e+000 0.000000e+000 0.000000e+000 
0.000000e+000 0.000000e+000 0.000000e+000 0.000000e+000 0.000000e+000 0.000000e+000 0.000000e+000 0.000000e+000 0.000000e+000 7.180000e-004 0.000000e+000 0.000000e+000 0.000000e+000 0.000000e+000 0.000000e+000 0.000000e+000 0.000000e+000 0.000000e+000 9.972820e-001 1.000000e-003 0.000000e+000 0.000000e+000 0.000000e+000 0.000000e+000 0.000000e+000 0.000000e+000 0.000000e+000 1.000000e-003 0.000000e+000 0.000000e+000 0.000000e+000 0.000000e+000 
0.000000e+000 0.000000e+000 0.000000e+000 0.000000e+000 0.000000e+000 0.000000e+000 0.000000e+000 0.000000e+000 0.000000e+000 8.060000e-004 0.000000e+000 0.000000e+000 0.000000e+000 0.000000e+000 0.000000e+000 0.000000e+000 0.000000e+000 0.000000e+000 9.971940e-001 1.000000e-003 0.000000e+000 0.000000e+000 0.000000e+000 0.000000e+000 0.000000e+000 0.000000e+000 0.000000e+000 0.000000e+000 0.000000e+000 1.000000e-003 0.000000e+000 0.000000e+000 
2.800000e-005 4.911000e-003 3.374000e-003 7.800000e-005 7.800000e-005 2.000000e-005 1.400000e-005 3.333000e-003 1.444200e-002 7.800000e-005 3.278000e-003 3.203000e-003 7.300000e-005 1.657000e-003 9.800000e-005 1.119000e-002 3.175000e-003 4.953000e-003 1.597300e-002 1.446500e-002 9.070980e-001 3.292000e-003 3.302000e-003 7.800000e-005 0.000000e+000 0.000000e+000 0.000000e+000 1.595000e-003 4.300000e-005 1.280000e-004 4.300000e-005 0.000000e+000 
1.140000e-001 0.000000e+000 0.000000e+000 0.000000e+000 0.000000e+000 