0.072483 0.167517 0.000000 0.000000 0.000000 
0.000000 0.033257 0.206743 0.000000 0.000000 
0.000000 0.000000 0.018255 0.221745 0.000000 
0.000000 0.000000 0.000000 0.005380 0.234620 
0.000000 0.000000 0.000000 0.000000 0.240000 
0.000000 0.000000 0.000000 0.000000 0.000000 0.000000 0.124388 0.000000 0.000000 0.000000 0.000000 0.000000 0.000000 0.000000 0.000000 0.000000 0.000000 0.000000 0.000000 0.000000 0.040000 0.000000 0.000000 0.000000 0.000000 0.000000 0.000000 0.000000 0.040000 0.000000 0.000000 0.000000 
0.000000 0.000000 0.000000 0.000000 0.000000 0.000000 0.035656 0.000000 0.000000 0.000000 0.000000 0.000000 0.000000 0.000000 0.000000 0.000000 0.000000 0.000000 0.000000 0.000000 0.040000 0.000000 0.000000 0.000000 0.000000 0.000000 0.000000 0.000000 0.120000 0.000000 0.000000 0.000000 
0.000000 0.000000 0.000000 0.000000 0.000000 0.000000 0.075714 0.000000 0.000000 0.000000 0.000000 0.000000 0.000000 0.000000 0.000000 0.000000 0.000000 0.000000 0.000000 0.000000 0.040000 0.000000 0.000000 0.000000 0.000000 0.000000 0.000000 0.000000 0.031839 0.000000 0.040000 0.000000 
0.000000 0.000000 0.000000 0.000000 0.000000 0.000000 0.101346 0.000000 0.000000 0.000000 0.000000 0.000000 0.000000 0.000000 0.000000 0.000000 0.000000 0.000000 0.000000 0.000000 0.000000 0.000000 0.000000 0.000000 0.000000 0.000000 0.000000 0.000000 0.074307 0.000000 0.000000 0.000000 
0.003413 0.005219 0.008431 0.003938 0.001737 0.004305 0.041970 0.008844 0.009225 0.001729 0.002021 0.007021 0.008051 0.003548 0.002457 0.007689 0.006846 0.005739 0.004617 0.013485 0.011233 0.008682 0.003859 0.005636 0.006649 0.008876 0.000699 0.014104 0.014521 0.005837 0.009403 0.000000 
0.240000 0.000000 0.000000 0.000000 0.000000 