9.068879e-002 9.093112e-001 0.000000e+000 0.000000e+000 0.000000e+000 
0.000000e+000 4.327914e-002 9.567209e-001 0.000000e+000 0.000000e+000 
0.000000e+000 0.000000e+000 1.381707e-001 8.618293e-001 0.000000e+000 
0.000000e+000 0.000000e+000 0.000000e+000 7.899865e-001 2.100135e-001 
0.000000e+000 0.000000e+000 0.000000e+000 0.000000e+000 1.000000e+000 
1.020400e-030 1.020400e-030 2.040800e-002 4.081600e-002 3.558236e-002 1.020400e-030 5.623555e-002 7.802029e-002 4.544949e-001 3.631562e-002 9.445527e-002 2.040800e-002 8.163200e-002 2.040800e-002 2.040800e-002 1.020400e-030 1.020400e-030 1.020400e-030 2.040800e-002 1.020400e-030 1.020400e-030 1.020400e-030 1.020400e-030 1.020400e-030 1.020400e-030 2.040800e-002 1.020400e-030 1.020400e-030 1.020400e-030 1.020400e-030 1.020400e-030 1.020400e-030 
1.020400e-030 1.020400e-030 2.040800e-002 3.583345e-002 3.423324e-002 6.040800e-002 7.624339e-002 3.532591e-002 4.885317e-002 5.020809e-001 6.509722e-002 1.020400e-030 4.081600e-002 1.020400e-030 1.947673e-002 1.020400e-030 2.040800e-002 1.020400e-030 1.020400e-030 1.020400e-030 2.040800e-002 1.020400e-030 1.020400e-030 1.020400e-030 1.020400e-030 1.020400e-030 2.040800e-002 1.020400e-030 1.020400e-030 1.020400e-030 1.020400e-030 1.020400e-030 
1.020400e-030 1.020400e-030 1.020400e-030 5.339389e-006 8.461539e-002 1.404444e-004 5.430646e-001 2.554960e-002 6.600482e-002 3.418018e-002 8.783849e-002 1.020400e-030 6.122400e-002 1.020400e-030 3.615318e-002 1.020400e-030 1.020400e-030 1.020400e-030 1.020400e-030 2.040800e-002 1.020400e-030 1.020400e-030 1.020400e-030 1.020400e-030 1.020400e-030 1.020400e-030 2.040800e-002 2.040800e-002 1.020400e-030 1.020400e-030 1.020400e-030 1.020400e-030 
1.020400e-030 1.020400e-030 2.358399e-002 6.337191e-006 8.500117e-002 2.207644e-002 2.798865e-005 9.416608e-002 9.399713e-002 9.326515e-002 7.105868e-002 1.020400e-030 1.020400e-030 2.455571e-002 4.068880e-001 1.020400e-030 1.020400e-030 1.020400e-030 1.020400e-030 1.020400e-030 1.020400e-030 1.020400e-030 1.020400e-030 1.020400e-030 2.040800e-002 1.020400e-030 4.455733e-002 2.040800e-002 1.020400e-030 1.020400e-030 1.020400e-030 1.020400e-030 
1.041523e-002 9.465660e-003 8.389819e-003 1.149816e-002 8.898907e-003 1.546476e-002 2.817733e-002 1.478570e-003 1.437588e-003 1.014771e-003 9.981686e-003 4.507349e-002 6.358778e-002 2.040666e-002 4.325199e-002 3.805029e-003 1.230667e-002 6.564535e-003 6.438684e-003 1.071592e-002 9.063435e-003 9.961950e-003 1.304142e-002 2.121560e-002 2.850947e-002 5.898925e-002 4.082832e-001 2.813855e-002 7.279334e-002 1.089845e-002 2.073212e-002 1.020400e-030 
7.755040e-001 0.000000e+000 0.000000e+000 0.000000e+000 0.000000e+000 