0.105435 0.134565 0.000000 0.000000 0.000000 
0.000000 0.005332 0.234668 0.000000 0.000000 
0.000000 0.000000 0.012235 0.227765 0.000000 
0.000000 0.000000 0.000000 0.049008 0.190992 
0.000000 0.000000 0.000000 0.000000 0.240000 
0.000000 0.000000 0.080000 0.000000 0.000000 0.000000 0.000000 0.000000 0.000000 0.000000 0.000000 0.000000 0.000000 0.000000 0.000000 0.000000 0.000000 0.000000 0.000000 0.000000 0.000000 0.000000 0.040000 0.000000 0.011963 0.000000 0.000000 0.040000 0.000000 0.040000 0.000000 0.000000 
0.000000 0.000000 0.051973 0.000000 0.000000 0.000000 0.000000 0.000000 0.000000 0.000000 0.000000 0.000000 0.000000 0.000000 0.000000 0.000000 0.000000 0.000000 0.000000 0.000000 0.000000 0.000000 0.028053 0.000000 0.007589 0.000000 0.000000 0.040000 0.000000 0.000000 0.040000 0.000000 
0.000000 0.000000 0.055594 0.000000 0.000000 0.000000 0.000000 0.000000 0.000000 0.000000 0.000000 0.000000 0.000000 0.000000 0.000000 0.000000 0.000000 0.000000 0.000000 0.000000 0.000000 0.000000 0.029460 0.000000 0.007588 0.000000 0.000000 0.000000 0.040000 0.040000 0.000000 0.000000 
0.000000 0.000000 0.063255 0.000000 0.000000 0.000000 0.000000 0.000000 0.000000 0.000000 0.000000 0.000000 0.000000 0.000000 0.000000 0.000000 0.000000 0.000000 0.000000 0.000000 0.000000 0.000000 0.033175 0.000000 0.007588 0.000000 0.000000 0.000000 0.040000 0.000000 0.040000 0.000000 
0.000000 0.001999 0.025705 0.001480 0.000916 0.009681 0.002657 0.014716 0.005493 0.009290 0.003818 0.000916 0.000916 0.001757 0.002606 0.001833 0.000916 0.001176 0.000000 0.002647 0.000000 0.001628 0.005020 0.016606 0.071230 0.011492 0.030269 0.003944 0.005070 0.003398 0.002689 0.000000 
0.240000 0.000000 0.000000 0.000000 0.000000 