4
4
2
2
2
2
3
0
0
0
0
0
-1
-2
-4
-5
-5
-3
-4
-4
-4
-4
-5
-6
-6
-6
-5
-6
-7
-8
-9
-11
-10
-4
-10
-10
-7
-1
-3
-15
-1
-1
-2
-1
-4
-1
-9
1
-3
6
-6
-6
8
-5
0
1
3
-8
5
0
8
-7
4
-3
3
-4
12
8
-3
-11
2
8
-7
6
4
-9
2
-11
3
-1
-4
7
-10
8
-12
1
-5
0
0
3
2
0
-9
-4
10
5
1
-7
-6
-7
11
16
-7
-2
-16
6
6
8
-1
8
-7
-11
-4
17
3
-5
-2
7
-9
-16
8
8
14
-12
4
-1
-6
-15
14
0
8
4
-6
-5
-16
6
-1
17
-3
-13
-10
-4
-5
7
0
17
-4
-29
7
-12
8
-7
24
-1
-3
-18
-1
0
4
0
-8
27
-17
13
-3
-12
-5
-2
16
10
5
-18
7
-13
-8
-2
26
14
-9
-17
-1
7
-10
9
25
5
-13
-17
3
-10
-14
10
23
9
3
-28
5
-28
1
-4
48
-1
-7
-10
-34
24
-53
48
-21
31
-11
8
-19
-8
-7
6
21
-7
30
-22
-2
-33
29
-35
52
-23
25
-18
18
-19
-4
-7
18
24
-28
21
-17
7
-19
-7
-7
31
-20
26
19
-37
10
-27
18
-5
34
-21
31
-44
-19
26
-12
1
10
15
-10
16
-44
31
-33
-16
2
65
-38
25
-10
-20
7
-49
30
13
15
0
28
-30
-24
-3
-4
50
-18
-17
48
-30
-3
-20
23
-1
-2
39
-21
23
-75
-2
34
-43
57
3
20
-11
-52
4
-11
-4
20
33
-2
-15
-29
-25
15
-14
26
42
-7
-8
-23
-9
-27
7
15
44
15
-63
53
-59
-17
53
-38
61
-30
-21
32
-23
-10
16
20
-32
19
27
-41
32
-55
17
51
-62
32
23
-39
7
4
-29
65
-89
106
-72
41
-61
65
-62
41
-20
12
27
-69
49
-19
23
-82
121
-98
50
-71
48
-27
39
-82
115
-43
-59
87
-79
62
-40
53
-29
62
-130
103
-25
-13
-27
97
-52
19
-12
-55
79
-113
101
22
-33
6
-27
71
-155
67
-36
76
14
-100
120
-73
-52
4
-2
85
-38
-23
89
-128
36
-38
65
-18
10
18
60
-93
6
-57
91
-23
-25
141
-127
41
-86
51
39
-79
28
47
15
-59
-10
24
22
-102
75
34
-3
14
-94
112
-111
-20
69
33
-6
-29
-4
26
-6
-128
107
32
17
-110
130
-94
19
-55
7
114
-58
5
-65
169
-232
148
-107
74
55
-120
86
-33
-12
-44
77
-50
88
-152
139
-67
15
-11
-9
95
-108
46
6
53
-145
132
-118
150
-114
16
52
-81
102
-157
187
-109
-15
35
-21
-23
56
-82
93
-15
-53
22
-11
11
-38
15
85
-107
91
-62
-3
45
-94
81
29
-70
28
-24
15
34
-57
39
-34
86
-107
80
-14
-5
-44
51
-87
158
-138
60
59
-103
44
-62
61
-33
39
-19
4
33
-77
12
19
5
-32
80
-54
22
-54
-3
66
-56
52
-71
117
-80
20
12
-12
-74
121
-163
190
-145
102
-52
5
1
-94
136
-137
134
-73
111
-191
191
-216
114
67
-164
275
-243
176
-200
181
-149
54
98
-137
233
-260
169
-134
134
-132
62
109
-184
176
-137
-3
94
-180
154
-110
71
-1
-44
79
-139
105
-42
-29
91
-20
-28
93
-118
39
10
-28
8
89
-120
115
-45
-57
100
-157
118
-77
80
-4
-80
157
-209
149
-63
-55
167
-186
78
75
-120
58
-66
83
-30
9
-5
-4
55
-131
67
83
-112
21
45
-39
28
-73
68
49
-24
-157
173
5
-113
41
19
33
-43
-90
94
35
-92
-23
156
-90
-117
134
-68
145
-178
75
49
-1
-128
92
73
-119
113
-161
220
-141
-41
35
85
-43
-70
70
-18
-25
44
-83
158
-119
-20
82
-45
-8
56
-80
120
-98
-14
32
-40
91
-109
157
-182
63
64
-122
79
40
-95
77
-85
57
-24
8
-32
63
35
-136
166
-131
109
-129
134
-85
88
-68
-44
179
-182
56
-9
42
-20
-47
57
-10
-59
25
-16
87
-60
-21
83
-99
54
-49
20
84
-123
92
-51
12
-30
48
-55
92
-4
-89
83
-47
-22
72
-71
5
94
-149
90
-52
80
-123
100
-80
58
-23
-55
97
-37
-27
-2
48
-10
-20
18
54
-34
-3
-6
-10
45
-50
-24
147
-92
-76
121
-89
4
72
-76
26
71
-194
164
-69
-40
102
-65
44
-68
30
-36
25
58
-54
22
16
-54
33
-35
66
-2
12
-19
-25
24
-37
-11
68
-3
-56
53
-117
132
-112
59
-24
70
-59
-28
66
-89
80
-70
122
-84
45
-67
39
59
-66
7
49
-25
-49
78
-103
114
-66
-78
91
-21
-42
41
55
-117
77
-49
15
83
-76
-16
64
-16
-97
106
-43
-11
-32
17
-7
77
-131
39
14
29
-29
-24
88
-132
104
-94
91
-7
-32
-8
51
9
-90
135
-133
165
-115
77
-34
-10
11
-51
125
-78
26
-46
14
-6
-16
14
-12
7
4
-71
36
2
-14
-13
15
5
13
-26
0
52
-15
-32
48
24
-26
3
21
4
32
-40
-8
42
-52
-9
29
-2
3
-43
-37
29
-10
-26
33
62
-67
26
-29
28
31
-44
62
-5
16
-88
88
-32
6
-32
-25
96
-92
6
7
59
-91
25
-50
88
-67
-5
26
45
-69
-32
56
-35
30
-58
70
33
-40
-41
78
-24
36
-48
44
24
-63
9
12
45
-78
48
-19
15
-36
-10
13
0
-54
27
42
-22
-21
-23
37
5
-7
-5
58
-19
-16
3
24
-29
15
15
15
14
-64
5
-1
17
2
-9
16
-85
-13
-22
40
58
-38
15
-15
-22
7
21
67
16
-9
-33
-5
-5
-22
55
13
19
-60
-23
-27
29
-13
34
36
-52
-19
-33
-27
71
-13
31
18
-61
-11
-4
49
56
6
0
-24
-21
-25
36
62
4
-3
-26
-24
-4
-33
24
31
-21
-27
-36
-1
-18
-24
29
22
-22
-39
-5
6
32
9
32
30
-51
-13
4
50
18
0
36
-12
-9
-60
-20
21
-3
23
4
-14
-47
-55
-20
30
36
6
12
3
-8
-13
9
47
50
25
6
-9
-27
-25
4
31
18
-20
-24
-24
-37
-31
0
28
5
-23
-42
-28
-8
-20
33
39
9
-14
-27
18
25
32
37
22
5
-22
-11
20
32
25
9
-25
-40
-38
-34
0
20
-5
-22
-29
-46
-35
12
42
38
3
-28
-12
23
51
65
59
24
-20
-34
-8
20
33
28
2
-41
-82
-90
-51
2
25
6
-30
-62
-66
-45
4
55
73
53
23
11
20
35
47
92
100
70
12
-37
-16
-19
-10
-5
-31
-57
-121
-110
-74
-72
-60
-59
1
-14
-44
2
37
81
47
88
124
110
93
85
133
66
43
16
60
16
-114
-121
-188
-137
-205
-128
-36
-81
-54
-106
19
-33
-36
45
128
171
110
104
125
83
57
123
156
141
9
-40
-21
-33
-34
-41
-6
-84
-172
-228
-167
-148
-148
-75
-36
28
-60
-56
-44
6
72
137
242
250
190
154
137
151
119
116
134
77
-15
-115
-179
-206
-228
-225
-222
-191
-184
-210
-199
-137
-86
-78
9
103
143
163
199
281
257
229
229
235
217
116
97
54
-43
-147
-193
-159
-206
-273
-312
-307
-281
-266
-174
-39
42
1
24
129
176
200
264
393
385
263
195
133
80
60
97
208
-22
-308
-534
-480
-365
-356
-130
-52
-101
-288
-289
-72
-54
61
249
494
449
232
150
142
192
195
349
450
332
33
-184
-169
-176
-188
-162
-132
-241
-392
-437
-319
-237
-168
-128
-18
57
2
-31
0
106
178
227
316
309
245
169
159
184
175
175
181
147
63
-22
-84
-148
-212
-244
-262
-321
-388
-410
-411
-428
-411
-294
-157
-100
-83
1
151
283
408
555
651
591
464
452
553
610
500
342
140
-128
-400
-558
-498
-468
-518
-591
-615
-624
-735
-723
-548
-263
-5
181
387
498
546
564
648
797
855
878
876
835
648
361
64
-269
-498
-608
-659
-671
-660
-629
-837
-1229
-1327
-1141
-608
-224
188
596
697
621
509
828
1060
978
888
993
1094
654
131
-179
-284
-452
-603
-481
-463
-750
-1052
-1037
-685
-518
-467
-373
-130
155
276
412
546
562
399
256
384
524
493
301
132
58
-64
-167
-197
-63
43
-60
-201
-273
-253
-273
-267
-93
111
183
-34
-346
-523
-574
-483
-264
96
357
262
13
-85
86
304
433
590
755
768
570
316
121
-62
-248
-309
-207
-128
-247
-527
-769
-858
-811
-655
-387
-44
253
407
434
432
428
414
450
597
747
750
572
298
-16
-368
-600
-643
-532
-418
-441
-475
-482
-445
-372
-255
-19
146
235
386
611
746
550
251
90
62
102
196
368
226
-391
-1069
-1318
-1095
-838
-488
125
709
900
682
556
466
185
6
187
607
526
-46
-549
-770
-722
-600
-163
266
270
-72
-401
-302
-59
173
346
572
897
1055
995
697
271
-256
-726
-867
-719
-594
-740
-961
-969
-744
-493
-322
-156
69
346
612
850
1006
991
823
713
819
985
889
443
-158
-689
-1042
-1210
-1219
-1104
-954
-851
-716
-430
-106
10
-67
-66
135
399
630
828
935
875
717
593
501
359
131
-109
-243
-258
-266
-334
-378
-312
-160
14
138
111
-131
-460
-633
-529
-256
3
194
354
457
394
145
-149
-317
-265
-28
260
405
336
168
58
134
362
608
675
582
455
300
-37
-501
-738
-721
-458
-144
125
42
-688
-1552
-2089
-1864
-1263
-640
143
924
1615
1883
2000
1945
1452
872
536
638
566
18
-659
-1157
-1168
-961
-649
-392
-456
-666
-896
-788
-530
-472
-471
-345
171
815
1360
1611
1409
978
462
115
-104
-312
-540
-722
-601
-328
-128
-157
-363
-444
-347
-60
172
208
68
-180
-202
-15
292
506
499
362
141
-55
-325
-589
-617
-408
-87
216
411
343
41
-242
-278
-42
312
582
654
570
367
73
-214
-395
-464
-475
-441
-344
-211
-126
-123
-115
-11
160
307
400
467
521
531
441
266
56
-143
-262
-217
-29
122
115
-76
-364
-621
-740
-733
-604
-312
-22
153
175
156
121
56
173
445
792
907
717
488
334
335
321
276
9
-691
-1515
-2087
-2182
-2007
-1599
-800
187
1114
1694
1918
1759
1277
852
613
613
482
150
-176
-354
-258
-198
-131
-172
-320
-408
-448
-369
-476
-757
-1060
-1112
-674
73
908
1469
1692
1614
1272
775
125
-499
-1007
-1240
-1097
-776
-445
-339
-382
-415
-330
-38
272
583
815
938
918
714
438
75
-254
-421
-380
-243
-245
-424
-666
-836
-905
-844
-624
-328
-97
27
128
253
390
512
652
843
1001
985
760
455
184
-34
-174
-196
-155
-175
-276
-384
-463
-538
-606
-608
-493
-288
-97
19
70
83
58
78
220
457
664
780
787
663
424
105
-140
-307
-417
-480
-521
-489
-510
-516
-499
-464
-329
-77
392
908
1328
1505
1345
949
297
-458
-1201
-1748
-1929
-1845
-1421
-837
-186
362
638
852
999
1297
1585
1666
1442
747
-23
-688
-932
-792
-520
-195
-71
-10
-34
-88
-143
-310
-462
-603
-614
-498
-319
-47
224
555
871
1089
1118
843
447
55
-160
-253
-404
-651
-1004
-1242
-1273
-1062
-676
-257
126
415
634
758
750
598
404
291
278
275
193
49
-98
-188
-182
-91
22
71
16
-138
-377
-691
-984
-1091
-891
-430
88
437
510
373
234
282
562
941
1222
1279
1128
860
541
182
-202
-540
-729
-720
-577
-435
-410
-518
-677
-754
-656
-407
-123
103
260
375
437
399
279
169
161
269
418
489
374
65
-297
-508
-457
-217
55
240
342
425
497
490
333
-14
-482
-902
-1087
-1012
-801
-618
-513
-442
-352
-151
121
492
858
1052
1036
738
363
48
-51
171
520
816
805
460
-44
-488
-637
-457
-82
223
237
-65
-477
-760
-819
-725
-602
-490
-372
-207
15
229
323
226
29
-69
67
399
750
926
846
566
229
-12
-69
34
184
270
189
-137
-673
-1225
-1537
-1464
-1075
-604
-306
-266
-363
-368
-125
339
820
1109
1135
990
807
652
515
375
249
177
169
185
148
-5
-281
-602
-825
-828
-604
-274
-1
105
39
-103
-193
-147
28
261
473
593
569
410
196
41
2
63
163
258
307
286
181
-18
-294
-615
-880
-956
-775
-387
6
222
204
40
-74
-19
205
450
512
310
-93
-474
-642
-531
-185
225
534
576
335
-46
-350
-375
-141
197
416
413
267
123
96
134
136
45
-79
-101
-7
134
169
20
-244
-485
-531
-353
-66
174
255
233
187
177
216
288
398
531
622
581
332
-97
-568
-905
-1016
-942
-790
-631
-478
-311
-137
3
67
55
20
32
134
275
364
331
209
95
59
102
173
218
211
134
-9
-191
-363
-464
-445
-303
-109
25
23
-87
-193
-181
-20
221
431
526
502
415
344
350
440
568
666
659
506
204
-178
-513
-672
-605
-386
-182
-144
-315
-594
-795
-770
-494
-78
306
542
612
557
428
273
144
114
223
435
623
629
343
-212
-854
-1305
-1325
-908
-259
282
462
262
-174
-548
-663
-446
-1
432
660
569
258
-58
-168
14
373
728
906
870
673
419
180
-28
-214
-376
-474
-465
-360
-225
-153
-193
-320
-442
-459
-312
-42
225
364
340
226
120
84
119
183
218
169
8
-248
-534
-752
-815
-681
-400
-103
71
65
-51
-135
-79
112
335
484
503
409
236
-3
-290
-555
-671
-534
-193
145
264
99
-208
-405
-326
-6
377
649
766
792
788
744
631
471
346
329
395
427
290
-51
-500
-898
-1119
-1142
-1004
-752
-415
-37
292
472
465
334
215
223
378
602
780
831
738
530
257
-38
-301
-485
-579
-631
-735
-932
-1147
-1236
-1095
-755
-369
-75
54
94
165
344
638
914
1058
960
619
174
-201
-331
-213
29
223
240
68
-221
-478
-571
-443
-138
235
565
735
710
523
270
70
-34
5
171
382
536
502
270
-126
-572
-927
-1084
-968
-644
-257
3
-2
-248
-568
-712
-526
-64
461
782
773
499
153
-85
-172
-184
-211
-271
-304
-266
-201
-203
-323
-493
-570
-446
-121
285
608
754
717
580
448
386
413
497
560
509
278
-101
-482
-689
-636
-372
-58
134
118
-49
-202
-177
63
409
703
835
789
611
384
178
37
-38
-63
-80
-135
-278
-505
-752
-922
-946
-807
-548
-238
42
215
234
113
-49
-118
-28
201
431
539
466
238
-29
-254
-366
-389
-362
-322
-303
-280
-272
-238
-157
-9
201
383
488
480
435
432
520
665
739
670
442
174
-7
-50
1
27
-27
-151
-274
-315
-296
-267
-302
-379
-389
-281
-68
131
211
155
12
-125
-206
-228
-222
-209
-191
-172
-176
-231
-338
-450
-490
-410
-228
-13
145
190
125
5
-103
-159
-160
-114
-14
140
309
395
317
90
-162
-277
-161
134
450
612
554
347
158
112
223
396
528
553
491
376
246
111
-14
-104
-139
-140
-145
-185
-237
-248
-194
-111
-73
-122
-223
-282
-225
-67
93
138
44
-109
-198
-180
-127
-156
-302
-458
-467
-267
19
179
78
-220
-486
-526
-289
82
367
444
297
73
-92
-126
-20
138
288
361
348
295
267
324
437
519
485
341
192
155
286
469
539
364
-19
-389
-548
-410
-121
84
64
-182
-468
-617
-559
-365
-187
-107
-122
-168
-201
-210
-204
-209
-215
-239
-244
-222
-178
-113
-76
-66
-100
-156
-168
-107
52
226
309
250
88
-46
-47
76
207
217
75
-117
-219
-176
-58
6
-36
-126
-135
0
227
411
457
386
298
280
331
396
425
406
363
311
232
101
-70
-214
-261
-200
-102
-62
-112
-197
-232
-172
-78
-25
-49
-87
-41
108
272
308
149
-135
-372
-417
-277
-80
-11
-137
-358
-538
-546
-409
-219
-64
-2
20
26
62
134
218
321
402
441
407
308
210
176
252
385
484
465
320
127
-23
-65
3
128
225
247
181
61
-56
-147
-192
-198
-151
-70
-1
9
-91
-282
-485
-611
-591
-463
-310
-235
-261
-348
-437
-477
-458
-389
-290
-192
-111
-62
-39
-29
-27
-15
1
23
52
86
129
157
151
103
38
9
40
117
190
210
170
104
69
99
183
276
341
369
370
356
325
275
217
178
193
267
356
380
270
47
-186
-296
-233
-61
103
162
100
-37
-176
-263
-276
-230
-136
-10
114
195
169
32
-176
-366
-422
-321
-99
106
174
75
-151
-369
-475
-428
-250
-33
140
212
179
83
-9
-46
-8
89
207
312
377
388
340
245
141
74
72
121
171
171
116
46
5
21
34
0
-102
-226
-276
-238
-133
-47
-42
-109
-221
-304
-346
-348
-323
-281
-209
-127
-81
-123
-254
-407
-478
-407
-221
-24
76
34
-101
-230
-269
-213
-106
-10
48
77
97
117
124
110
83
70
103
197
334
461
512
453
305
149
72
130
293
469
553
486
302
94
-35
-32
84
238
351
362
276
131
-16
-127
-173
-155
-81
22
124
175
134
-15
-242
-448
-523
-410
-151
115
219
80
-249
-597
-759
-651
-336
-5
166
118
-85
-291
-393
-355
-225
-80
55
160
237
244
160
20
-103
-130
-35
140
315
420
419
339
199
60
-33
-40
72
233
371
385
245
30
-172
-251
-205
-79
43
90
53
-45
-154
-230
-259
-242
-192
-118
-39
17
13
-59
-168
-259
-281
-231
-147
-88
-90
-144
-207
-232
-203
-134
-62
-15
0
-9
-24
-21
14
84
172
250
285
261
192
118
84
109
187
277
335
332
258
149
50
11
54
160
278
342
325
236
121
26
-22
-20
18
72
118
133
89
-15
-157
-283
-343
-317
-230
-141
-108
-151
-253
-350
-397
-385
-343
-305
-290
-278
-250
-203
-165
-175
-223
-279
-291
-229
-122
5
100
144
151
120
106
116
165
255
353
454
507
505
459
400
374
375
399
424
438
446
438
421
380
303
200
91
11
-23
-23
-17
-40
-100
-192
-287
-356
-386
-395
-404
-429
-455
-461
-439
-403
-381
-397
-451
-498
-489
-401
-261
-134
-77
-111
-197
-268
-262
-171
-32
89
152
155
123
92
88
112
151
188
225
266
313
344
338
283
198
134
125
182
270
329
316
226
110
26
16
76
151
196
179
109
29
-26
-38
-23
-8
-21
-54
-94
-120
-131
-141
-159
-196
-226
-234
-198
-132
-86
-103
-186
-275
-308
-258
-143
-33
26
5
-68
-123
-129
-59
45
138
195
192
172
156
169
217
258
291
296
295
307
324
343
338
304
258
218
214
244
280
285
228
121
1
-79
-97
-67
-32
-37
-101
-207
-309
-369
-376
-351
-331
-337
-372
-413
-437
-433
-413
-398
-406
-424
-425
-385
-305
-218
-165
-164
-202
-232
-213
-133
-22
69
108
86
39
6
20
78
152
217
261
292
313
325
319
296
267
246
255
298
362
411
408
344
246
155
113
148
231
321
339
265
141
8
-61
-76
-47
-2
12
-1
-58
-132
-196
-244
-262
-255
-235
-212
-207
-223
-248
-273
-292
-287
-253
-188
-113
-60
-34
-37
-53
-58
-44
1
70
139
201
230
235
226
214
219
233
261
287
304
309
294
266
220
168
121
92
89
102
107
77
8
-77
-154
-204
-224
-222
-215
-220
-243
-281
-321
-351
-363
-353
-326
-289
-256
-232
-223
-229
-241
-240
-221
-173
-115
-69
-41
-38
-42
-42
-30
-4
24
50
71
85
95
103
111
123
134
141
142
140
140
147
154
157
152
142
133
129
130
135
136
132
127
120
115
112
107
99
96
100
110
121
129
127
114
93
70
50
33
21
14
10
2
-10
-34
-67
-102
-131
-142
-137
-121
-108
-108
-121
-142
-158
-158
-140
-105
-67
-31
-9
1
2
3
5
17
38
64
93
111
115
105
89
78
82
107
143
177
190
176
142
99
65
44
33
30
22
7
-20
-58
-101
-143
-171
-182
-181
-176
-182
-200
-231
-258
-275
-278
-265
-247
-227
-206
-185
-168
-157
-151
-143
-129
-104
-70
-34
-2
22
37
45
50
59
74
95
112
121
119
108
99
97
105
118
130
134
129
122
115
114
115
116
115
112
108
106
106
110
115
117
113
103
94
91
97
108
116
116
107
97
91
94
98
97
86
67
51
43
44
47
38
17
-13
-42
-62
-71
-75
-84
-101
-129
-156
-175
-179
-170
-155
-140
-133
-134
-139
-141
-135
-121
-104
-92
-86
-86
-85
-80
-73
-65
-59
-50
-36
-16
6
24
37
41
39
35
32
36
45
55
57
50
33
13
-1
-5
1
10
12
2
-15
-27
-28
-16
4
24
36
38
32
24
18
17
20
22
17
4
-12
-22
-24
-22
-24
-32
-41
-45
-38
-23
-12
-11
-19
-31
-37
-27
-4
21
39
42
36
27
22
27
37
48
57
60
62
62
59
57
58
67
82
99
112
112
104
90
78
72
72
72
68
56
37
12
-12
-33
-43
-50
-50
-50
-51
-52
-60
-74
-89
-100
-99
-86
-71
-62
-65
-77
-89
-98
-96
-87
-78
-70
-65
-60
-56
-49
-41
-35
-27
-17
-4
12
29
40
45
43
37
32
34
43
58
74
82
82
78
73
73
79
88
95
97
92
86
80
74
69
63
54
44
35
24
12
-3
-15
-28
-37
-48
-63
-80
-96
-109
-116
-116
-117
-117
-117
-118
-118
-114
-109
-105
-101
-96
-88
-75
-62
-51
-45
-43
-42
-36
-24
-11
4
15
23
31
42
55
65
72
73
71
70
68
65
61
54
50
50
53
56
55
50
46
42
42
41
40
38
37
40
48
56
62
61
57
51
44
41
39
37
33
31
25
20
13
7
4
4
6
2
-1
-6
-6
-5
-8
-14
-22
-31
-35
-33
-32
-28
-25
-25
-23
-21
-18
-17
-18
-20
-22
-21
-20
-18
-16
-15
-13
-13
-15
-17
-20
-20
-19
-21
-25
-28
-29
-31
-33
-38
-44
-49
-51
-50
-46
-45
-44
-46
-49
-52
-52
-45
-37
-31
-30
-36
-42
-43
-35
-23
-14
-10
-10
-10
-8
-4
1
4
5
7
11
17
24
30
35
39
38
37
37
38
42
50
58
63
63
60
57
57
60
63
65
65
65
66
67
66
62
56
52
50
51
54
54
52
47
42
37
33
27
19
12
6
1
-4
-6
-7
-4
-3
-7
-17
-34
-46
-51
-46
-41
-40
-45
-55
-64
-63
-57
-51
-47
-48
-51
-51
-50
-50
-51
-57
-58
-56
-52
-53
-56
-60
-61
-56
-49
-40
-34
-30
-26
-20
-13
-8
-5
-4
-5
-6
-4
-1
3
6
11
16
18
18
14
11
11
16
22
27
31
33
34
31
29
26
26
26
27
27
26
25
21
22
26
23
19
11
5
4
8
12
14
12
8
4
1
2
12
28
47
56
52
45
41
43
49
52
49
42
28
12
0
-2
-1
0
-1
-1
-2
-7
-14
-17
-13
-7
-9
-19
-33
-42
-38
-28
-18
-21
-32
-42
-41
-30
-18
-10
-5
-3
-2
0
0
-1
1
4
9
5
-7
-17
-26
-23
-23
-25
-36
-54
-66
-67
-62
-57
-60
-64
-64
-55
-43
-36
-32
-27
-17
-1
16
30
35
41
50
60
68
72
70
64
61
60
59
52
42
33
22
11
-7
-18
-21
-21
-28
-42
-56
-65
-67
-62
-53
-42
-29
-16
-2
6
19
39
66
90
106
112
110
101
98
99
107
106
91
64
34
6
-16
-29
-40
-53
-68
-87
-105
-120
-124
-114
-97
-82
-74
-70
-63
-46
-26
1
21
32
37
43
59
77
91
94
92
86
77
67
53
41
32
22
4
-27
-59
-84
-95
-98
-104
-119
-140
-154
-148
-122
-91
-71
-63
-55
-39
-15
11
40
67
88
101
104
102
103
108
117
123
116
93
58
24
2
-10
-12
-21
-37
-63
-87
-106
-116
-113
-93
-66
-45
-47
-56
-62
-50
-18
27
59
68
56
44
50
80
115
138
136
116
91
75
74
82
85
75
46
5
-36
-61
-65
-58
-53
-63
-88
-120
-137
-127
-100
-69
-52
-50
-53
-61
-53
-18
36
81
95
79
53
40
52
84
111
108
72
21
-16
-27
-14
4
7
-16
-57
-99
-118
-113
-87
-58
-44
-59
-93
-116
-105
-60
1
49
64
41
2
-23
-9
35
87
112
94
40
-20
-48
-27
28
78
83
39
-24
-67
-65
-13
56
107
109
60
-1
-26
6
73
129
138
96
24
-44
-71
-46
1
26
-1
-60
-123
-154
-142
-92
-33
0
-7
-37
-65
-60
-11
64
126
141
109
56
28
46
97
149
164
130
64
5
-18
-3
30
46
15
-64
-159
-222
-222
-173
-122
-110
-150
-215
-255
-236
-159
-61
6
19
-7
-27
-3
70
168
242
267
240
183
141
141
180
223
221
155
39
-75
-138
-137
-98
-77
-111
-200
-297
-351
-328
-243
-141
-74
-60
-89
-117
-105
-29
99
223
281
246
165
120
161
270
378
420
369
251
136
87
109
156
158
86
-44
-185
-292
-331
-309
-260
-234
-265
-348
-432
-448
-360
-198
-45
28
17
-17
0
107
266
406
465
443
379
319
294
309
338
336
267
136
-21
-148
-210
-208
-181
-204
-309
-456
-552
-537
-440
-335
-265
-251
-268
-292
-289
-176
8
183
256
234
239
239
269
328
457
622
656
549
328
172
130
132
130
62
-12
-119
-278
-454
-578
-589
-539
-491
-461
-432
-419
-415
-371
-252
-98
14
88
186
336
486
578
605
585
555
535
526
509
468
395
291
173
55
-61
-188
-311
-385
-393
-369
-370
-406
-458
-500
-513
-485
-430
-347
-231
-98
-2
24
19
44
125
261
421
542
559
479
386
360
391
408
357
234
82
-46
-132
-189
-221
-243
-300
-414
-539
-594
-547
-418
-260
-137
-95
-134
-194
-181
-24
242
483
559
462
306
222
255
363
473
498
386
166
-58
-181
-183
-118
-62
-83
-209
-391
-517
-496
-342
-169
-94
-150
-274
-354
-299
-115
79
167
146
73
-9
-62
-6
186
402
490
441
337
216
77
-5
84
307
471
436
258
57
-139
-359
-528
-520
-366
-228
-114
89
261
13
-810
-1695
-1825
-927
389
1269
1373
879
73
-733
-1072
-638
308
1205
1775
2040
1902
1079
-327
-1505
-1544
-412
972
1667
1436
582
-469
-1315
-1648
-1412
-880
-402
-20
439
804
590
-281
-1211
-1508
-1037
-135
784
1383
1440
870
-58
-714
-811
-550
-131
321
737
900
498
-271
-925
-1183
-941
-414
165
639
701
362
-54
-296
-238
-81
75
342
572
599
387
5
-277
-445
-577
-554
-413
-266
-185
-237
-345
-484
-626
-588
-283
245
558
431
257
293
558
838
964
1024
1049
798
350
116
30
77
124
174
412
99
-1113
-2551
-3143
-2082
-349
584
551
-123
-850
-1299
-1463
-754
558
1519
2086
2370
2427
2005
630
-757
-871
278
1812
2466
1924
863
-402
-1443
-1821
-1517
-745
-267
-312
-308
-246
-373
-852
-1526
-1713
-1367
-758
89
820
1196
1004
193
-543
-789
-541
109
723
1233
1540
1302
663
-225
-1023
-1175
-606
529
1558
1592
754
-395
-1157
-1106
-636
19
428
314
-51
-489
-730
-895
-1160
-1289
-1050
-439
121
237
9
-189
-166
32
312
602
795
805
787
890
952
707
211
-67
138
609
985
1057
848
347
-382
-969
-999
-591
-165
-65
-249
-553
-1547
-2966
-3823
-3177
-965
911
1547
1119
228
-230
-430
3
1333
2706
3543
3448
2781
2270
1304
-102
-1092
-1069
264
1353
1241
375
-900
-1899
-2429
-2378
-1696
-917
-584
-553
-419
-289
-364
-886
-1488
-1448
-754
419
1602
2227
2193
1408
334
-180
-17
563
1063
1007
757
361
-277
-766
-1351
-1634
-1570
-1424
-580
383
1111
1271
542
-58
-338
-298
211
631
905
830
159
-391
-880
-1364
-1575
-1653
-1090
-250
258
332
-137
-597
-657
-205
572
1208
1234
669
76
-189
17
305
372
436
500
650
825
946
1110
1113
788
272
-84
-334
-456
-473
-515
-539
-1342
-2851
-4130
-4204
-2324
41
1367
1553
843
149
-238
-164
1021
2598
3679
3978
3204
2064
741
-940
-1708
-1110
431
1881
1698
425
-1061
-2207
-2491
-2220
-1315
-312
-55
-461
-903
-891
-695
-717
-797
-518
-7
507
1020
1485
1674
1291
424
-229
-269
-45
378
588
681
716
173
-211
-460
-648
-336
54
670
1088
626
-127
-699
-720
-238
-221
-543
-859
-1137
-1035
-989
-900
-780
-964
-1123
-1042
-600
-92
272
543
853
1189
1177
940
775
830
1055
1210
1121
813
327
-251
-636
-588
-133
237
100
-303
-500
-373
-60
143
193
357
338
208
74
46
244
-533
-2155
-3197
-2722
-623
941
827
-98
-1159
-1293
-865
-415
711
1777
2483
2741
2246
1790
874
-471
-988
-418
1248
2441
1824
372
-1034
-1656
-1443
-952
-115
597
561
47
-310
-319
-344
-657
-1007
-892
-540
-381
-301
-212
-72
-111
-402
-471
-140
346
653
828
1023
1297
1280
806
479
327
356
302
-101
-261
-339
-427
-515
-1019
-1484
-1707
-1746
-1431
-1264
-1198
-876
-619
-328
-226
-439
-316
-12
553
1379
1784
1983
1749
1274
1252
1379
1673
1679
1104
466
-218
-815
-1256
-1589
-1600
-1370
-1207
-1224
-1332
-1446
-1224
-630
37
780
1123
1027
862
505
486
331
-629
-1568
-1974
-936
901
1516
1035
-121
-883
-415
252
1227
2182
2346
2252
1621
828
159
-1055
-1887
-1659
-439
1023
1168
93
-1129
-1612
-1159
-430
320
996
1187
777
243
98
274
259
-37
-149
83
320
260
109
193
287
68
-354
-577
-471
-305
-216
-126
11
101
-16
-389
-672
-689
-594
-448
-518
-523
-390
-286
-106
-330
-602
-635
-547
-129
2
-27
64
80
271
150
-138
-199
-148
214
571
790
815
507
188
164
446
718
682
290
-186
-583
-810
-791
-638
-526
-449
-409
-417
-259
-133
116
420
646
1054
1125
1040
862
503
300
-429
-1625
-2369
-1972
-319
962
599
-606
-1506
-1225
-249
459
1173
1626
1706
1563
1184
1023
562
-240
-609
-193
1020
1636
1143
310
-287
-234
-203
-123
304
687
661
-60
-720
-864
-720
-583
-543
-339
-164
-283
-519
-441
-107
67
-44
-146
8
135
-69
-449
-597
-391
-37
159
155
6
-272
-468
-499
-425
-330
-368
-495
-490
-477
-473
-396
-373
-171
-78
-138
-49
25
355
467
241
148
-61
-41
107
245
558
538
411
326
348
590
543
312
66
-137
-243
-352
-370
-351
-445
-595
-480
-66
348
459
356
427
797
1104
1132
1029
838
638
-44
-1090
-1677
-1435
-300
432
75
-693
-1330
-1104
-485
35
584
803
1001
1058
815
517
-47
-512
-582
-128
664
1003
628
-29
-403
-296
21
303
673
952
976
701
265
81
-37
-75
-3
88
156
-122
-517
-692
-641
-496
-631
-915
-911
-729
-468
-376
-556
-633
-773
-832
-628
-273
239
394
136
-157
-298
-155
25
138
361
599
652
488
150
-133
-248
-257
-124
25
-21
-286
-637
-870
-868
-677
-379
-66
190
447
705
856
892
883
960
1137
1162
944
689
519
538
639
635
497
287
233
410
622
624
386
28
-296
-455
-541
-553
-844
-1722
-2611
-3020
-2436
-1281
-717
-688
-959
-813
-100
369
749
938
1103
1355
1283
1228
1153
873
569
293
353
737
882
777
579
503
649
653
598
544
477
297
-72
-343
-482
-553
-660
-764
-773
-692
-581
-543
-582
-841
-1173
-1292
-1043
-471
-30
80
-82
-397
-591
-524
-168
386
787
892
811
635
496
362
238
215
197
166
107
-28
-154
-370
-613
-729
-705
-567
-505
-528
-510
-438
-272
-127
2
216
484
822
1083
1202
1216
1104
990
912
883
860
638
258
-153
-426
-450
-418
-351
-285
-249
-180
-241
-318
-372
-444
-340
-216
-59
-33
-456
-1044
-1582
-1673
-1178
-699
-423
-438
-490
-202
120
364
471
484
722
962
1033
1044
1015
1091
1081
860
689
597
647
692
670
783
852
745
395
14
-97
-86
-114
-269
-464
-551
-646
-811
-949
-982
-840
-688
-656
-626
-551
-331
-60
123
220
155
43
-9
67
313
553
640
470
104
-196
-301
-222
-106
-88
-134
-237
-346
-413
-450
-454
-511
-605
-617
-523
-345
-251
-294
-356
-330
-144
126
402
616
688
661
636
727
854
806
529
151
-76
-102
-67
-121
-357
-616
-700
-526
-106
336
673
851
806
637
408
258
320
421
422
225
-167
-575
-1041
-1458
-1554
-1299
-758
-324
-199
-186
-247
-270
-232
-101
212
432
392
197
82
262
509
556
423
315
427
698
967
1148
1168
1005
746
534
474
479
415
280
118
36
31
54
47
-64
-206
-295
-280
-170
-88
-69
-146
-332
-576
-816
-916
-853
-759
-759
-847
-892
-834
-750
-697
-628
-475
-251
-77
-10
-17
-35
5
74
148
177
115
18
-64
-54
37
102
91
25
23
147
305
400
379
297
235
200
194
203
249
321
336
269
156
72
82
165
308
471
560
535
413
279
207
164
117
47
-49
-118
-187
-284
-414
-632
-843
-922
-810
-549
-375
-334
-375
-448
-463
-420
-255
-31
81
22
-92
-27
249
514
566
449
391
539
857
1185
1375
1318
1039
760
705
900
1060
917
526
172
116
261
349
191
-173
-510
-653
-546
-351
-293
-466
-777
-1025
-1087
-990
-881
-893
-1013
-1111
-1082
-958
-839
-775
-704
-557
-374
-250
-215
-190
-90
115
375
579
625
502
291
125
105
238
412
474
354
129
-43
-60
25
92
85
70
112
177
181
106
23
4
44
103
151
161
132
115
192
398
665
843
834
658
461
404
497
601
571
406
186
-88
-448
-813
-1014
-942
-709
-563
-597
-755
-939
-1054
-1037
-831
-466
-181
-158
-293
-317
-62
311
510
494
466
617
944
1268
1449
1446
1280
1051
912
943
1038
973
669
302
99
88
74
-112
-413
-641
-671
-555
-432
-418
-535
-715
-833
-819
-710
-600
-530
-488
-477
-515
-571
-558
-441
-284
-177
-134
-107
-69
-44
-57
-96
-129
-135
-109
-64
-56
-168
-401
-597
-589
-370
-117
5
-18
-104
-170
-167
-70
106
299
444
510
514
477
429
404
435
528
645
731
760
754
751
752
715
602
433
281
216
236
269
214
14
-330
-738
-1039
-1058
-787
-461
-360
-549
-838
-987
-914
-695
-450
-270
-207
-234
-243
-136
59
205
214
177
276
576
930
1118
1074
928
843
881
980
1051
1039
930
756
576
441
345
230
65
-86
-150
-147
-211
-409
-658
-797
-771
-677
-642
-707
-832
-939
-951
-831
-631
-485
-486
-570
-574
-410
-186
-65
-89
-162
-181
-130
-42
43
74
14
-110
-208
-223
-185
-152
-143
-143
-150
-165
-174
-158
-102
-12
98
213
312
378
413
449
501
563
634
732
845
902
847
749
728
792
820
681
417
163
20
18
52
-2
-258
-705
-1115
-1261
-1061
-714
-543
-653
-927
-1096
-1016
-757
-454
-250
-160
-135
-67
126
389
590
631
604
666
855
1070
1156
1120
1035
961
917
853
770
650
504
393
327
288
160
-106
-423
-629
-635
-526
-456
-523
-702
-886
-965
-897
-736
-582
-509
-496
-488
-440
-357
-253
-141
-39
30
51
36
32
75
144
179
136
33
-71
-123
-134
-139
-184
-272
-360
-392
-349
-289
-276
-308
-324
-284
-199
-100
-5
82
162
239
310
364
393
432
527
666
775
799
748
683
630
570
484
382
299
253
221
144
-45
-345
-642
-773
-652
-392
-241
-327
-571
-756
-739
-557
-322
-151
-67
-26
19
126
272
395
411
361
391
557
749
823
756
614
469
365
328
349
385
375
295
171
29
-107
-215
-256
-211
-118
-71
-141
-314
-485
-544
-484
-344
-216
-197
-295
-461
-536
-467
-309
-167
-139
-196
-281
-312
-239
-112
-20
-32
-109
-160
-128
-45
16
-6
-106
-218
-280
-261
-178
-86
-49
-95
-196
-291
-331
-289
-173
-19
111
171
153
99
69
115
255
462
645
718
662
552
491
520
583
585
489
349
265
268
302
246
-1
-355
-616
-620
-401
-189
-165
-367
-638
-769
-700
-484
-291
-203
-184
-162
-48
111
244
281
251
311
508
765
929
896
746
592
539
587
643
638
522
334
167
68
23
-51
-187
-348
-470
-527
-534
-516
-500
-505
-537
-574
-584
-546
-463
-350
-232
-135
-84
-88
-122
-139
-104
-31
42
69
32
-51
-142
-192
-185
-146
-128
-171
-260
-341
-358
-312
-247
-213
-222
-245
-240
-185
-87
22
105
166
227
308
388
429
431
444
500
581
623
588
496
416
399
427
429
326
142
-32
-93
-31
28
-44
-283
-572
-718
-660
-450
-275
-265
-378
-500
-492
-366
-189
-46
11
50
100
184
297
396
453
450
456
507
599
698
755
743
654
530
424
383
406
432
393
275
116
-37
-152
-240
-314
-380
-433
-472
-517
-589
-692
-790
-838
-806
-709
-587
-483
-424
-405
-395
-361
-277
-157
-21
103
193
232
218
169
122
105
128
167
182
139
37
-89
-195
-257
-277
-276
-273
-263
-232
-175
-111
-64
-42
-16
58
205
393
549
609
578
515
493
551
661
748
753
679
559
431
298
164
39
-67
-137
-178
-245
-395
-654
-939
-1110
-1098
-933
-741
-632
-629
-696
-715
-628
-454
-242
-55
156
391
618
783
827
801
756
801
965
1183
1347
1333
1144
844
550
357
279
270
242
134
-50
-258
-441
-580
-670
-725
-738
-699
-611
-524
-483
-491
-517
-535
-510
-422
-265
-89
55
122
99
20
-40
-24
64
161
201
154
41
-86
-180
-222
-225
-218
-232
-274
-340
-424
-508
-560
-533
-424
-282
-180
-164
-218
-281
-279
-170
32
261
454
563
581
530
464
435
478
586
731
861
917
860
697
480
276
136
78
83
113
115
50
-108
-359
-642
-863
-902
-750
-489
-275
-228
-332
-500
-578
-506
-309
-74
97
215
292
374
448
481
488
470
500
588
690
752
720
637
529
451
409
336
212
34
-113
-187
-200
-178
-183
-232
-355
-540
-739
-895
-942
-831
-588
-316
-139
-135
-279
-460
-539
-435
-175
143
405
542
538
426
256
86
-30
-61
3
125
238
258
134
-112
-394
-603
-659
-549
-332
-112
11
-6
-135
-288
-361
-303
-134
66
236
339
382
398
409
421
425
404
370
358
384
437
490
513
502
447
331
153
-56
-231
-315
-290
-197
-116
-129
-282
-555
-863
-1089
-1157
-1044
-791
-476
-196
-42
-60
-217
-393
-430
-223
196
689
1093
1295
1266
1063
798
588
520
612
816
1030
1127
1005
664
221
-169
-395
-426
-319
-160
-46
-36
-157
-375
-625
-814
-866
-765
-570
-369
-239
-204
-245
-316
-373
-387
-340
-232
-83
59
149
181
178
170
163
140
79
-31
-164
-265
-290
-239
-167
-140
-198
-351
-573
-797
-934
-905
-681
-308
96
371
407
222
-34
-170
-73
250
689
1092
1332
1334
1102
720
334
98
115
364
698
902
825
464
-36
-483
-749
-790
-638
-372
-109
21
-68
-361
-724
-973
-986
-766
-429
-124
50
90
56
10
-10
2
62
184
363
561
717
797
805
773
722
641
506
326
158
77
108
186
208
96
-145
-454
-745
-952
-1018
-916
-652
-295
16
128
-17
-323
-576
-584
-298
160
613
915
1007
897
622
246
-115
-312
-236
82
445
601
411
-52
-568
-925
-1040
-946
-726
-437
-142
59
62
-168
-524
-808
-844
-602
-217
111
264
271
224
167
62
-113
-271
-264
-10
397
746
866
745
514
312
181
79
-15
-47
67
307
520
515
227
-227
-627
-822
-794
-615
-350
-44
255
442
390
82
-310
-511
-330
190
790
1170
1194
943
590
237
-90
-341
-418
-246
123
473
548
253
-245
-639
-721
-506
-153
191
479
712
847
793
505
79
-264
-329
-111
194
345
243
-19
-275
-450
-590
-759
-913
-914
-673
-273
72
180
52
-167
-329
-397
-425
-457
-441
-284
11
266
272
-34
-508
-893
-993
-785
-417
-37
290
552
678
557
179
-260
-465
-246
326
935
1241
1115
681
195
-196
-473
-599
-549
-262
177
534
601
269
-212
-500
-441
-52
390
722
914
966
939
761
430
39
-283
-340
-159
52
87
-99
-339
-482
-506
-496
-548
-638
-623
-388
0
346
488
429
283
160
77
-30
-191
-313
-252
14
304
373
111
-346
-733
-847
-667
-315
84
471
816
1022
959
608
153
-112
5
458
976
1239
1103
659
105
-413
-836
-1118
-1183
-970
-559
-186
-109
-390
-829
-1128
-1096
-769
-318
98
425
652
761
696
419
45
-265
-319
-141
86
201
111
-34
-140
-198
-244
-371
-479
-453
-217
144
437
567
522
403
296
169
-54
-357
-583
-585
-364
-101
7
-135
-425
-664
-741
-626
-391
-50
423
958
1428
1593
1397
988
635
576
750
970
1031
899
684
430
108
-324
-802
-1149
-1213
-1011
-696
-495
-458
-490
-452
-268
-86
13
14
18
163
385
601
659
546
365
190
46
-142
-379
-558
-538
-284
69
290
236
-37
-340
-495
-461
-298
-74
196
478
653
559
138
-472
-972
-1117
-880
-451
-79
89
69
-64
-256
-462
-599
-509
-142
443
1031
1283
1121
700
321
124
69
95
70
8
-9
37
26
-162
-452
-678
-742
-661
-508
-412
-410
-340
-42
383
660
641
371
15
-249
-247
-36
244
525
755
876
726
290
-321
-855
-941
-510
202
845
1175
1090
620
41
-408
-672
-691
-347
263
777
909
594
-89
-904
-1465
-1560
-1273
-753
-137
365
573
469
122
-328
-636
-591
-190
387
891
1130
1091
885
588
227
-153
-442
-518
-326
57
453
667
616
350
0
-345
-644
-824
-763
-380
205
751
965
715
98
-623
-1114
-1241
-974
-469
121
660
916
823
253
-440
-1078
-1178
-701
119
951
1326
1494
1025
446
-420
-899
-1237
-1120
-561
147
692
451
-3
-771
-1374
-1755
-1682
-1108
-466
321
931
1372
1121
667
21
-305
-290
-115
551
871
1313
1287
1051
642
-169
-733
-1228
-915
-404
316
903
1244
1166
595
146
-430
-786
-1042
-550
166
853
1211
1141
491
-495
-1275
-1546
-1431
-1142
-368
397
1041
1191
612
2
-836
-996
-611
83
981
1308
1507
1302
784
163
-629
-1114
-1293
-990
-339
197
375
28
-569
-1024
-1381
-1560
-1227
-738
13
960
1311
1583
1206
402
-21
-506
-291
-8
319
881
970
857
499
-243
-1133
-1438
-1423
-873
-149
456
1136
1077
1044
619
-73
-393
-722
-387
238
718
1002
868
4
-401
-1108
-1402
-1154
-1498
-616
-474
226
684
542
237
-77
-377
-123
504
788
1281
932
1125
1087
545
275
-481
-994
-1074
-925
-274
165
-446
-81
-1107
-927
-855
-1089
-189
-516
462
1239
1384
1799
1123
409
30
-732
-6
61
413
633
369
92
-646
-1179
-1547
-1530
-1098
-534
210
753
1184
1058
852
568
213
166
283
630
887
744
526
124
-482
-723
-794
-901
-1038
-1227
-984
-620
-390
-60
-57
-195
-93
179
753
1081
964
925
850
852
903
623
298
-242
-851
-715
-423
-298
-284
-870
-902
-1163
-1257
-730
-501
-193
390
857
1516
1648
797
1200
-160
236
97
334
979
393
411
-349
-990
-1541
-1555
-1713
-948
-744
-94
564
262
889
74
485
370
808
1093
1698
1737
1377
835
13
-180
-1008
-800
-700
-1005
-890
-1446
-1178
-1310
-1279
-1009
-687
-438
176
768
975
1352
795
1117
979
933
1256
467
538
-206
-416
-397
-753
-714
-1146
-1413
-1409
-1272
-1153
-570
-654
203
395
868
1357
997
1058
476
772
1027
1169
1316
909
563
-233
-997
-1424
-1872
-1830
-1424
-1094
-22
-126
194
-32
-361
22
149
987
1657
1989
2097
1953
1091
720
-101
-483
-491
-809
-463
-569
-885
-1076
-1467
-1832
-1469
-1352
-726
50
303
1206
996
1234
1214
999
1216
695
934
506
230
326
-122
-175
-570
-946
-1430
-1446
-1734
-1227
-840
-667
551
154
1180
622
719
467
170
675
940
1483
1507
1429
316
-206
-1137
-1670
-1518
-1864
-1059
-788
-265
46
238
-506
-245
-827
-163
518
904
1994
1596
1769
1170
797
356
-262
-371
-738
-502
-435
-543
-370
-1185
-1146
-1336
-1445
-733
-552
13
634
627
1079
995
874
905
560
669
440
430
462
353
396
-251
-525
-1256
-1540
-1514
-1358
-676
-264
346
502
839
672
283
297
64
195
961
841
2116
1114
949
373
-828
-790
-1570
-1458
-1080
-1182
-400
56
0
197
-459
-462
-296
-239
708
988
1377
1303
1424
1043
816
319
-302
-446
-615
-568
-423
-477
-647
-900
-1079
-940
-714
-735
-230
107
532
819
913
808
505
150
26
420
101
566
191
274
-74
-724
-700
-1288
-1399
-1271
-862
-397
293
415
689
772
286
496
110
279
482
679
952
1026
607
207
-178
-736
-872
-1078
-1401
-808
-1093
-323
-46
-240
359
-271
215
410
498
882
913
757
988
776
732
590
-26
-162
-623
-506
-575
-521
-535
-821
-689
-706
-358
-257
12
199
618
704
1197
943
747
427
24
-8
-197
98
-169
141
-354
-254
-753
-825
-1146
-1084
-816
-480
-4
533
765
763
1095
445
937
120
547
467
188
743
-87
69
-259
-533
-518
-709
-932
-855
-1232
-566
-625
-85
162
332
550
551
882
610
929
530
496
571
350
399
-11
-273
-641
-823
-903
-595
-713
-486
-468
-680
-243
-624
68
-67
614
684
898
1237
783
941
261
47
-203
-649
-265
-509
-321
-292
-706
-511
-1027
-730
-618
-530
4
-83
476
679
834
1189
892
943
739
355
525
66
-6
-125
-555
-315
-577
-394
-524
-533
-742
-603
-613
-231
48
287
555
625
637
782
604
626
693
270
686
59
176
-60
-600
-367
-959
-640
-558
-409
10
-103
-118
-162
-360
-75
135
278
777
600
912
752
542
332
-163
-452
-660
-705
-580
-501
-341
-561
-233
-648
-152
-341
-234
84
-201
423
365
556
833
535
580
542
-60
391
-343
-23
-228
-443
-200
-636
-423
-527
-427
-270
-235
-125
13
172
256
401
282
223
271
96
591
368
702
401
240
-56
-298
-495
-646
-559
-625
-203
-86
346
139
339
-155
-6
-152
9
232
270
607
478
530
512
60
173
-237
-335
-293
-587
-319
-437
-337
20
-235
62
-115
-143
207
-44
305
156
5
295
103
347
301
81
61
-97
-124
-14
-115
-255
-359
-516
-337
-81
-38
257
84
123
269
-30
372
-129
46
-199
-31
130
194
411
81
99
-247
-247
-398
-473
-443
-306
-193
219
184
386
272
35
116
-188
48
-99
193
101
344
219
127
148
-225
40
-347
-214
-312
-397
-190
-206
-69
-51
-39
-61
223
130
491
103
159
-80
-124
93
28
208
95
151
62
188
-30
-32
-346
-324
-292
-25
104
265
237
259
340
236
211
15
-254
-122
-241
118
254
135
266
-145
-62
-138
-368
-126
-535
-115
-221
93
206
142
206
-13
114
39
166
81
88
-25
85
-62
81
-107
-76
-51
-139
3
-230
-151
-421
-231
-331
-169
-42
-86
243
146
299
223
50
-14
-106
-186
38
-113
80
16
27
51
-52
-190
-206
-337
-204
-26
55
293
196
280
290
262
246
163
-12
71
-47
101
145
21
62
-177
-176
-151
-302
-93
-277
-84
7
-90
161
-71
132
199
154
443
159
302
205
115
311
53
77
-74
-61
-27
143
-40
34
-302
-319
-353
-291
-153
-128
-109
-73
91
114
280
138
45
31
-68
130
195
184
180
-41
-115
-132
-226
-174
-265
-288
-200
-252
-22
-35
60
33
-72
6
-91
175
88
314
199
150
120
-10
75
-13
-84
-198
-270
-230
-94
-57
-32
-188
-293
-281
-162
68
169
134
108
58
180
281
299
221
108
-56
55
104
146
170
-184
-204
-382
-324
-140
-218
-92
-142
-166
69
0
149
78
-29
81
67
287
368
316
278
53
-15
-81
-129
-113
-140
-141
-62
-18
59
124
31
34
-63
-86
74
115
280
320
219
237
129
107
106
-61
-94
-181
-190
-16
-15
42
19
-173
-87
-122
-46
135
-9
120
40
63
236
110
208
46
-18
58
-43
61
-76
-177
-220
-317
-211
-267
-163
-280
-208
-237
-202
-88
-223
-92
-239
-130
24
35
263
177
100
165
-111
97
-85
-52
3
-163
52
-42
104
94
97
-44
15
-175
-1
-21
6
139
-33
132
6
110
51
36
-36
-96
-44
-65
98
83
106
144
43
156
143
102
191
14
102
142
103
324
136
205
115
13
113
8
51
-23
-79
-133
-89
-119
-31
-62
-85
-74
-121
-51
-59
-37
-87
-89
-135
-41
-10
93
123
88
83
0
26
2
9
-6
-18
-4
110
136
222
112
-11
-73
-209
-57
-106
-51
-43
-201
-84
-199
-116
-110
-208
-160
-198
-167
32
-21
156
77
34
118
-7
148
78
106
105
55
36
39
-7
10
-29
-93
-76
-101
-43
-15
-71
-112
-214
-204
-153
-39
61
54
70
-78
-3
-74
14
-26
-70
-72
-35
53
161
192
118
75
-104
-14
-14
110
165
107
114
85
100
116
79
-5
-45
-107
-17
-14
81
20
-55
-107
-171
-59
7
113
146
125
143
107
179
193
223
209
146
182
187
229
214
87
8
-114
-144
-77
-65
-7
-58
-117
-91
-129
-101
-156
-241
-253
-259
-129
9
82
71
-58
-164
-194
-144
-63
-23
-40
-66
-65
-17
49
59
-4
-107
-146
-76
47
140
138
42
-61
-126
-133
-82
-91
-105
-140
-152
-94
-101
-95
-166
-244
-215
-201
-70
37
90
181
154
178
195
201
291
282
310
337
326
376
334
251
162
12
-68
-77
-58
21
25
-60
-137
-236
-239
-196
-214
-199
-248
-219
-91
-31
79
42
-70
-89
-146
-5
128
161
214
85
77
101
70
157
76
56
78
55
183
169
152
78
-92
-89
-122
-56
18
-33
-31
-111
-131
-105
-106
-68
-123
-142
-107
-35
121
178
165
96
11
28
97
211
282
255
188
125
120
146
115
6
-112
-213
-188
-90
-64
-57
-220
-339
-351
-358
-219
-205
-220
-257
-308
-171
-112
-59
-59
-169
-154
-131
-18
149
151
124
19
-47
29
66
167
177
103
92
65
155
197
167
112
-6
-32
-25
44
103
69
11
-70
-83
-67
-39
-3
-33
-36
-26
21
107
121
123
90
72
148
217
305
323
280
245
201
206
187
180
129
52
35
7
26
-11
-75
-124
-204
-212
-213
-175
-130
-154
-163
-202
-207
-158
-139
-97
-70
-49
-13
6
30
30
10
-4
-15
-4
14
7
2
-3
-24
-45
-79
-99
-77
-57
-42
-52
-83
-110
-132
-130
-127
-127
-147
-137
-101
-41
28
17
17
-3
7
83
111
152
160
188
243
269
292
252
192
138
129
174
187
180
123
35
-44
-102
-106
-119
-126
-132
-148
-147
-163
-157
-160
-171
-170
-180
-129
-84
-47
8
31
63
24
-17
-15
-12
26
32
55
79
53
25
-29
-57
-73
-81
-41
-3
22
8
-25
-30
-38
-31
-27
-18
8
41
108
163
189
197
169
149
148
173
229
246
248
228
202
200
168
138
82
23
4
-7
25
20
-32
-106
-202
-235
-238
-216
-185
-188
-180
-188
-197
-192
-201
-200
-207
-204
-167
-115
-74
-68
-90
-109
-116
-108
-84
-56
-42
-44
-60
-61
-33
-1
-2
-34
-60
-52
-12
55
127
159
137
94
78
112
170
215
238
251
259
264
268
263
237
194
163
167
180
162
105
35
-11
-24
-30
-52
-94
-142
-173
-163
-124
-100
-116
-154
-187
-197
-170
-112
-55
-34
-53
-82
-88
-68
-37
-20
-25
-34
-29
-14
-4
-20
-58
-100
-107
-72
-25
-8
-26
-54
-69
-62
-47
-30
-15
-18
-35
-33
12
71
100
95
83
77
79
105
144
173
179
178
180
189
190
175
142
104
90
107
127
119
67
-5
-69
-97
-83
-51
-41
-63
-97
-115
-117
-114
-104
-92
-80
-65
-42
-9
11
12
7
6
9
8
3
-3
-5
5
25
34
9
-50
-116
-150
-142
-117
-99
-102
-126
-166
-209
-232
-221
-186
-156
-151
-159
-154
-125
-81
-40
-11
6
18
44
88
141
186
221
251
275
277
260
236
222
225
242
267
273
237
158
71
9
-9
4
24
26
-5
-59
-105
-127
-119
-101
-83
-70
-56
-39
-23
-15
-10
5
28
47
42
16
-3
10
54
105
123
91
24
-48
-95
-99
-74
-53
-70
-127
-200
-261
-295
-300
-280
-259
-249
-248
-239
-211
-174
-137
-93
-39
27
88
131
164
198
251
315
368
383
358
311
261
226
219
236
243
208
122
13
-85
-151
-173
-158
-135
-138
-174
-224
-260
-271
-255
-217
-161
-111
-89
-91
-91
-63
-3
65
117
139
134
125
137
184
250
296
298
255
171
72
-8
-37
-19
2
-25
-116
-245
-366
-434
-428
-365
-290
-247
-248
-271
-278
-230
-122
18
145
223
249
258
286
360
460
548
587
557
465
343
238
186
192
212
186
85
-75
-246
-373
-420
-383
-315
-286
-321
-393
-451
-455
-407
-319
-225
-149
-105
-76
-32
45
153
267
355
393
384
358
340
345
364
375
350
270
141
-6
-132
-212
-255
-280
-312
-369
-456
-560
-641
-653
-581
-454
-322
-229
-190
-181
-144
-34
143
324
450
499
488
457
453
498
579
641
629
528
373
220
113
70
78
89
57
-46
-196
-336
-412
-410
-357
-299
-283
-326
-404
-458
-431
-311
-142
9
93
102
80
87
170
318
474
563
552
460
341
251
225
252
283
242
101
-110
-313
-441
-471
-436
-401
-426
-520
-634
-697
-667
-547
-393
-256
-168
-127
-109
-75
13
160
329
457
500
461
389
333
334
383
438
448
386
267
137
39
-5
-12
-9
-32
-93
-182
-267
-320
-329
-307
-275
-241
-213
-189
-163
-119
-44
53
148
221
268
304
340
381
424
456
464
438
381
304
224
148
83
28
-29
-100
-200
-318
-426
-494
-511
-495
-475
-465
-465
-461
-439
-379
-290
-195
-115
-56
-4
57
131
210
279
321
318
280
237
223
249
293
322
311
252
151
30
-69
-108
-85
-40
-32
-92
-206
-324
-392
-375
-275
-143
-41
-19
-62
-110
-103
-22
115
252
337
338
282
229
225
276
353
397
364
245
84
-40
-77
-36
23
30
-55
-210
-374
-472
-463
-362
-239
-173
-193
-275
-348
-349
-255
-100
42
118
114
69
41
69
156
264
341
339
271
191
155
176
228
267
256
181
66
-38
-86
-76
-39
-18
-52
-142
-243
-297
-273
-188
-89
-27
-23
-64
-103
-97
-29
76
170
217
207
154
97
74
100
152
187
163
84
-14
-90
-122
-114
-91
-88
-130
-203
-269
-297
-292
-263
-226
-199
-195
-210
-216
-191
-136
-62
12
67
94
94
85
87
111
164
239
313
355
342
281
191
117
87
105
145
157
116
26
-82
-165
-189
-150
-81
-27
-19
-57
-112
-140
-101
9
147
247
263
199
111
56
77
169
280
336
288
148
-18
-130
-143
-73
16
46
-25
-178
-336
-415
-376
-256
-129
-71
-119
-242
-359
-379
-281
-116
18
51
-21
-142
-228
-214
-95
64
179
187
93
-40
-125
-100
35
204
297
254
100
-64
-143
-93
43
180
236
181
47
-84
-134
-77
47
167
224
201
119
35
11
71
190
306
353
314
218
122
78
103
173
237
246
187
80
-35
-114
-134
-106
-63
-52
-98
-194
-293
-349
-339
-277
-199
-161
-184
-254
-326
-353
-312
-203
-71
21
30
-38
-122
-156
-105
3
106
142
82
-33
-123
-137
-65
42
121
130
65
-30
-95
-86
-3
114
208
234
186
96
36
54
154
283
369
368
287
173
83
71
139
233
272
220
100
-28
-110
-115
-54
30
66
14
-96
-198
-226
-170
-62
30
46
-29
-154
-253
-268
-195
-92
-27
-40
-124
-233
-300
-272
-161
-33
35
3
-98
-201
-245
-198
-86
30
87
64
-13
-88
-112
-67
22
116
165
149
89
38
41
104
201
282
309
280
223
175
169
209
271
318
320
272
197
128
92
87
90
76
36
-29
-102
-161
-193
-200
-191
-187
-198
-218
-233
-232
-215
-189
-167
-148
-137
-125
-116
-113
-113
-114
-108
-98
-84
-68
-57
-60
-77
-102
-120
-123
-109
-87
-73
-80
-106
-130
-131
-96
-45
-3
12
1
-11
-2
45
122
208
273
296
281
256
252
289
357
423
450
428
369
315
300
321
350
348
294
205
112
48
22
24
22
-8
-77
-158
-217
-230
-209
-181
-179
-210
-261
-306
-320
-295
-247
-203
-183
-192
-212
-221
-202
-160
-115
-88
-92
-118
-143
-151
-146
-130
-124
-141
-182
-232
-262
-256
-223
-188
-172
-183
-207
-219
-198
-134
-47
40
102
140
169
206
258
323
388
439
462
462
452
446
449
457
459
438
381
298
218
157
120
94
72
42
1
-44
-86
-117
-136
-147
-153
-160
-169
-178
-181
-175
-165
-152
-132
-106
-80
-54
-30
-8
8
19
21
18
10
-6
-27
-49
-65
-83
-112
-153
-194
-229
-255
-272
-273
-266
-254
-246
-240
-226
-205
-169
-112
-41
35
103
159
209
256
302
348
388
420
432
431
420
401
376
342
297
246
195
145
92
37
-16
-68
-118
-166
-214
-267
-323
-372
-406
-414
-400
-368
-332
-299
-272
-250
-223
-180
-119
-48
18
66
94
110
126
152
181
196
185
147
93
35
-16
-53
-78
-100
-124
-152
-178
-196
-199
-185
-159
-130
-106
-84
-53
-5
63
146
223
281
319
347
381
423
459
473
459
428
397
376
362
344
310
253
177
93
9
-66
-129
-185
-249
-327
-413
-482
-515
-510
-478
-433
-393
-364
-332
-277
-195
-94
7
102
177
227
254
277
302
318
314
286
228
147
59
-19
-79
-133
-192
-263
-330
-385
-413
-412
-389
-359
-331
-300
-253
-190
-113
-30
52
128
192
240
276
306
333
353
360
348
323
295
272
254
235
201
151
88
18
-47
-101
-142
-174
-206
-240
-277
-312
-333
-337
-320
-287
-246
-197
-140
-74
6
92
177
256
323
376
417
443
452
447
423
385
332
270
198
115
26
-67
-158
-244
-320
-382
-429
-466
-494
-510
-512
-487
-440
-372
-289
-201
-118
-37
37
108
179
251
325
395
454
496
516
522
513
492
456
401
329
244
151
63
-22
-102
-182
-261
-340
-411
-468
-508
-525
-518
-490
-449
-402
-348
-281
-198
-98
9
109
190
255
301
334
357
367
363
340
296
232
155
74
-3
-67
-123
-177
-234
-297
-352
-386
-392
-374
-344
-318
-296
-270
-234
-180
-116
-47
26
99
175
250
324
393
454
505
538
553
549
536
513
479
432
362
272
164
52
-55
-151
-236
-316
-396
-469
-532
-571
-579
-559
-515
-458
-393
-318
-230
-122
-1
126
247
348
427
483
519
539
543
528
490
429
351
261
166
68
-30
-127
-220
-299
-364
-410
-442
-464
-481
-491
-488
-467
-428
-376
-315
-252
-191
-121
-42
46
137
221
288
340
378
408
431
438
431
402
356
297
227
149
69
-11
-86
-158
-228
-296
-360
-413
-455
-479
-483
-468
-436
-387
-316
-228
-126
-17
95
205
309
406
492
564
616
643
643
615
563
488
396
295
193
91
-7
-104
-204
-300
-390
-464
-520
-557
-579
-593
-600
-595
-572
-524
-449
-349
-235
-115
5
120
231
337
434
514
574
614
635
641
628
598
542
466
374
278
184
93
0
-98
-203
-306
-398
-467
-517
-550
-570
-576
-560
-519
-452
-366
-275
-181
-84
17
122
222
311
381
432
459
466
453
425
385
336
278
217
150
80
9
-57
-123
-184
-243
-304
-363
-419
-465
-505
-530
-544
-540
-517
-469
-390
-286
-163
-33
95
219
334
439
524
588
629
651
655
641
609
557
488
404
313
212
104
-9
-128
-243
-346
-437
-518
-591
-654
-698
-712
-688
-625
-533
-422
-301
-172
-39
100
232
343
431
489
524
547
559
558
540
506
457
403
349
297
239
174
92
1
-99
-201
-299
-392
-473
-539
-587
-610
-611
-585
-535
-465
-380
-286
-183
-74
41
158
268
363
430
473
493
500
497
485
461
423
370
307
231
144
49
-53
-152
-246
-330
-407
-472
-524
-555
-567
-555
-518
-456
-368
-260
-138
-11
118
235
331
403
451
476
487
485
472
448
410
362
307
253
196
135
72
-1
-83
-174
-272
-372
-468
-551
-613
-648
-654
-632
-588
-522
-435
-328
-203
-69
68
194
305
395
464
514
547
566
568
551
518
473
425
377
320
251
167
68
-32
-131
-222
-304
-379
-440
-480
-495
-484
-456
-411
-356
-285
-201
-105
-6
83
155
207
244
268
286
302
312
318
319
312
299
280
256
221
169
104
27
-54
-133
-209
-278
-348
-411
-466
-508
-523
-510
-471
-407
-329
-238
-136
-28
86
200
304
394
463
506
525
519
495
458
412
358
291
211
121
23
-74
-162
-244
-324
-405
-484
-551
-596
-609
-593
-552
-494
-420
-334
-234
-119
5
126
237
332
405
465
513
546
561
559
540
510
477
441
397
341
264
174
71
-32
-138
-243
-347
-444
-524
-577
-603
-605
-588
-556
-506
-437
-345
-237
-122
-12
87
171
243
308
369
423
464
483
480
457
418
368
304
232
147
54
-45
-142
-230
-302
-356
-391
-413
-424
-422
-403
-363
-306
-238
-167
-100
-36
32
107
192
281
367
437
490
523
540
538
524
493
446
382
303
217
127
36
-55
-148
-243
-342
-436
-523
-593
-639
-663
-665
-648
-609
-550
-469
-367
-253
-129
-6
113
224
323
405
465
505
526
531
521
496
456
400
328
240
142
40
-63
-162
-254
-343
-422
-492
-539
-561
-555
-522
-471
-411
-341
-265
-182
-95
-5
78
154
223
288
354
421
482
534
570
584
578
556
518
465
394
304
198
84
-27
-131
-220
-297
-362
-415
-453
-475
-478
-460
-420
-364
-295
-219
-141
-60
26
118
211
300
368
415
435
435
424
400
363
310
238
154
64
-26
-106
-182
-253
-319
-379
-431
-466
-484
-484
-475
-459
-441
-416
-373
-313
-232
-137
-39
58
149
228
301
366
419
461
489
499
494
476
442
398
335
260
175
84
-9
-104
-200
-292
-376
-445
-493
-521
-532
-528
-510
-475
-418
-339
-243
-141
-43
45
126
203
280
353
412
452
474
478
475
465
448
415
365
298
224
145
70
-3
-71
-137
-197
-249
-290
-320
-339
-343
-337
-320
-297
-266
-229
-184
-126
-60
17
92
164
226
273
308
334
348
350
340
314
272
217
153
85
16
-53
-122
-189
-252
-308
-352
-382
-396
-396
-380
-348
-306
-251
-188
-122
-55
13
79
142
197
242
272
287
287
278
259
234
198
154
104
54
8
-34
-73
-114
-158
-204
-245
-275
-296
-304
-309
-308
-300
-279
-242
-192
-130
-65
-2
56
111
165
220
273
325
370
405
425
428
413
386
349
307
262
210
149
79
5
-66
-128
-177
-213
-240
-258
-268
-270
-258
-231
-196
-157
-121
-88
-53
-11
35
82
121
151
167
178
182
181
170
145
107
60
14
-30
-67
-101
-134
-166
-192
-213
-231
-244
-254
-258
-257
-244
-225
-202
-171
-132
-86
-31
29
85
133
171
202
230
257
284
301
304
289
259
216
170
126
84
41
-6
-59
-110
-150
-182
-203
-218
-232
-239
-239
-224
-199
-159
-116
-66
-21
20
57
94
133
169
203
226
236
236
229
218
204
188
167
140
105
63
15
-35
-83
-123
-155
-182
-202
-214
-220
-217
-206
-190
-172
-153
-133
-111
-86
-55
-19
17
48
78
104
128
153
176
196
204
199
182
159
134
108
81
51
13
-26
-62
-89
-102
-106
-110
-117
-129
-136
-138
-132
-120
-108
-95
-78
-59
-35
-9
16
38
58
75
92
107
119
124
123
116
103
92
78
67
54
38
18
-8
-35
-62
-84
-102
-116
-127
-137
-147
-154
-154
-146
-129
-109
-87
-68
-51
-33
-9
23
60
95
121
136
142
145
150
158
168
170
161
143
116
89
67
50
33
13
-11
-32
-46
-52
-49
-47
-52
-63
-72
-74
-67
-56
-49
-49
-53
-54
-45
-32
-15
-3
8
16
23
29
27
19
9
-1
-7
-13
-20
-28
-34
-37
-42
-48
-55
-66
-75
-83
-88
-93
-92
-90
-86
-79
-68
-54
-36
-12
14
41
63
80
91
99
108
117
126
131
131
127
122
114
107
97
84
66
46
26
11
3
-3
-12
-28
-49
-69
-79
-78
-72
-69
-73
-76
-71
-56
-40
-24
-13
-5
3
13
26
37
46
52
53
50
43
29
14
2
-6
-13
-21
-36
-55
-75
-86
-89
-88
-90
-93
-99
-103
-102
-94
-78
-57
-33
-11
8
26
40
58
76
93
103
105
104
101
99
99
100
103
99
90
76
63
56
54
51
45
31
11
-7
-23
-35
-45
-51
-57
-59
-56
-48
-40
-36
-35
-34
-28
-17
-4
3
5
-1
-7
-10
-14
-19
-27
-35
-43
-54
-64
-77
-87
-98
-104
-105
-102
-92
-83
-76
-71
-65
-56
-41
-21
0
20
37
52
65
77
89
99
106
110
112
110
108
103
98
91
86
81
77
75
75
78
81
82
77
65
54
43
34
25
14
2
-5
-9
-8
-9
-13
-20
-25
-27
-27
-27
-33
-44
-59
-74
-86
-95
-102
-108
-113
-119
-125
-132
-138
-138
-133
-126
-118
-115
-114
-111
-100
-85
-70
-59
-52
-39
-21
1
18
29
37
45
53
61
67
71
75
80
86
93
101
113
124
132
134
131
128
128
131
134
133
128
118
108
101
94
92
87
82
73
65
54
42
30
19
10
1
-9
-23
-37
-50
-61
-73
-87
-104
-119
-132
-144
-154
-163
-169
-167
-158
-149
-145
-145
-145
-138
-126
-114
-106
-101
-98
-90
-78
-62
-45
-29
-16
-7
3
12
22
32
41
51
57
62
66
73
83
97
108
114
118
120
127
136
145
148
146
143
139
138
136
129
120
110
99
89
80
72
64
54
40
23
3
-16
-33
-51
-66
-82
-98
-111
-121
-129
-136
-142
-147
-148
-145
-139
-136
-137
-139
-140
-133
-122
-112
-107
-103
-94
-81
-64
-50
-40
-31
-19
-4
13
26
35
41
49
56
64
69
69
71
78
91
106
117
123
127
134
145
158
165
161
152
141
131
125
119
111
101
87
71
57
48
41
34
23
5
-19
-45
-67
-87
-102
-114
-128
-141
-152
-157
-160
-160
-160
-160
-156
-151
-146
-145
-145
-146
-141
-129
-120
-110
-103
-92
-75
-56
-39
-26
-13
5
25
41
48
49
50
57
68
80
88
92
99
109
122
136
146
154
160
164
168
168
167
160
153
145
137
128
115
102
91
81
72
60
44
29
16
4
-8
-24
-42
-64
-82
-99
-111
-124
-136
-147
-152
-155
-153
-152
-154
-153
-147
-140
-135
-135
-139
-140
-135
-123
-109
-96
-87
-81
-71
-58
-44
-27
-15
-4
4
12
22
29
37
45
55
65
75
87
105
123
137
146
153
163
177
185
182
171
158
148
146
152
154
144
122
103
96
95
93
82
60
28
-2
-22
-30
-43
-68
-95
-119
-134
-145
-152
-158
-167
-180
-188
-186
-181
-176
-175
-176
-179
-178
-169
-157
-148
-141
-133
-121
-111
-98
-76
-49
-28
-18
-12
2
21
41
60
73
81
91
109
135
159
174
181
187
195
206
219
226
224
214
203
194
189
181
173
162
146
126
109
99
90
76
59
35
7
-19
-40
-59
-81
-106
-129
-146
-167
-185
-197
-200
-200
-201
-205
-207
-204
-198
-186
-181
-184
-189
-186
-175
-161
-146
-131
-116
-106
-94
-75
-51
-31
-16
-5
6
17
29
45
63
77
87
97
111
124
138
152
167
173
171
172
178
184
185
181
172
163
154
145
144
142
137
131
124
121
119
117
108
85
55
30
18
7
-3
-18
-38
-62
-84
-98
-99
-99
-102
-116
-134
-149
-155
-152
-153
-165
-186
-204
-210
-204
-193
-183
-179
-179
-179
-171
-154
-138
-128
-124
-116
-103
-87
-68
-51
-34
-20
-6
11
31
59
89
116
133
145
153
167
179
189
197
199
203
199
195
198
205
213
215
210
206
200
193
176
156
136
117
96
74
48
21
-4
-21
-38
-53
-69
-87
-105
-123
-140
-154
-162
-170
-178
-184
-192
-204
-212
-211
-207
-202
-194
-183
-175
-166
-149
-127
-109
-97
-87
-76
-64
-53
-38
-22
-7
5
18
38
58
74
92
108
117
116
117
123
125
123
123
126
122
117
117
123
127
122
118
115
109
99
93
90
79
62
51
51
49
48
48
46
38
31
29
29
23
9
-1
-9
-16
-22
-32
-45
-63
-81
-92
-98
-102
-111
-119
-130
-142
-149
-144
-133
-124
-121
-127
-139
-150
-151
-145
-137
-129
-121
-112
-100
-82
-63
-45
-25
-10
4
18
32
46
56
63
70
77
87
99
120
135
148
151
154
158
159
161
156
148
142
135
135
130
131
122
109
96
84
77
76
72
62
42
25
12
1
-6
-23
-40
-58
-79
-93
-107
-114
-117
-121
-126
-137
-147
-153
-151
-141
-139
-143
-151
-155
-143
-128
-114
-104
-97
-86
-68
-48
-24
-2
14
28
38
48
60
68
76
77
76
82
84
91
90
86
87
77
73
61
52
45
28
24
15
6
2
-7
-2
-6
-10
-10
-13
-7
-8
-5
10
19
33
35
31
34
39
53
62
60
56
50
54
59
60
62
57
47
32
17
4
-4
-15
-32
-54
-80
-100
-111
-116
-118
-127
-136
-145
-150
-151
-145
-135
-127
-117
-101
-86
-71
-58
-40
-19
6
30
46
62
80
97
113
127
137
138
134
127
121
116
109
98
88
79
73
65
59
53
47
37
22
9
-3
-13
-23
-34
-43
-49
-51
-49
-46
-39
-39
-43
-46
-49
-45
-36
-27
-24
-33
-42
-44
-38
-33
-35
-38
-46
-55
-60
-55
-48
-47
-50
-47
-40
-33
-33
-29
-23
-15
-6
3
16
29
42
55
72
86
99
108
115
117
116
119
121
115
100
85
75
67
54
37
13
-13
-37
-54
-63
-73
-89
-109
-127
-142
-149
-148
-139
-133
-131
-131
-119
-99
-71
-40
-15
6
21
35
52
73
95
113
126
134
139
144
149
149
141
127
101
75
49
25
3
-18
-40
-62
-82
-100
-116
-126
-135
-141
-145
-147
-143
-134
-121
-103
-82
-59
-29
0
24
43
60
81
107
134
155
165
170
179
185
182
173
154
133
110
85
56
23
-7
-34
-60
-91
-124
-153
-171
-177
-182
-190
-200
-205
-195
-169
-136
-106
-86
-74
-62
-38
-3
38
70
87
91
90
97
112
128
138
132
114
96
84
82
83
74
55
26
-1
-20
-26
-27
-35
-52
-76
-97
-105
-94
-74
-51
-37
-29
-24
-14
10
41
70
87
91
91
94
104
117
127
124
107
83
67
55
42
21
-6
-34
-63
-88
-105
-116
-126
-139
-151
-153
-144
-130
-121
-118
-113
-98
-74
-47
-24
-6
10
29
52
76
96
104
99
89
80
78
81
81
69
47
17
-5
-11
-7
-1
-8
-31
-58
-75
-70
-47
-27
-22
-30
-38
-29
-4
23
39
44
39
37
43
57
70
77
73
59
44
33
34
35
29
10
-20
-49
-61
-56
-45
-43
-53
-70
-80
-76
-59
-38
-25
-23
-26
-26
-18
-2
13
20
19
16
22
33
49
58
58
49
41
39
39
38
28
11
-10
-27
-35
-41
-46
-52
-59
-60
-58
-55
-52
-54
-58
-59
-50
-31
-6
18
33
41
47
62
81
101
113
113
104
92
81
74
68
63
53
39
18
-5
-24
-38
-44
-50
-59
-73
-87
-93
-89
-76
-63
-56
-61
-66
-64
-51
-31
-13
-3
-1
-1
3
12
24
30
31
26
16
7
0
-4
-5
-8
-15
-24
-32
-33
-25
-8
9
18
16
11
13
26
41
51
44
25
7
1
10
27
35
24
1
-20
-29
-19
-1
15
18
9
3
7
26
51
71
76
70
63
64
71
77
73
54
23
-4
-18
-19
-19
-28
-47
-69
-82
-82
-75
-69
-68
-75
-79
-79
-72
-60
-47
-40
-38
-40
-35
-24
-7
9
18
16
14
17
28
42
46
40
28
21
25
38
46
43
27
5
-6
-6
4
7
-3
-24
-44
-53
-50
-42
-42
-50
-65
-77
-74
-59
-37
-18
-9
-10
-10
4
32
67
95
108
103
97
101
117
139
151
144
118
89
69
61
58
47
22
-15
-54
-83
-98
-107
-114
-124
-135
-141
-138
-124
-103
-83
-70
-61
-52
-37
-17
8
32
52
66
75
84
93
102
106
105
99
91
80
66
44
22
2
-12
-22
-35
-56
-77
-88
-83
-71
-61
-59
-67
-72
-67
-56
-43
-38
-42
-49
-48
-36
-20
-6
0
5
7
14
25
40
57
74
81
73
61
58
63
69
66
53
34
15
-1
-11
-21
-34
-51
-60
-64
-69
-82
-94
-94
-81
-61
-38
-24
-15
-6
14
43
71
94
110
119
122
119
119
120
117
107
88
65
40
19
9
0
-15
-42
-73
-97
-108
-107
-97
-92
-101
-115
-118
-99
-66
-37
-14
-2
4
13
34
56
68
62
45
33
29
31
34
30
14
-7
-23
-26
-21
-16
-16
-18
-21
-26
-29
-31
-27
-20
-13
-12
-16
-26
-36
-44
-47
-43
-38
-35
-39
-51
-56
-55
-38
-16
0
7
11
20
39
62
83
94
101
105
110
114
115
106
92
75
61
48
33
15
0
-7
-10
-17
-31
-42
-46
-41
-32
-23
-18
-16
-14
-11
0
14
24
25
19
11
7
4
0
-10
-30
-57
-79
-85
-81
-79
-84
-93
-96
-87
-72
-55
-34
-12
9
30
46
64
82
97
110
120
118
107
89
72
53
36
17
-6
-33
-54
-73
-93
-110
-125
-130
-124
-115
-108
-105
-104
-98
-78
-51
-22
5
21
33
44
58
75
93
105
105
90
75
72
80
89
85
65
41
21
16
21
27
24
4
-20
-31
-28
-14
-5
-8
-15
-24
-22
-12
-5
-5
-16
-30
-40
-41
-30
-16
-3
5
8
8
12
24
41
57
67
71
69
65
70
78
86
88
77
55
25
-4
-32
-59
-86
-111
-133
-150
-163
-173
-178
-174
-158
-131
-99
-69
-44
-23
1
28
60
95
124
141
144
140
134
132
128
116
88
48
2
-38
-67
-89
-113
-139
-167
-185
-190
-180
-158
-135
-109
-82
-52
-16
24
65
101
130
149
164
176
185
188
180
160
129
93
61
37
23
12
-3
-30
-65
-97
-110
-101
-74
-51
-40
-40
-39
-19
15
54
84
90
79
61
44
34
24
11
-9
-34
-59
-77
-83
-80
-72
-62
-49
-34
-15
4
19
32
46
64
82
93
92
77
59
42
30
19
0
-27
-57
-82
-99
-107
-114
-127
-141
-148
-141
-120
-94
-68
-45
-21
8
42
77
104
122
132
136
131
120
101
77
50
19
-14
-51
-88
-118
-132
-129
-116
-110
-113
-119
-115
-90
-46
2
45
75
100
116
132
150
168
178
175
155
121
82
41
5
-33
-71
-104
-124
-132
-131
-127
-126
-117
-95
-58
-11
29
57
73
89
109
137
163
178
176
159
135
111
86
63
33
-3
-43
-83
-115
-140
-160
-171
-175
-169
-161
-148
-133
-112
-80
-43
-2
32
61
81
99
119
136
141
133
117
99
80
57
25
-18
-63
-94
-109
-114
-118
-129
-146
-159
-163
-152
-126
-84
-40
0
24
38
50
73
107
140
157
155
136
107
78
55
40
29
14
-5
-30
-56
-79
-91
-85
-62
-35
-16
-11
-12
-8
7
32
60
73
76
69
65
66
68
65
53
34
13
-3
-16
-34
-51
-65
-70
-66
-60
-61
-64
-58
-38
-9
17
34
44
56
66
78
83
80
74
70
68
64
45
15
-26
-62
-89
-104
-111
-116
-127
-143
-159
-167
-157
-135
-103
-70
-33
-1
24
44
63
93
128
159
171
163
140
115
95
82
63
39
7
-23
-48
-71
-92
-108
-113
-108
-100
-96
-92
-82
-60
-32
-6
13
31
50
72
92
105
107
101
94
90
84
79
68
51
32
16
0
-18
-38
-58
-71
-74
-68
-57
-48
-42
-39
-36
-31
-22
-8
10
29
44
51
55
54
55
55
50
34
10
-20
-44
-62
-72
-76
-80
-88
-96
-100
-98
-85
-65
-37
-8
18
36
48
53
61
77
100
121
128
112
71
26
-10
-26
-25
-23
-34
-64
-98
-125
-135
-123
-99
-74
-57
-42
-31
-17
2
30
64
102
136
161
167
152
128
109
100
103
108
98
65
13
-42
-84
-107
-113
-110
-105
-106
-116
-130
-139
-131
-102
-57
-4
40
68
81
84
90
111
141
167
176
158
118
63
9
-36
-62
-72
-77
-88
-121
-171
-222
-250
-235
-180
-106
-45
-21
-20
-21
-1
47
112
174
213
214
183
137
96
73
65
69
63
42
-2
-65
-126
-169
-184
-172
-145
-115
-100
-105
-122
-126
-104
-49
28
109
170
188
174
149
134
139
164
190
198
172
109
30
-44
-98
-124
-122
-103
-91
-105
-147
-190
-212
-191
-129
-42
39
89
98
78
58
65
108
171
224
237
195
113
21
-48
-70
-53
-30
-31
-77
-156
-235
-279
-271
-214
-132
-59
-15
-6
-16
-25
-7
48
132
217
269
263
202
119
55
38
61
93
95
48
-42
-142
-219
-250
-227
-171
-118
-100
-126
-173
-201
-177
-96
16
118
181
193
172
146
141
164
210
253
265
235
160
62
-28
-82
-96
-82
-71
-91
-151
-232
-293
-301
-250
-158
-64
-7
0
-17
-24
8
88
188
267
299
269
206
138
90
75
78
80
59
2
-83
-174
-240
-262
-237
-185
-134
-115
-131
-156
-161
-121
-39
59
139
179
177
152
123
112
124
153
182
187
151
77
-15
-92
-126
-116
-83
-63
-80
-133
-201
-245
-237
-174
-82
10
70
87
69
42
36
67
137
217
272
273
217
129
49
4
5
33
56
42
-13
-100
-185
-238
-243
-204
-143
-86
-62
-69
-97
-117
-108
-60
14
88
134
140
109
67
37
34
53
84
105
105
75
23
-36
-84
-106
-95
-65
-36
-25
-37
-70
-100
-111
-91
-41
20
65
79
60
25
8
20
62
113
144
141
103
50
2
-20
-14
10
29
28
-2
-50
-92
-110
-90
-45
5
38
44
25
0
-13
5
47
99
135
134
99
39
-14
-41
-34
-8
13
6
-34
-91
-145
-174
-168
-138
-98
-64
-52
-62
-82
-96
-84
-45
13
69
104
107
87
54
32
35
61
94
114
101
51
-19
-81
-111
-99
-59
-17
-3
-27
-77
-127
-145
-117
-52
25
83
98
77
40
10
18
64
133
195
222
199
138
70
26
24
55
89
101
76
21
-47
-102
-127
-116
-73
-21
14
13
-21
-67
-92
-76
-23
45
95
102
67
7
-49
-76
-64
-29
8
19
-9
-70
-142
-188
-188
-141
-68
-11
0
-36
-97
-142
-139
-79
15
105
153
141
80
5
-44
-41
11
86
138
132
63
-45
-144
-191
-165
-82
9
60
43
-29
-108
-149
-115
-22
99
193
224
185
103
25
-3
35
121
208
245
209
114
3
-73
-86
-33
48
111
112
41
-66
-156
-181
-128
-26
70
109
79
5
-67
-95
-61
17
98
142
132
67
-22
-97
-128
-104
-46
10
27
-11
-85
-158
-192
-172
-108
-33
20
29
-3
-54
-92
-88
-38
36
96
115
87
30
-25
-53
-45
-12
22
34
16
-26
-74
-106
-107
-75
-28
9
20
-1
-34
-52
-40
2
51
84
89
72
51
41
50
74
99
115
114
91
56
17
-10
-16
2
29
48
37
0
-45
-76
-79
-55
-17
19
38
37
18
-6
-26
-25
-1
38
71
80
59
14
-30
-53
-46
-16
17
35
27
-2
-38
-67
-72
-55
-22
8
22
14
-13
-42
-57
-51
-24
9
29
28
7
-25
-50
-57
-43
-20
-2
-1
-17
-44
-65
-69
-50
-20
14
34
33
19
2
-9
-6
10
36
62
75
65
35
3
-15
-10
15
43
56
47
19
-18
-44
-48
-25
10
35
34
10
-23
-41
-34
-2
30
47
44
27
8
-2
-1
5
15
19
19
14
1
-12
-27
-34
-29
-15
-2
5
0
-10
-21
-26
-20
-8
4
12
6
-8
-27
-39
-39
-29
-13
-2
-1
-8
-22
-33
-36
-31
-22
-8
4
12
12
4
-5
-8
0
19
38
46
39
24
11
3
7
13
20
23
23
18
9
0
-4
0
10
21
29
30
28
25
19
14
10
9
14
25
32
32
19
-4
-22
-24
-8
12
21
12
-12
-35
-46
-39
-21
-4
4
-4
-18
-36
-49
-47
-36
-15
4
14
10
-10
-31
-45
-45
-28
-7
6
3
-13
-33
-42
-42
-31
-19
-7
-1
0
-5
-15
-21
-20
-10
8
25
31
24
10
2
3
14
28
38
38
31
20
10
7
9
17
27
33
35
26
12
1
0
12
27
38
37
24
7
-6
-9
-1
8
17
20
17
12
1
-8
-12
-8
2
13
14
6
-9
-22
-29
-27
-19
-13
-9
-10
-13
-20
-27
-30
-27
-21
-11
-3
2
-1
-10
-20
-25
-22
-11
-1
5
4
-5
-17
-26
-24
-15
1
11
11
3
-8
-14
-13
-5
7
16
19
18
13
6
4
6
12
17
22
19
14
5
-2
-7
-7
-1
6
13
15
11
3
-5
-10
-6
2
10
13
10
1
-6
-11
-9
-4
2
5
5
0
-8
-15
-17
-15
-8
-1
2
-1
-7
-12
-14
-10
-5
2
8
9
6
1
-3
0
5
11
15
17
14
11
9
6
6
5
7
6
7
6
6
3
0
-1
-2
1
4
7
7
3
-2
-9
-13
-12
-7
-1
2
1
-3
-8
-12
-10
-6
0
5
4
1
-5
-9
-12
-10
-5
-1
0
-2
-5
-7
-9
-11
-10
-9
-4
0
2
1
-6
-15
-19
-18
-10
-1
7
8
2
-6
-9
-6
5
15
23
20
11
-1
-9
-9
-1
8
16
17
13
8
2
-1
1
5
10
14
12
5
-3
-10
-9
-4
3
7
7
5
1
-4
-9
-11
-6
3
10
11
2
-8
-17
-17
-10
1
7
10
9
5
0
-4
-4
1
9
15
13
7
-2
-9
-11
-10
-3
5
8
4
-7
-16
-20
-17
-4
8
12
8
-2
-11
-14
-9
0
9
12
11
5
0
-2
-2
1
3
7
5
2
-2
-7
-10
-10
-6
-3
-1
-1
-3
-5
-4
-6
-7
-8
-8
-3
0
1
-1
-7
-10
-7
-1
5
4
0
-5
-6
-5
1
5
5
4
-1
-3
-4
0
5
8
7
6
4
5
7
10
12
10
9
9
10
10
7
5
1
2
4
5
5
2
-2
-3
-3
-1
0
-1
-3
-3
-3
-3
-2
-3
-2
-3
-2
-2
0
1
1
0
-1
-3
-6
-3
-2
-1
-3
-5
-5
-6
-7
-9
-9
-10
-6
-3
-3
-4
-8
-11
-11
-5
-1
3
3
2
0
2
4
4
4
3
3
6
6
4
-1
-3
-4
0
3
2
-1
-4
-6
-4
0
3
4
3
0
-1
0
4
7
8
6
1
-3
-4
0
3
6
5
2
-2
-7
-7
-4
1
3
3
-1
-6
-9
-7
-4
-1
1
0
-2
-2
-1
1
4
4
4
0
-2
-3
-3
-4
-2
0
3
4
6
6
4
2
1
5
10
15
16
13
8
0
-3
-3
1
8
11
10
4
-2
-8
-8
-3
3
7
5
-2
-10
-16
-15
-10
-6
-3
-4
-5
-6
-8
-11
-13
-15
-10
-4
0
-3
-9
-19
-23
-21
-11
-1
4
1
-6
-14
-14
-8
0
5
9
4
-1
-4
-3
-1
3
4
5
7
6
3
0
0
2
7
12
13
7
1
-4
-1
6
13
15
11
5
2
5
9
13
13
11
10
11
12
12
9
6
1
3
8
13
19
17
12
4
-2
-2
5
11
15
12
4
-6
-11
-13
-11
-9
-7
-10
-14
-19
-22
-20
-16
-14
-12
-12
-13
-13
-16
-18
-16
-14
-9
-3
-3
-5
-8
-10
-6
-6
-6
-8
-8
-5
-1
-1
-3
-11
-15
-13
-4
5
11
10
5
0
-2
1
8
13
14
9
2
-1
4
11
14
10
-1
-4
1
11
16
14
9
4
1
1
2
7
7
5
3
2
0
-4
-4
-1
5
3
-2
-5
-3
0
-3
-4
-3
1
3
1
2
5
7
7
8
11
11
10
9
10
13
14
8
2
-2
1
6
8
4
-3
-10
-13
-12
-5
0
-1
-7
-16
-21
-20
-14
-8
-8
-11
-15
-15
-13
-9
-4
0
2
-1
-6
-13
-13
-5
4
9
4
-5
-14
-12
-3
4
5
-3
-11
-13
-10
-9
-8
-6
-3
-5
-12
-16
-11
-3
3
3
-1
-6
-7
-3
3
10
16
19
15
3
-5
2
21
35
32
17
3
-3
7
25
36
29
9
-5
-4
10
19
20
15
7
-1
0
6
14
17
16
10
2
-5
-8
-1
9
13
9
-3
-13
-16
-5
7
11
2
-6
-12
-14
-11
-8
-7
-11
-18
-24
-26
-24
-20
-16
-18
-23
-31
-33
-26
-12
-3
1
-5
-15
-24
-25
-14
5
20
17
0
-20
-30
-21
-1
16
17
6
-12
-21
-17
-2
10
13
12
7
2
-9
-16
-5
20
36
29
10
-4
-3
9
20
27
26
20
15
9
8
14
26
35
33
23
11
6
10
18
23
19
12
4
-1
-4
-5
-5
0
2
-4
-13
-19
-14
-4
5
7
1
-9
-12
-5
10
17
11
-1
-8
-5
4
11
10
2
-5
-9
-8
-9
-14
-23
-29
-31
-30
-30
-32
-38
-40
-37
-31
-27
-22
-14
-10
-12
-23
-24
-15
1
11
12
5
-5
-10
-5
10
25
28
20
6
-6
-9
-2
10
22
24
11
-10
-26
-25
-10
5
10
10
9
8
0
-9
-3
18
41
51
44
31
22
24
35
49
52
47
41
34
26
16
6
5
9
8
-1
-13
-19
-20
-26
-32
-32
-26
-18
-20
-23
-24
-18
-7
-1
0
-2
0
12
26
33
26
7
-6
-4
14
32
31
5
-30
-52
-55
-41
-30
-30
-43
-64
-79
-83
-75
-66
-54
-39
-24
-20
-27
-31
-24
-1
24
43
52
52
42
32
29
33
42
48
48
41
29
14
-3
-15
-12
1
14
11
-7
-25
-36
-34
-20
-1
14
16
4
-7
-1
20
41
47
46
50
58
63
61
52
47
50
51
46
37
24
12
0
-13
-31
-47
-51
-34
-12
-10
-39
-79
-97
-79
-36
6
25
14
-21
-52
-52
-17
32
67
73
50
10
-27
-38
-17
20
48
44
8
-39
-70
-72
-47
-17
0
-1
-21
-47
-67
-71
-62
-44
-26
-15
-17
-28
-39
-37
-22
-1
21
39
53
55
46
