1.803417e-0759.665541e-054
5.246448e-134
1.553858e-122
0.000000e+000
1.184652e-100
1.913851e-088
1.580424e-152
0.000000e+000
0.000000e+000
5.246008e-091
0.000000e+000
9.196966e-104
4.551228e-1140.000000e+0000.000000e+0000.000000e+0000.000000e+0002.232643e-0941.107044e-0697.871370e-1290.000000e+0000.000000e+0000.000000e+0000.000000e+0002.155593e-1174.809503e-1390.000000e+0000.000000e+0000.000000e+0000.000000e+0000.000000e+0000.000000e+0000.000000e+0002.276257e-0949.887389e-1300.000000e+0008.138340e-1203.097959e-1070.000000e+0002.075465e-1556.504443e-1317.678140e-0671.770465e-2133.798651e-0501.095637e-0966.624802e-1257.419571e-1046.833690e-1013.415285e-1771.292811e-0981.813110e-2071.804026e-1943.739033e-1612.522508e-1581.491887e-1692.542510e-1693.011011e-0971.298255e-0961.028326e-1216.159420e-1491.052936e-1190.000000e+0000.000000e+0000.000000e+0002.526350e-1101.394227e-1046.560910e-2256.555019e-1061.363640e-0981.363640e-0984.678683e-2111.831702e-1443.779108e-1562.219220e-1081.177342e-0744.987215e-1014.987215e-1012.138989e-1331.410306e-1863.859305e-1982.019944e-1511.621914e-1240.000000e+0002.946036e-1775.024499e-1982.434289e-1088.948778e-1882.009195e-0790.000000e+000