3.445958 1.586639 1.952414 1.801833 1.542095 -0.357967 4.122551 1.263407 0.415189 0.053170 0.069515 0.103553 
3.385958 1.526639 1.892414 1.741833 1.482095 -0.417967 4.062551 1.203407 0.355189 -0.006830 0.009515 0.043553 
4.245313 1.548233 1.153444 -0.115713 1.970856 -0.236119 2.177033 0.935378 0.032297 0.226733 -0.010222 0.068110 
4.185313 1.488233 1.093444 -0.175713 1.910856 -0.296119 2.117033 0.875378 -0.027703 0.166733 -0.070222 0.008110 
3.863263 1.250039 1.656401 2.390743 1.364737 -0.634535 3.309627 2.800109 0.760156 -0.404075 -0.016451 0.124220 
3.803263 1.190039 1.596401 2.330743 1.304737 -0.694535 3.249627 2.740109 0.700156 -0.464075 -0.076451 0.064220 
3.709990 1.539784 1.861342 2.080600 1.138799 -0.123484 2.052128 2.287203 0.580617 -0.342599 0.073232 0.083643 
3.649990 1.479784 1.801342 2.020600 1.078799 -0.183484 1.992128 2.227203 0.520617 -0.402599 0.013232 0.023643 
4.295243 2.535936 1.213774 0.110163 0.566978 0.515226 1.118136 1.359049 1.196571 0.602920 0.263779 0.035596 
4.235243 2.475936 1.153774 0.050163 0.506978 0.455226 1.058136 1.299049 1.136571 0.542920 0.203779 -0.024404 
4.388125 2.340525 1.288503 0.044990 0.242412 -0.178691 0.209787 0.575292 0.882550 0.542006 0.229812 0.040555 
4.328125 2.280525 1.228503 -0.015010 0.182412 -0.238691 0.149787 0.515292 0.822550 0.482006 0.169812 -0.019445 
5.099642 2.311880 0.271223 -0.868979 -0.309175 0.076037 1.463138 1.895893 1.171074 0.125452 0.093976 -0.026442 
5.039642 2.251880 0.211223 -0.928979 -0.369175 0.016037 1.403138 1.835893 1.111074 0.065452 0.033976 -0.086442 
4.560065 1.622548 -0.340847 -0.977097 0.255812 0.706683 1.313784 1.391771 0.245860 -0.420410 -0.137971 -0.053536 
4.500065 1.562548 -0.400847 -1.037097 0.195812 0.646683 1.253784 1.331771 0.185860 -0.480410 -0.197971 -0.113536 
3.635965 2.258900 1.665205 1.047201 1.583901 1.388234 1.629492 1.167351 0.645275 0.165936 0.093306 0.040524 
3.575965 2.198900 1.605205 0.987201 1.523901 1.328234 1.569492 1.107351 0.585275 0.105936 0.033306 -0.019476 
3.947358 1.784472 2.100382 1.416154 1.072682 1.200783 1.740895 -0.181218 -0.170890 0.381756 0.465168 0.110972 
3.887358 1.724472 2.040382 1.356154 1.012682 1.140783 1.680895 -0.241218 -0.230890 0.321756 0.405168 0.050972 
3.302504 2.299556 2.006240 1.323552 1.373018 0.658368 0.574257 0.638417 0.503941 0.226486 0.074310 0.027298 
3.242504 2.239556 1.946240 1.263552 1.313018 0.598368 0.514257 0.578417 0.443941 0.166486 0.014310 -0.032702 
3.478705 2.538175 2.096087 1.495588 1.230828 0.153065 -0.086885 -0.016547 -0.116015 -0.163945 -0.109236 -0.029975 
3.418705 2.478175 2.036087 1.435588 1.170828 0.093065 -0.146885 -0.076547 -0.176015 -0.223945 -0.169236 -0.089975 
1.335257 1.141257 0.953284 0.811647 0.787509 0.618715 0.515668 0.347716 0.127588 0.048063 0.006007 0.008918 
1.275257 1.081257 0.893284 0.751647 0.727509 0.558715 0.455668 0.287716 0.067588 -0.011937 -0.053993 -0.051082 
0.846660 0.797226 0.641862 0.487851 0.255035 0.125943 -0.018682 0.003053 0.053619 0.039072 0.025609 0.015254 
0.786660 0.737226 0.581862 0.427851 0.195035 0.065943 -0.078682 -0.056947 -0.006381 -0.020928 -0.034391 -0.044746 
4.443886 1.942731 1.266322 2.181103 2.284569 -0.924668 -1.020271 -0.427121 0.206602 -0.071788 -0.224613 -0.076186 
4.383886 1.882731 1.206322 2.121103 2.224569 -0.984668 -1.080271 -0.487121 0.146602 -0.131788 -0.284613 -0.136186 
3.926641 2.862025 2.481973 0.928561 1.010936 -0.587171 -0.888347 -0.692035 -0.714715 -0.546497 -0.141138 -0.044011 
3.866641 2.802025 2.421973 0.868561 0.950936 -0.647171 -0.948347 -0.752035 -0.774715 -0.606497 -0.201138 -0.104011 
