0.327221 1.339339 0.000000 0.000000 0.000000 
0.000000 0.075436 1.591124 0.000000 0.000000 
0.000000 0.000000 0.252708 1.413852 0.000000 
0.000000 0.000000 0.000000 0.387834 1.278726 
0.000000 0.000000 0.000000 0.000000 1.666560 
0.000000 0.000000 0.000000 0.000000 0.000000 0.000000 0.000000 0.041664 0.041664 0.000000 0.242605 0.000000 0.000000 0.041664 0.099000 0.000000 0.041664 0.000000 0.000000 0.083328 0.073386 0.083328 0.000000 0.249984 0.055531 0.100955 0.249984 0.000000 0.032016 0.000000 0.083328 0.000000 
0.000000 0.000000 0.000000 0.000000 0.000000 0.000000 0.000000 0.000000 0.041664 0.000000 0.245206 0.083328 0.000000 0.000000 0.055935 0.030851 0.000000 0.000000 0.000000 0.041664 0.153737 0.000000 0.000000 0.222160 0.041664 0.143897 0.271338 0.000000 0.030600 0.000000 0.041664 0.000000 
0.000000 0.000000 0.000000 0.000000 0.000000 0.000000 0.000000 0.000000 0.000000 0.041664 0.237720 0.041664 0.073173 0.000000 0.155970 0.027599 0.041664 0.000000 0.030677 0.000000 0.166634 0.000000 0.041664 0.063329 0.051570 0.229011 0.001728 0.000000 0.124436 0.000000 0.083328 0.000000 
0.000000 0.000000 0.000000 0.000000 0.000000 0.000000 0.000000 0.000000 0.083328 0.000000 0.272971 0.000000 0.083312 0.041664 0.101180 0.041647 0.000000 0.000000 0.041646 0.083328 0.113560 0.000000 0.000000 0.000114 0.291311 0.000224 0.249920 0.000000 0.030549 0.000000 0.000000 0.000000 
0.000000 0.007984 0.021937 0.000000 0.000000 0.000694 0.012023 0.101588 0.093711 0.083253 0.284688 0.086140 0.080682 0.063298 0.121918 0.043284 0.036178 0.001047 0.004549 0.069426 0.066293 0.018319 0.027607 0.031777 0.044309 0.016768 0.135544 0.066937 0.118523 0.016046 0.011170 0.000000 
1.666560 0.000000 0.000000 0.000000 0.000000 