0.215155 1.368077 0.000000 0.000000 0.000000 
0.000000 0.242578 1.340654 0.000000 0.000000 
0.000000 0.000000 1.246794 0.336438 0.000000 
0.000000 0.000000 0.000000 0.294820 1.288412 
0.000000 0.000000 0.000000 0.000000 1.583232 
0.000000 0.000000 0.000000 0.000000 0.000000 0.000000 0.000000 0.000000 0.000000 0.000000 0.000000 0.000000 0.000000 0.000000 0.000000 0.041664 0.000000 0.000000 0.000000 0.041664 0.000000 0.025806 0.106157 0.124620 0.333312 0.438604 0.277307 0.000000 0.041664 0.000000 0.041664 0.000000 
0.000000 0.000000 0.000000 0.000000 0.000000 0.000000 0.000000 0.000000 0.000000 0.000000 0.000000 0.000000 0.000000 0.000000 0.000000 0.041664 0.000000 0.000000 0.000000 0.083328 0.000000 0.022392 0.246390 0.115696 0.323558 0.319573 0.187928 0.000000 0.034055 0.000000 0.000000 0.000000 
0.000000 0.000000 0.000000 0.000000 0.000000 0.000000 0.000000 0.000000 0.000000 0.000000 0.000000 0.000000 0.000000 0.000000 0.000000 0.000000 0.000000 0.000000 0.000000 0.094710 0.021871 0.037302 0.111286 0.231971 0.293905 0.458075 0.266024 0.000000 0.041641 0.000000 0.000000 0.000000 
0.000000 0.000000 0.000000 0.000000 0.000000 0.000000 0.041664 0.000000 0.000000 0.000000 0.000000 0.000000 0.000000 0.000000 0.000000 0.000000 0.000000 0.000000 0.000000 0.047250 0.000064 0.001313 0.102449 0.482701 0.000629 0.468044 0.114039 0.000000 0.031402 0.000000 0.000000 0.000000 
0.000000 0.004910 0.037447 0.000000 0.000000 0.000410 0.001732 0.013018 0.028840 0.013694 0.250167 0.001911 0.004344 0.056148 0.105679 0.012262 0.046337 0.002140 0.008550 0.040178 0.079300 0.073220 0.089750 0.039729 0.131017 0.024130 0.118769 0.081673 0.261962 0.042592 0.011932 0.000000 
1.666560 0.000000 0.000000 0.000000 0.000000 