0.758884 0.241052 0.000000 0.000000 0.000000 
0.000000 0.089874 0.910062 0.000000 0.000000 
0.000000 0.000000 0.075311 0.924625 0.000000 
0.000000 0.000000 0.000000 0.114394 0.885542 
0.000000 0.000000 0.000000 0.000000 0.999936 
0.000000 0.000000 0.000000 0.000000 0.000000 0.000000 0.000000 0.000000 0.000000 0.000000 0.000000 0.000000 0.000000 0.000000 0.000000 0.000000 0.000000 0.000000 0.041664 0.049947 0.095815 0.015103 0.050588 0.208836 0.148687 0.232873 0.155773 0.000000 0.000000 0.000000 0.000000 0.000000 
0.000000 0.000000 0.000000 0.000000 0.000000 0.000000 0.000000 0.000000 0.000000 0.000000 0.000000 0.000000 0.000000 0.000000 0.000000 0.041664 0.000000 0.000000 0.000000 0.000000 0.107281 0.124928 0.000000 0.023018 0.254656 0.102060 0.245638 0.000000 0.000000 0.000000 0.000000 0.000000 
0.000000 0.000000 0.000000 0.000000 0.000000 0.000000 0.000000 0.000000 0.000000 0.000000 0.000000 0.000000 0.000000 0.000000 0.000000 0.000000 0.000000 0.000000 0.000000 0.083328 0.110003 0.000000 0.271133 0.032161 0.070742 0.025721 0.296447 0.000000 0.000000 0.000000 0.000000 0.000000 
0.000000 0.000000 0.000000 0.000000 0.000000 0.000000 0.000000 0.000000 0.000000 0.000000 0.000000 0.000000 0.000000 0.000000 0.000000 0.083328 0.000000 0.000000 0.000000 0.000000 0.071313 0.000064 0.409728 0.044672 0.118626 0.000368 0.240572 0.000000 0.000000 0.000000 0.000000 0.000000 
0.007892 0.017685 0.028009 0.026239 0.035706 0.045458 0.075356 0.000693 0.000886 0.000344 0.016131 0.001013 0.003811 0.018100 0.130672 0.031687 0.016694 0.059486 0.009541 0.024574 0.018452 0.025459 0.058712 0.004674 0.016042 0.008915 0.029614 0.020647 0.064605 0.073510 0.129003 0.000000 
1.041600 0.000000 0.000000 0.000000 0.000000 